0 0.49466667 0.306 0.044 0.024
0 0.4995 0.335 0.04833333 0.039
0 0.425 0.244 0.01066667 0.062
0 0.40116667 0.32275 0.033 0.0365
0 0.29066667 0.072 0.01866667 0.117
0 0.22233333 0.07275 0.046 0.0185
0 0.164 0.062 0.06533333 0.065
0 0.18 0.55525 0.03866667 0.0675
0 0.208 0.9495 0.01866667 0.042
0 0.65083333 0.73525 0.035 0.0145
0 0.65866667 0.76075 0.03066667 0.0065
0 0.5665 0.14625 0.015 0.0745
0 0.491 0.0135 0.09266667 0.027
0 0.66766667 0.326 0.018 0.043
0 0.7485 0.3735 0.02166667 0.043
0 0.91416667 0.86175 0.01166667 0.1335
