0 0.389 0.36325 0.07733333 0.0255
0 0.37833333 0.49075 0.02533333 0.0755
0 0.11216667 0.8815 0.027 0.07
0 0.09166667 0.626 0.016 0.034
0 0.066 0.614 0.01333333 0.039
0 0.25016667 0.06675 0.051 0.0985
0 0.297 0.03425 0.02266667 0.0685
0 0.72183333 0.0345 0.053 0.031
0 0.75283333 0.06325 0.097 0.0405
0 0.69366667 0.29025 0.104 0.0365
0 0.52783333 0.5905 0.06366667 0.008
0 0.77933333 0.79775 0.01533333 0.0375
0 0.7695 0.78575 0.01366667 0.0405
0 0.677 0.41575 0.04066667 0.0395
0 0.645 0.42525 0.02866667 0.0255
