0 0.40616667 0.18925 0.03033333 0.1845
0 0.31316667 0.20475 0.09966667 0.0135
0 0.49833333 0.031 0.01533333 0.062
0 0.40466667 0.36775 0.01533333 0.0485
0 0.24216667 0.492 0.05833333 0.008
0 0.0715 0.455 0.04566667 0.147
0 0.0835 0.3605 0.01433333 0.112
0 0.11766667 0.2735 0.03066667 0.143
0 0.04183333 0.1665 0.055 0.098
0 0.0675 0.70075 0.03766667 0.0595
0 0.05 0.74175 0.00266667 0.0605
0 0.09933333 0.86775 0.08533333 0.0055
0 0.10833333 0.80875 0.01333333 0.0915
0 0.08633333 0.83025 0.01266667 0.0455
0 0.63833333 0.69 0.03133333 0.081
0 0.56116667 0.494 0.07633333 0.004
0 0.6105 0.53025 0.05833333 0.0145
0 0.969 0.3215 0.062 0.055
0 0.9345 0.03975 0.009 0.0795
