0 0.52116667 0.1005 0.025 0.133
0 0.505 0.206 0.01533333 0.128
0 0.41833333 0.25175 0.10133333 0.0685
0 0.42983333 0.18725 0.065 0.0525
0 0.47083333 0.04125 0.009 0.0665
0 0.5415 0.42425 0.039 0.0415
0 0.5815 0.45775 0.041 0.0635
0 0.77183333 0.69075 0.03366667 0.0705
0 0.8785 0.68 0.01233333 0.098
0 0.91816667 0.03025 0.023 0.0585
0 0.7145 0.85675 0.03833333 0.0325
0 0.29333333 0.8475 0.07266667 0.125
0 0.35766667 0.901 0.03066667 0.066
0 0.338 0.8285 0.02466667 0.048
0 0.33866667 0.83825 0.026 0.0675
0 0.01516667 0.57625 0.02233333 0.1905
0 0.043 0.18125 0.074 0.0585
0 0.11116667 0.0215 0.05033333 0.031
0 0.02316667 0.25475 0.04633333 0.0445
