0 0.4425 0.47575 0.04966667 0.0295
0 0.55166667 0.308 0.06266667 0.066
0 0.51 0.325 0.06733333 0.062
0 0.9425 0.2345 0.115 0.035
0 0.90016667 0.18875 0.08633333 0.0215
0 0.52333333 0.0485 0.06733333 0.051
0 0.159 0.5485 0.14733333 0.03
0 0.1635 0.861 0.03966667 0.132
0 0.41866667 0.8565 0.11866667 0.069
0 0.43666667 0.895 0.072 0.027
0 0.37516667 0.91925 0.07633333 0.0215
0 0.4165 0.94 0.04233333 0.042
0 0.5215 0.6455 0.16633333 0.183
0 0.24533333 0.61175 0.05733333 0.0865
0 0.12983333 0.83625 0.08166667 0.2355
0 0.06783333 0.93725 0.01166667 0.0905
0 0.4565 0.32325 0.079 0.0485
0 0.8055 0.4495 0.00633333 0.093
0 0.73666667 0.374 0.05733333 0.034
0 0.983 0.41975 0.01066667 0.1145
0 0.969 0.0345 0.03666667 0.066
0 0.296 0.7865 0.082 0.066
0 0.24083333 0.845 0.09166667 0.084
0 0.81483333 0.938 0.01966667 0.067
0 0.71383333 0.96025 0.03833333 0.0795
0 0.95333333 0.2985 0.08266667 0.001
