0 0.35983333 0.95825 0.05633333 0.0325
0 0.31533333 0.847 0.17266667 0.004
0 0.20216667 0.84225 0.05033333 0.0375
0 0.182 0.83975 0.07466667 0.0645
0 0.048 0.69225 0.09066667 0.1335
0 0.01533333 0.69875 0.03066667 0.0685
0 0.1065 0.548 0.04566667 0.128
0 0.07633333 0.492 0.04466667 0.194
0 0.06966667 0.43075 0.01333333 0.1145
0 0.05166667 0.5175 0.02933333 0.105
0 0.098 0.33425 0.072 0.0245
0 0.22866667 0.362 0.118 0.015
0 0.20216667 0.59575 0.08433333 0.0375
0 0.178 0.60775 0.054 0.0515
0 0.24616667 0.585 0.133 0.035
0 0.34233333 0.6475 0.09733333 0.001
0 0.367 0.5815 0.064 0.012
0 0.49916667 0.62125 0.09966667 0.0535
0 0.54 0.56275 0.088 0.0475
0 0.40983333 0.0355 0.21566667 0.004
0 0.45433333 0.46025 0.168 0.0665
0 0.44066667 0.405 0.22933333 0.085
0 0.5315 0.411 0.161 0.065
0 0.63166667 0.44925 0.04866667 0.1065
0 0.79966667 0.6495 0.10266667 0.059
0 0.81716667 0.237 0.09433333 0.07
0 0.58266667 0.0505 0.116 0.058
0 0.1685 0.7445 0.213 0.004
0 0.14016667 0.70825 0.15433333 0.0095
0 0.24516667 0.6845 0.13833333 0.011
0 0.3885 0.74 0.213 0.027
0 0.42866667 0.7595 0.11666667 0.031
0 0.04083333 0.314 0.04566667 0.016
0 0.5925 0.69675 0.04033333 0.0435
0 0.69233333 0.717 0.064 0.022
0 0.59833333 0.47025 0.11333333 0.0595
