0 0.1015 0.7115 0.03233333 0.105
0 0.05933333 0.9615 0.11866667 0.039
0 0.5665 0.768 0.087 0.035
0 0.7225 0.107 0.07366667 0.039
0 0.654 0.147 0.072 0.038
0 0.6235 0.1805 0.025 0.035
0 0.3145 0.07275 0.03966667 0.0835
0 0.13116667 0.324 0.03566667 0.085
0 0.217 0.2535 0.04933333 0.07
0 0.132 0.618 0.05733333 0.004
0 0.08933333 0.58975 0.05133333 0.0715
0 0.29783333 0.54925 0.15566667 0.0095
0 0.32616667 0.579 0.079 0.004
0 0.79783333 0.3335 0.05233333 0.05
0 0.78716667 0.36725 0.03766667 0.0365
0 0.81716667 0.2985 0.05633333 0.05
0 0.743 0.26625 0.04133333 0.0445
0 7.65000000e-01 9.36000000e-01 6.66666667e-04 8.80000000e-02
0 0.526 0.913 0.06733333 0.093
0 0.95283333 0.11325 0.02633333 0.0995
0 0.76516667 0.039 0.053 0.046
0 0.77766667 0.0635 0.05666667 0.054
0 0.63116667 0.01675 0.035 0.0335
0 0.291 0.08025 0.052 0.0985
0 0.12183333 0.8255 0.02966667 0.05
