0 0.3675 0.525 0.16366667 0.028
0 0.429 0.48575 0.09266667 0.0175
0 0.12666667 0.67975 0.06133333 0.1145
0 0.24583333 0.833 0.04033333 0.054
0 0.25566667 0.88675 0.03133333 0.0485
0 0.1605 0.81725 0.09966667 0.1605
0 0.25566667 0.71775 0.06933333 0.1415
0 0.27883333 0.73925 0.07633333 0.1575
0 0.97033333 0.783 0.05933333 0.086
0 0.5885 0.88075 0.06633333 0.0015
0 0.60116667 0.90825 0.06833333 0.0055
0 0.62183333 0.92925 0.03966667 0.0015
0 0.78933333 0.83025 0.07266667 0.0755
0 0.74083333 0.45125 0.02766667 0.1105
0 0.5565 0.1085 0.04233333 0.098
0 0.70716667 0.04375 0.027 0.0605
