0 0.08883333 0.5905 0.115 0.132
0 0.0835 0.69 0.097 0.102
0 0.25816667 0.56075 0.11233333 0.0995
0 0.27616667 0.498 0.04766667 0.034
0 0.39216667 0.4495 0.07433333 0.02
0 0.56916667 0.34025 0.053 0.0175
0 0.55566667 0.485 0.07466667 0.043
0 0.65266667 0.51625 0.09066667 0.0165
0 0.68566667 0.72625 0.05933333 0.0325
0 0.60916667 0.767 0.045 0.046
0 0.66716667 0.81 0.09233333 0.046
0 0.58583333 0.882 0.099 0.12
0 0.71433333 0.878 0.03933333 0.096
0 0.77 0.9045 0.038 0.186
0 0.81416667 0.8875 0.03233333 0.144
0 0.79916667 0.89625 0.04033333 0.1805
0 0.83283333 0.63325 0.05566667 0.0215
0 0.7385 0.665 0.07366667 0.012
0 0.68633333 0.66725 0.054 0.0215
0 0.57583333 0.1725 0.10433333 0.03
0 0.64233333 0.12925 0.13466667 0.0405
0 0.8365 0.24925 0.13633333 0.0565
0 0.4255 0.03025 0.00433333 0.0605
