0 0.196 0.0825 0.07466667 0.144
0 0.10216667 0.2585 0.03433333 0.062
0 0.03583333 0.35825 0.05966667 0.0805
0 0.01266667 0.32275 0.02533333 0.0575
0 0.02583333 0.96525 0.05166667 0.0245
0 0.41366667 0.51125 0.076 0.0745
0 0.37016667 0.58025 0.017 0.0815
0 0.36816667 0.6575 0.015 0.109
0 0.4095 0.66425 0.001 0.1015
0 0.37266667 0.89025 0.05466667 0.1955
0 0.42116667 0.86225 0.04233333 0.1275
0 0.4495 0.85375 0.03433333 0.1075
0 0.56716667 0.96975 0.023 0.0455
0 0.5995 0.95 0.03566667 0.085
0 0.7025 0.925 0.08366667 0.15
0 0.78183333 0.60675 0.01233333 0.1685
0 0.43016667 0.3305 0.103 0.097
0 0.442 0.27725 0.102 0.1095
0 0.52266667 0.3645 0.02533333 0.059
0 0.809 0.034 0.002 0.068
0 0.92733333 0.443 0.06266667 0.053
0 0.97883333 0.947 0.02033333 0.103
0 0.31366667 0.42875 0.04133333 0.0185
