0 0.36866667 0.42725 0.10333333 0.0865
0 0.3315 0.407 0.05366667 0.049
0 0.29733333 0.22525 0.08066667 0.0135
0 0.29333333 0.19275 0.08 0.0245
0 0.12 0.15625 0.064 0.0055
0 0.17416667 0.0465 0.03233333 0.05
0 0.43583333 0.19475 0.027 0.1335
0 0.37466667 0.63825 0.09533333 0.0015
0 0.87333333 0.62875 0.08266667 0.0525
0 0.92766667 0.5985 0.03866667 0.008
0 0.92533333 0.628 0.06466667 0.024
0 0.94833333 0.64675 0.04733333 0.0055
0 0.91816667 0.618 0.04833333 0.02
0 0.846 0.713 0.116 0.086
0 0.885 0.28975 0.09533333 0.1325
0 0.85983333 0.23375 0.043 0.0555
0 0.7865 0.38275 0.01166667 0.0435
0 0.66383333 0.3645 0.027 0.112
