0 0.35766667 0.30125 0.036 0.0555
0 0.30366667 0.09425 0.04133333 0.0105
0 0.27716667 0.10975 0.02966667 0.0015
0 0.141 0.23525 0.02533333 0.0445
0 0.14383333 0.562 0.03966667 0.081
0 0.13566667 0.64275 0.02666667 0.0375
0 0.16666667 0.6395 0.01866667 0.028
0 0.14866667 0.475 0.06933333 0.117
0 0.37683333 0.34975 0.04033333 0.0685
0 0.70216667 0.0855 0.089 0.012
0 0.64516667 0.53375 0.043 0.2585
0 0.67516667 0.66525 0.035 0.0605
0 0.53183333 0.6995 0.097 0.07
0 0.509 0.779 0.03333333 0.019
0 0.46733333 0.93125 0.00533333 0.1375
0 0.44966667 0.87325 0.00466667 0.1425
0 0.4235 0.88825 0.035 0.2235
0 0.37166667 0.8585 0.00266667 0.062
0 0.28566667 0.9595 0.01066667 0.081
0 0.30583333 0.55125 0.11233333 0.0675
0 0.26866667 0.47775 0.09333333 0.1195
0 0.82516667 0.9455 0.001 0.109
0 0.90666667 0.4455 0.00533333 0.058
0 0.89766667 0.25875 0.01066667 0.1455
