0 0.23483333 0.32725 0.05566667 0.0125
0 0.4975 0.4795 0.05566667 0.111
0 0.504 0.42425 0.05466667 0.0965
0 0.5565 0.594 0.05033333 0.267
0 0.5005 0.3665 0.11833333 0.191
0 0.58233333 0.58275 0.076 0.3015
0 0.7545 0.39175 0.17166667 0.1865
0 0.87133333 0.51525 0.03533333 0.0635
0 0.72983333 0.17875 0.005 0.1575
0 0.689 0.0605 0.004 0.121
0 0.92116667 0.04175 0.01433333 0.0835
0 0.89583333 0.0925 0.03033333 0.109
0 0.5085 0.33125 0.05566667 0.0985
0 0.7055 0.64225 0.003 0.0635
0 0.89783333 0.822 0.03633333 0.074
