0 0.37383333 0.417 0.08633333 0.047
0 0.366 0.502 0.08 0.05
0 0.33683333 0.512 0.115 0.046
0 0.461 0.55775 0.036 0.0135
0 0.17083333 0.63625 0.009 0.0675
0 0.1505 0.78425 0.09766667 0.0245
0 0.13533333 0.75 0.12666667 0.015
0 0.10833333 0.818 0.13733333 0.024
0 0.12083333 0.85975 0.15566667 0.0565
0 0.097 0.90025 0.02533333 0.0355
0 0.23983333 0.8605 0.07566667 0.001
0 0.249 0.8005 0.06466667 0.003
0 0.33333333 0.81125 0.11133333 0.0135
0 0.393 0.8235 0.044 0.027
0 0.46633333 0.529 0.09866667 0.053
0 0.42583333 0.49275 0.03766667 0.0635
0 0.59116667 0.57475 0.185 0.1305
0 0.60016667 0.42375 0.081 0.0985
0 0.6455 0.444 0.053 0.039
0 0.66483333 0.43675 0.05033333 0.0595
0 0.655 0.38675 0.06266667 0.0755
0 0.61216667 0.38075 0.04766667 0.0605
0 0.6055 0.215 0.07366667 0.015
0 0.72233333 0.13025 0.05733333 0.0255
0 0.72733333 0.22175 0.05133333 0.0065
0 0.53733333 0.10925 0.088 0.0105
0 0.51666667 0.07275 0.02866667 0.0535
0 0.46716667 0.0255 0.02166667 0.051
0 0.38266667 0.24875 0.07533333 0.0175
0 0.25116667 0.9595 0.01366667 0.062
0 0.7165 0.9555 0.053 0.089
