0 0.04666667 0.41225 0.07733333 0.0055
0 0.49583333 0.11475 0.17433333 0.0405
0 0.68766667 0.1705 0.05666667 0.023
0 0.55533333 0.4945 0.088 0.024
0 0.574 0.4555 0.04133333 0.005
0 0.5675 0.43525 0.089 0.0325
0 0.73766667 0.798 0.11666667 0.
0 0.97483333 0.8645 0.011 0.214
0 0.9025 0.277 0.04033333 0.061
0 0.76366667 0.045 0.04866667 0.004
0 0.73533333 0.1645 0.05133333 0.016
0 0.69533333 0.12 0.02866667 0.008
0 0.496 0.98725 0.06133333 0.0175
0 0.6685 0.6915 0.03766667 0.011
0 0.16133333 0.51675 0.01333333 0.0335
0 0.11583333 0.535 0.06833333 0.03
