0 0.22316667 0.1705 0.06566667 0.036
0 0.11983333 0.17675 0.07633333 0.0485
0 0.13116667 0.618 0.113 0.125
0 0.0255 0.50825 0.04233333 0.0675
0 0.60833333 0.444 0.04133333 0.093
0 0.55783333 0.3165 0.097 0.132
0 0.59033333 0.2015 0.054 0.066
0 0.549 0.18 0.00333333 0.174
0 0.51616667 0.28825 0.03833333 0.0565
0 0.44116667 0.43 0.10433333 0.175
0 0.36783333 0.5655 0.01166667 0.05
0 0.384 0.49925 0.03333333 0.0525
0 0.44033333 0.4865 0.106 0.21
0 0.82166667 0.82675 0.08333333 0.0205
0 0.889 0.81275 0.04066667 0.1105
0 0.9425 0.89425 0.079 0.2085
0 0.80516667 0.62275 0.01433333 0.1535
0 0.82033333 0.51675 0.00333333 0.1525
0 0.83383333 0.37475 0.00166667 0.1105
0 0.75516667 0.3295 0.03166667 0.093
0 0.02433333 0.84375 0.04866667 0.1615
0 0.10383333 0.956 0.02433333 0.085
0 0.05566667 0.88475 0.07 0.2255
0 0.02733333 0.7265 0.046 0.162
0 0.8895 0.641 0.02166667 0.12
