0 0.54466667 0.383 0.06133333 0.023
0 0.71266667 0.32025 0.00133333 0.2115
0 0.812 0.80375 0.08733333 0.0715
0 0.8 0.79225 0.086 0.0545
0 0.627 0.877 0. 0.
0 0.67616667 0.86375 0.08233333 0.0185
0 0.70916667 0.92 0.04233333 0.004
0 0.5285 0.69525 0.05966667 0.0375
0 0.56283333 0.6645 0.04233333 0.038
0 0.39633333 0.79425 0.03666667 0.0985
0 0.095 0.03225 0.03666667 0.0365
0 0.631 0.39925 0.01066667 0.0595
0 0.58933333 0.40175 0.016 0.0405
0 0.98066667 0.359 0.01066667 0.126
0 0.4755 0.7485 0.08233333 0.082
0 0.52083333 0.7535 0.05766667 0.061
