0 0.33833333 0.096 0.178 0.044
0 0.4515 0.27575 0.15966667 0.0755
0 0.48683333 0.18625 0.05833333 0.0275
0 0.2915 0.329 0.12233333 0.097
0 0.297 0.407 0.188 0.138
0 0.341 0.4115 0.104 0.065
0 0.1005 0.24925 0.10433333 0.0745
0 0.03533333 0.06 0.07066667 0.035
0 0.26216667 0.67425 0.05366667 0.0035
0 0.19683333 0.75375 0.097 0.0045
0 0.13483333 0.72575 0.11033333 0.0275
0 0.16966667 0.84175 0.026 0.0865
0 0.161 0.8645 0.03333333 0.068
0 0.11766667 0.9015 0.06133333 0.024
0 0.12833333 0.91975 0.06666667 0.0275
0 0.396 0.85475 0.004 0.1425
0 0.31366667 0.8985 0.116 0.006
0 0.3065 0.87325 0.12033333 0.0015
0 0.83383333 0.88775 0.04366667 0.0485
