0 0.51483333 0.4655 0.061 0.109
0 0.53783333 0.42925 0.04766667 0.0905
0 0.45283333 0.4285 0.07366667 0.135
0 0.06066667 0.851 0.10533333 0.023
0 0.13433333 0.47375 0.06 0.1685
0 0.37766667 0.2595 0.044 0.193
0 0.54983333 0.948 0.05766667 0.104
0 0.709 0.82675 0.052 0.2005
0 0.7075 0.7425 0.04766667 0.127
0 0.78116667 0.3405 0.051 0.004
0 0.85983333 0.34025 0.047 0.0145
0 0.903 0.188 0.108 0.179
0 0.93266667 0.17525 0.04133333 0.0675
0 0.88266667 0.16575 0.13933333 0.2395
0 0.63033333 0.203 0.05466667 0.058
0 0.38816667 0.85375 0.06833333 0.0225
