0 0.25416667 0.085 0.079 0.038
0 0.32483333 0.083 0.15166667 0.074
0 0.25016667 0.192 0.06366667 0.039
0 0.159 0.9305 0.144 0.109
0 0.08716667 0.8115 0.14366667 0.132
0 0.19583333 0.907 0.04833333 0.054
0 0.47033333 0.839 0.08866667 0.015
0 0.41466667 0.829 0.04933333 0.008
0 0.7785 0.87875 0.02633333 0.1155
0 0.836 0.5485 0.08733333 0.108
0 0.71433333 0.3995 0.07533333 0.182
0 0.753 0.0915 0.02333333 0.078
0 0.935 0.2885 0.062 0.054
0 0.57266667 0.64975 0.08533333 0.0835
0 0.38283333 0.38625 0.09166667 0.0175
0 0.354 0.52275 0.09133333 0.0675
0 0.38216667 0.087 0.053 0.061
0 0.08183333 0.39475 0.025 0.0485
