0 0.23216667 0.8695 0.101 0.003
0 0.28533333 0.937 0.114 0.029
0 0.50916667 0.91975 0.089 0.0275
0 0.57316667 0.8515 0.11633333 0.036
0 0.7995 0.6395 0.06966667 0.176
0 0.80116667 0.69625 0.03433333 0.0865
0 0.81416667 0.703 0.079 0.221
0 0.88133333 0.5015 0.05533333 0.
0 0.91666667 0.38575 0.02533333 0.1135
0 0.852 0.36525 0.02333333 0.1395
0 0.87916667 0.266 0.001 0.171
0 0.78883333 0.08325 0.04033333 0.1425
0 0.595 0.42125 0.08466667 0.0905
0 0.57866667 0.39925 0.06266667 0.0655
0 0.02633333 0.45825 0.004 0.0985
