0 0.48333333 0.58425 0.05733333 0.0845
0 0.39716667 0.63825 0.05566667 0.0175
0 0.483 0.9265 0.05466667 0.055
0 0.51483333 0.9265 0.03566667 0.063
0 0.53366667 0.96025 0.04866667 0.0475
0 0.07233333 0.6865 0.11933333 0.023
0 0.20516667 0.62325 0.071 0.0255
0 0.234 0.6415 0.09066667 0.032
0 0.13616667 0.52425 0.175 0.0245
0 0.05833333 0.5195 0.11666667 0.015
0 0.52216667 0.32625 0.009 0.1535
0 0.47216667 0.12625 0.00433333 0.1415
0 0.55616667 0.09025 0.01966667 0.1215
0 0.66083333 0.1475 0.04033333 0.187
0 0.6515 0.12875 0.045 0.2085
0 0.69933333 0.1255 0.026 0.14
0 0.711 0.13875 0.044 0.1755
0 0.82483333 0.1065 0.17633333 0.213
0 0.91733333 0.1805 0.016 0.062
0 0.93716667 0.20875 0.03233333 0.0675
0 0.80783333 0.485 0.02166667 0.151
0 0.78833333 0.41525 0.02066667 0.1535
0 0.84633333 0.32075 0.00333333 0.0865
0 0.667 0.60975 0.08 0.0685
0 0.6845 0.661 0.115 0.128
0 0.78983333 0.76425 0.08633333 0.1025
0 0.42683333 0.4595 0.17433333 0.17
0 0.412 0.37925 0.12666667 0.1065
0 0.39483333 0.388 0.071 0.078
0 0.55933333 0.31875 0.01 0.1445
0 0.48433333 0.33975 0.00533333 0.0755
0 0.53133333 0.39825 0.01533333 0.0445
0 0.95283333 0.795 0.04433333 0.089
0 0.96633333 0.79925 0.06733333 0.1105
