0 0.47483333 0.841 0.105 0.005
0 0.65266667 0.89275 0.06933333 0.0095
0 0.61666667 0.93475 0.08 0.0095
0 0.69266667 0.67375 0.106 0.0835
0 8.51333333e-01 4.25750000e-01 6.66666667e-04 5.95000000e-02
0 0.8315 0.45025 0.00433333 0.0675
0 0.77133333 0.11 0.114 0.039
0 0.1375 0.364 0.03233333 0.054
0 0.05216667 0.37075 0.04833333 0.1295
0 0.3405 0.76 0.08966667 0.024
0 0.646 0.86125 0.108 0.0295
0 0.96183333 0.8685 0.07633333 0.144
0 0.92633333 0.62725 0.072 0.0715
0 0.90383333 0.64225 0.045 0.0475
0 0.89716667 0.696 0.04566667 0.039
0 0.97983333 0.6995 0.04033333 0.005
0 0.89166667 0.76075 0.21666667 0.0205
0 0.97666667 0.79525 0.04666667 0.0245
0 0.7825 0.99275 0.08633333 0.0015
