0 0.5715 0.89475 0.099 0.0405
0 0.56283333 0.87325 0.069 0.0165
0 0.39083333 0.942 0.09366667 0.116
0 0.67883333 0.8485 0.089 0.007
0 0.75833333 0.9635 0.06666667 0.008
0 0.82966667 0.9765 0.05666667 0.031
0 0.95766667 0.626 0.036 0.023
0 0.96366667 0.4705 0.07266667 0.089
0 0.88133333 0.4705 0.09533333 0.353
0 0.85483333 0.587 0.04566667 0.139
0 0.792 0.3625 0.02266667 0.067
0 0.6095 0.2385 0.001 0.17
0 0.3815 0.66575 0.001 0.0675
0 0.53683333 0.94525 0.09766667 0.0875
0 0.49066667 0.936 0.052 0.055
0 0.9215 0.84825 0.053 0.0285
0 0.96266667 0.06675 0.07466667 0.0475
0 0.543 0.054 0.044 0.008
0 0.31266667 0.9635 0.052 0.07
