0 0.5185 0.40025 0.099 0.1835
0 0.42266667 0.2785 0.044 0.085
0 0.69533333 0.407 0.02333333 0.038
0 0.75833333 0.3795 0.086 0.136
0 0.87733333 0.1765 0.05133333 0.051
0 0.93216667 0.1995 0.13566667 0.132
0 0.74483333 0.02075 0.07366667 0.0335
0 0.77266667 0.3135 0.09866667 0.12
0 0.716 0.357 0.034 0.043
0 0.14783333 0.333 0.02966667 0.124
0 0.07333333 0.225 0.062 0.1
0 0.062 0.26625 0.02 0.0365
0 0.02166667 0.27575 0.03066667 0.0715
0 0.00716667 0.29025 0.01433333 0.0525
0 0.09133333 0.69675 0.02066667 0.0865
0 0.4205 0.4015 0.01766667 0.027
0 0.36783333 0.55325 0.02966667 0.0955
0 0.34316667 0.56675 0.01433333 0.1015
0 0.3755 0.70025 0.03966667 0.2465
0 0.41866667 0.773 0.02333333 0.152
0 0.301 0.42925 0.02133333 0.0825
0 0.35216667 0.364 0.027 0.256
