0 0.1945 0.037 0.07566667 0.068
0 0.32116667 0.278 0.01033333 0.165
0 0.5035 0.234 0.04566667 0.156
0 0.41366667 0.45975 0.04333333 0.1015
0 0.3455 0.7765 0.02033333 0.123
0 0.1495 0.89475 0.01633333 0.1835
0 0.6485 0.453 0.03233333 0.164
0 0.60966667 0.487 0.03133333 0.141
0 0.75516667 0.5485 0.001 0.194
0 0.7515 0.206 0.01033333 0.109
0 0.6075 0.21525 0.06566667 0.2455
0 0.56416667 0.15825 0.027 0.1195
0 0.938 0.315 0.104 0.1
0 0.896 0.65075 0.05266667 0.0685
0 0.85366667 0.90225 0.06066667 0.1375
0 0.11766667 0.23725 0.18866667 0.1895
0 0.199 0.08875 0.09666667 0.0775
