0 0.60366667 0.86925 0.06466667 0.0325
0 0.716 0.69425 0.088 0.1295
0 0.738 0.59975 0.05466667 0.0785
0 0.72016667 0.45425 0.01366667 0.1535
0 0.60283333 0.556 0.05233333 0.004
0 0.56783333 0.52675 0.04833333 0.0135
0 0.84466667 0.853 0.142 0.019
0 0.73 0.88525 0.03533333 0.0055
0 0.7025 0.911 0.09166667 0.024
0 0.70033333 0.977 0.07266667 0.043
0 0.6145 0.907 0.03433333 0.035
0 0.77716667 0.1355 0.00166667 0.117
0 0.8935 0.75325 0.06366667 0.0325
0 0.85533333 0.1915 0.068 0.14
0 0.85933333 0.15425 0.04933333 0.0715
0 0.90466667 0.2865 0.036 0.112
0 0.654 0.11775 0.00733333 0.1145
0 0.66133333 0.029 0.052 0.058
0 0.5745 0.091 0.053 0.061
0 0.58 0.04525 0.08533333 0.0905
0 0.50366667 0.13275 0.05666667 0.0285
0 0.39583333 0.2115 0.08166667 0.078
0 0.36033333 0.1995 0.16733333 0.129
0 0.31533333 0.2 0.11866667 0.085
0 0.15583333 0.35575 0.069 0.0215
0 0.17333333 0.44275 0.054 0.0205
0 0.1235 0.45975 0.05833333 0.0135
0 0.11583333 0.40975 0.061 0.0135
0 0.20583333 0.48375 0.045 0.0135
0 0.22683333 0.46825 0.05833333 0.0065
0 0.30683333 0.40225 0.06566667 0.0285
0 0.34683333 0.44 0.05233333 0.071
0 0.293 0.70025 0.11133333 0.0015
0 0.27766667 0.7425 0.11666667 0.019
0 0.11733333 0.8135 0.05133333 0.058
0 0.05433333 0.53775 0.10666667 0.0435
0 0.02516667 0.18075 0.05033333 0.0215
0 0.08083333 0.136 0.025 0.054
0 0.4415 0.05775 0.00633333 0.0835
0 0.39216667 0.424 0.01366667 0.163
