0 0.35133333 0.356 0.14533333 0.035
0 0.10016667 0.3665 0.02633333 0.062
0 0.146 0.15175 0.03666667 0.1225
0 0.05483333 0.5 0.00166667 0.178
0 0.02566667 0.38075 0.05133333 0.0765
0 0.12083333 0.839 0.00633333 0.225
0 0.23 0.71075 0.11866667 0.0635
0 0.30316667 0.78625 0.019 0.0365
0 0.38633333 0.69325 0.06133333 0.1415
0 0.38183333 0.829 0.131 0.221
0 0.46683333 0.798 0.07633333 0.124
0 0.44383333 0.91925 0.081 0.1375
0 0.7605 0.75675 0.04766667 0.0045
0 0.94916667 0.5005 0.10166667 0.136
0 0.63383333 0.49075 0.23833333 0.0565
0 0.54483333 0.3545 0.06366667 0.03
0 0.49866667 0.33825 0.068 0.0245
0 0.40116667 0.1685 0.04433333 0.054
0 0.48333333 0.05575 0.034 0.0875
0 0.328 0.20625 0.016 0.1025
0 0.311 0.475 0.036 0.125
0 0.15816667 0.8915 0.03033333 0.074
0 0.98016667 0.033 0.03966667 0.066
