0 0.07666667 0.04625 0.06066667 0.0925
0 0.10316667 0.05375 0.099 0.1075
0 0.06316667 0.31575 0.08566667 0.0865
0 0.3125 0.13725 0.06966667 0.0225
0 0.42933333 0.1765 0.12133333 0.059
0 0.1555 0.43025 0.14966667 0.0455
0 0.16916667 0.50675 0.12033333 0.0225
0 0.25966667 0.45075 0.05266667 0.0225
0 0.37933333 0.49175 0.02933333 0.1075
0 0.50516667 0.384 0.03833333 0.162
0 0.46966667 0.59325 0.016 0.0775
0 0.51466667 0.53175 0.00533333 0.0845
0 0.22183333 0.32875 0.06766667 0.0395
0 0.2095 0.31 0.05566667 0.032
0 0.22383333 0.2735 0.07366667 0.038
0 0.58233333 0.19325 0.04533333 0.0805
0 0.61 0.04025 0.05466667 0.0805
0 0.67983333 0.5295 0.02633333 0.177
0 0.19583333 0.593 0.03233333 0.141
0 0.21466667 0.69775 0.03133333 0.1435
0 0.17216667 0.7695 0.015 0.097
0 0.755 0.837 0.05333333 0.129
0 0.936 0.171 0.102 0.094
0 0.53333333 0.6985 0.014 0.17
0 0.38283333 0.25625 0.06433333 0.0455
0 0.46566667 0.23425 0.04466667 0.0045
