0 0.22266667 0.269 0.114 0.05
0 0.4885 0.17425 0.12633333 0.1035
0 0.53116667 0.2925 0.099 0.067
0 0.42266667 0.27575 0.03533333 0.1125
0 0.49333333 0.49825 0.03933333 0.0485
0 0.49333333 0.53475 0.03333333 0.0575
0 0.453 0.7385 0.01133333 0.138
0 0.6 0.72125 0.10933333 0.0665
0 0.598 0.88325 0.05066667 0.0395
0 0.73383333 0.37425 0.06766667 0.1065
0 0.77533333 0.0985 0.15466667 0.064
0 0.6535 0.1705 0.05033333 0.023
0 0.70466667 0.20075 0.03533333 0.0465
0 0.5475 0.088 0.079 0.082
0 0.65866667 0.96125 0. 0.0775
0 0.08533333 0.231 0.06133333 0.047
