0 0.04183333 0.91675 0.07766667 0.0335
0 0.13016667 0.725 0.03833333 0.083
0 0.062 0.70825 0.102 0.1285
0 0.01966667 0.70375 0.03933333 0.0655
0 0.049 0.684 0.096 0.15
0 0.12416667 0.6015 0.04633333 0.036
0 0.17333333 0.53875 0.02933333 0.0225
0 0.11516667 0.5795 0.05833333 0.023
0 0.07183333 0.619 0.04033333 0.062
0 0.0595 0.60775 0.02233333 0.0395
0 0.0925 0.566 0.015 0.023
0 0.242 0.79325 0.03133333 0.0345
0 0.258 0.81675 0.04133333 0.0425
0 0.32316667 0.7445 0.04233333 0.047
0 0.3605 0.68925 0.04433333 0.0425
0 0.649 0.43625 0.098 0.1335
0 0.61766667 0.36575 0.09 0.1075
0 0.60516667 0.247 0.091 0.018
0 0.62983333 0.2165 0.11633333 0.003
0 0.55616667 0.19925 0.07366667 0.0015
0 0.78483333 0.18125 0.02833333 0.0895
0 0.91316667 0.19925 0.091 0.1345
0 0.82933333 0.375 0.06866667 0.105
0 0.92366667 0.321 0.15266667 0.103
0 0.9015 0.36675 0.11833333 0.0695
0 0.9 0.394 0.09666667 0.07
0 0.36916667 0.35225 0.027 0.1075
0 0.0385 0.7675 0.04233333 0.083
0 0.049 0.8045 0.03333333 0.1
0 0.051 0.83775 0.00933333 0.0395
