0 0.8015 0.86925 0.045 0.2265
0 0.85933333 0.75825 0.098 0.0795
0 0.73583333 0.3395 0.08833333 0.046
0 0.64416667 0.308 0.113 0.047
0 0.775 0.2485 0.044 0.066
0 0.81083333 0.155 0.04966667 0.097
0 0.756 0.8775 0.026 0.24
0 0.56883333 0.52275 0.027 0.0675
0 0.55583333 0.48675 0.02433333 0.0485
0 0.65266667 0.039 0.06933333 0.078
0 0.64383333 0.08625 0.02433333 0.0405
0 0.41833333 0.11175 0.18066667 0.0865
0 0.44566667 0.15975 0.104 0.0445
0 0.50133333 0.11875 0.086 0.0405
0 0.42466667 0.066 0.062 0.073
0 0.09016667 0.31 0.04766667 0.059
0 0.0715 0.5115 0.02433333 0.098
0 0.22383333 0.58375 0.079 0.0215
0 0.30066667 0.44625 0.08 0.0325
0 0.491 0.94425 0.026 0.1065
0 0.483 0.95025 0.026 0.0995
0 0.513 0.93125 0.02866667 0.1215
0 0.53283333 0.8045 0.00366667 0.089
0 0.97083333 0.785 0.05833333 0.034
0 0.5225 0.06325 0.08366667 0.0945
