0 0.26566667 0.022 0. 0.044
0 0.18583333 0.23775 0.02033333 0.0575
0 0.2055 0.44025 0.05366667 0.0805
0 0.07666667 0.65775 0.06666667 0.0395
0 0.17083333 0.67125 0.03433333 0.0545
0 0.26166667 0.8855 0.05666667 0.038
0 0.0445 0.871 0.089 0.
0 0.32733333 0.572 0.06066667 0.092
0 0.295 0.45375 0.05666667 0.0345
0 0.52916667 0.17725 0.02833333 0.0245
0 0.5985 0.27725 0.06566667 0.0455
0 0.68433333 0.28025 0.076 0.0275
0 0.81866667 0.2455 0.082 0.073
0 0.91866667 0.191 0.00533333 0.215
0 0.87416667 0.306 0.007 0.073
0 0.892 0.37275 0.06666667 0.0275
0 0.91 0.74625 0.06866667 0.0105
0 0.92766667 0.84325 0.106 0.0685
0 0.61116667 0.809 0.01633333 0.103
0 0.62166667 0.9205 0.01733333 0.089
0 0.52583333 0.691 0.04966667 0.03
0 0.56716667 0.581 0.04566667 0.017
0 0.5995 0.5175 0.011 0.053
0 0.77683333 0.87175 0.02033333 0.1045
0 0.35866667 0.909 0.13933333 0.094
0 0.35266667 0.93925 0.06666667 0.0335
0 0.16916667 0.91225 0.12433333 0.0545
0 0.14533333 0.89475 0.06466667 0.0655
0 0.33883333 0.591 0.07366667 0.103
