0 0.649 0.07 0.03066667 0.14
0 0.58966667 0.10225 0.07733333 0.0495
0 0.53766667 0.056 0.08066667 0.033
0 0.5645 0.077 0.03366667 0.057
0 0.13716667 0.123 0.15766667 0.147
0 0.2105 0.03125 0.065 0.0565
0 0.32516667 0.36925 0.097 0.0645
0 0.25333333 0.46575 0.08533333 0.0875
0 0.24733333 0.775 0.12 0.02
0 0.75366667 0.56375 0.11266667 0.0265
0 0.62316667 0.69975 0.06633333 0.0765
0 0.81 0.73875 0.094 0.0825
0 0.8215 0.78225 0.04966667 0.0545
0 0.9755 0.3425 0.02766667 0.141
0 0.952 0.40425 0.00466667 0.1055
0 0.96316667 0.33425 0.03233333 0.0885
0 0.58383333 0.16625 0.04966667 0.0445
0 0.42033333 0.096 0.09466667 0.007
0 0.37 0.02375 0.09333333 0.0315
0 0.2665 0.0575 0.13033333 0.006
