0 0.13983333 0.54775 0.02433333 0.0875
0 0.2165 0.66925 0.027 0.0335
0 0.16083333 0.723 0.029 0.05
0 0.09016667 0.5155 0.017 0.042
0 0.01933333 0.49675 0.01866667 0.0635
0 0.2205 0.549 0.11233333 0.155
0 0.425 0.263 0.072 0.07
0 0.39716667 0.24125 0.03966667 0.0355
0 0.35816667 0.2595 0.04766667 0.007
0 0.3595 0.321 0.063 0.
0 0.40966667 0.31075 0.02866667 0.0285
0 0.549 0.126 0.02333333 0.063
0 0.5395 0.09775 0.04566667 0.0335
0 0.69816667 0.20875 0.03433333 0.0835
0 0.9255 0.85125 0.07366667 0.0365
0 0.89716667 0.95825 0.017 0.0455
0 0.8495 0.8065 0.07833333 0.023
0 0.70266667 0.762 0.088 0.077
0 0.62116667 0.70075 0.04766667 0.0595
0 0.48466667 0.64425 0.04933333 0.0755
0 0.29516667 0.96625 0.019 0.0675
0 0.04583333 0.98175 0.09166667 0.0095
0 0.06383333 0.9265 0.045 0.036
0 0.09033333 0.77 0.062 0.031
0 0.87783333 0.554 0.03566667 0.065
0 0.468 0.31875 0.052 0.0335
0 0.26783333 0.76275 0.045 0.0105
0 0.2705 0.6575 0.043 0.054
0 0.14566667 0.48525 0.02866667 0.0055
