0 0.28933333 0.57675 0.00533333 0.1025
0 0.22333333 0.636 0.062 0.116
0 0.3105 0.773 0.07833333 0.174
0 0.337 0.7885 0.05933333 0.116
0 0.35133333 0.7465 0.05733333 0.135
0 0.32033333 0.496 0.01533333 0.067
0 0.17566667 0.4985 0.05133333 0.124
0 0.33333333 0.204 0.06666667 0.058
0 0.20183333 0.1295 0.04766667 0.073
0 0.20316667 0.9185 0.07366667 0.093
0 0.26966667 0.97975 0.088 0.0405
0 0.58483333 0.89625 0.05033333 0.2045
0 0.82033333 0.56125 0.11133333 0.0335
0 0.731 0.58275 0.12133333 0.0445
0 0.67516667 0.22775 0.11033333 0.0355
0 0.69133333 0.21275 0.10333333 0.0485
0 0.91683333 0.71225 0.07633333 0.0125
0 0.64866667 0.58825 0.086 0.0065
