0 0.11916667 0.28875 0.073 0.0985
0 0.098 0.24025 0.07066667 0.0955
0 0.17333333 0.19325 0.04333333 0.0345
0 0.2065 0.2765 0.07566667 0.056
0 0.25816667 0.2765 0.12233333 0.086
0 0.39533333 0.25475 0.03333333 0.0575
0 0.41016667 0.22125 0.04233333 0.0515
0 0.356 0.294 0.05333333 0.1
0 0.26516667 0.40825 0.06366667 0.0685
0 0.2085 0.51275 0.08166667 0.0985
0 0.2 0.56525 0.13333333 0.1575
0 0.161 0.51675 0.094 0.1335
0 0.06866667 0.61825 0.09266667 0.1215
0 0.3555 0.4235 0.03633333 0.08
0 0.41316667 0.412 0.02833333 0.103
0 0.404 0.5015 0.006 0.094
0 0.5515 0.6675 0.101 0.017
0 0.43883333 0.8085 0.017 0.062
0 0.02766667 0.022 0.02733333 0.044
0 0.77216667 0.1265 0.007 0.092
0 0.78733333 0.12275 0.01133333 0.0755
0 0.51616667 0.55 0.13566667 0.052
0 0.56216667 0.5425 0.05966667 0.033
0 0.97366667 0.9325 0.05266667 0.035
