0 0.46716667 0.244 0.011 0.089
0 0.439 0.23925 0.03333333 0.0365
0 0.43 0.22175 0.02066667 0.0145
0 0.43883333 0.1975 0.02433333 0.004
0 0.29283333 0.0365 0.063 0.07
0 0.103 0.473 0.09066667 0.016
0 0.18733333 0.96825 0.07466667 0.0635
0 0.2385 0.90825 0.053 0.0515
0 0.3585 0.707 0.099 0.112
0 0.57 0.82275 0.03133333 0.1335
0 0.554 0.94675 0.00266667 0.0875
0 0.645 0.9435 0.01266667 0.113
0 0.88683333 0.9555 0.043 0.089
0 0.60416667 0.20625 0.00966667 0.1485
0 0.73283333 0.14875 0.04766667 0.0175
0 0.89666667 0.2715 0.054 0.028
0 0.704 0.09025 0.05666667 0.0455
0 0.22916667 0.02775 0.00366667 0.0555
0 0.496 0.69275 0.02533333 0.1505
