0 0.59066667 0.26175 0.106 0.0745
0 0.695 0.1515 0.07333333 0.049
0 0.82216667 0.0935 0.185 0.004
0 0.81283333 0.20725 0.137 0.0525
0 0.83316667 0.41875 0.14166667 0.0945
0 0.91033333 0.582 0.11466667 0.024
0 0.88583333 0.78375 0.02966667 0.1135
0 0.9295 0.77625 0.02166667 0.0785
0 0.7605 0.739 0.04166667 0.052
0 0.60866667 0.826 0.094 0.027
0 0.94466667 0.86225 0.084 0.0335
0 0.73333333 0.94575 0.09066667 0.0435
0 0.31583333 0.54725 0.15766667 0.2005
0 0.4035 0.3705 0.05233333 0.03
0 0.08116667 0.0175 0.01366667 0.035
0 0.20366667 0.672 0.10666667 0.18
0 0.15883333 0.5515 0.04633333 0.129
0 0.1205 0.956 0.23166667 0.003
0 0.57416667 0.19375 0.10833333 0.0455
0 0.68066667 0.1005 0.09133333 0.02
0 0.98483333 0.08225 0.03033333 0.0655
0 0.71066667 0.032 0.11533333 0.004
0 0.40366667 0.524 0.03666667 0.069
0 0.3665 0.70625 0.07233333 0.0755
