0 0.30183333 0.2695 0.027 0.127
0 0.25166667 0.277 0.036 0.15
0 0.27183333 0.4325 0.01366667 0.143
0 0.106 0.40975 0.02133333 0.0915
0 0.01616667 0.39775 0.03233333 0.0135
0 0.5015 0.25875 0.009 0.0865
0 0.71966667 0.60375 0.05733333 0.0405
0 0.56066667 0.62125 0.05933333 0.0245
0 0.486 0.65225 0.036 0.0455
0 0.55933333 0.863 0.06533333 0.039
0 0.16533333 0.74475 0.00533333 0.0635
0 0.4745 0.093 0.00366667 0.049
0 0.46133333 0.07475 0.00466667 0.0555
0 0.73266667 0.21975 0.09066667 0.0405
0 0.65283333 0.2925 0.05833333 0.024
0 0.62816667 0.27175 0.03233333 0.0255
0 0.58166667 0.306 0.05133333 0.008
0 0.67066667 0.1205 0.00266667 0.101
0 0.687 0.0815 0.00266667 0.163
0 0.47633333 0.44125 0.05933333 0.0555
0 0.20483333 0.2735 0.027 0.073
0 0.27233333 0.04925 0.01266667 0.0445
