0 0.43066667 0.73525 0.02066667 0.0985
0 0.30866667 0.677 0.064 0.093
0 0.17966667 0.79775 0.08466667 0.0595
0 0.20083333 0.837 0.123 0.097
0 0.076 0.95275 0.096 0.0375
0 0.03766667 0.6495 0.07533333 0.027
0 0.08183333 0.65025 0.063 0.0525
0 0.52483333 0.07 0.05566667 0.054
0 0.82266667 0.60625 0.05666667 0.1105
0 0.82916667 0.41025 0.07366667 0.0875
0 0.74883333 0.90175 0.019 0.0645
0 0.7115 0.911 0.02166667 0.073
0 0.7215 0.8605 0.00366667 0.069
0 0.68016667 0.927 0.05233333 0.124
0 0.68683333 0.9535 0.04566667 0.053
0 0.673 0.86325 0.02133333 0.0525
0 0.67216667 0.90825 0.05033333 0.1105
0 0.79516667 0.9455 0.047 0.101
