0 0.21166667 0.07075 0.00466667 0.1335
0 0.1895 0.0675 0.01966667 0.124
0 0.20433333 0.215 0.01333333 0.101
0 0.21516667 0.21275 0.00433333 0.1025
0 0.13916667 0.118 0.097 0.015
0 0.10516667 0.27425 0.13633333 0.1145
0 0.19916667 0.38475 0.053 0.0415
0 0.36333333 0.2015 0.03866667 0.115
0 0.44833333 0.07825 0.08266667 0.1565
0 0.44933333 0.0485 0.054 0.089
0 0.42233333 0.035 0.04133333 0.07
0 0.39133333 0.2595 0.03666667 0.063
0 0.22066667 0.514 0.05133333 0.236
0 0.15683333 0.51675 0.03166667 0.1445
0 0.08216667 0.50525 0.08166667 0.1185
0 0.16933333 0.9075 0.114 0.066
0 0.48466667 0.69275 0.03133333 0.1695
0 0.44483333 0.64975 0.05566667 0.1265
0 0.65633333 0.3005 0.05866667 0.008
0 0.65233333 0.281 0.06266667 0.001
0 0.55883333 0.08875 0.07166667 0.0405
0 0.55266667 0.07675 0.052 0.0245
0 0.99016667 0.2075 0.01966667 0.116
0 0.8365 0.23375 0.07366667 0.0205
0 0.89983333 0.86125 0.175 0.2775
0 0.97616667 0.8355 0.04766667 0.051
0 0.47833333 0.682 0.03866667 0.132
0 0.65766667 0.9205 0.02866667 0.065
0 0.65783333 0.8935 0.03233333 0.065
0 0.65633333 0.96225 0.02066667 0.0565
0 0.6245 0.98125 0.027 0.0375
0 0.71516667 0.9515 0.03566667 0.084
0 0.35683333 0.783 0.027 0.143
0 0.39666667 0.8975 0.03533333 0.205
0 0.3685 0.67125 0.009 0.1025
0 0.3635 0.5715 0.001 0.07
0 0.26283333 0.28975 0.04566667 0.0055
0 0.25516667 0.0645 0.01633333 0.097
0 0.257 0.15825 0.00533333 0.1175
0 0.09083333 0.1065 0.061 0.016
0 0.03633333 0.1475 0.044 0.063
0 0.146 0.9805 0.00266667 0.039
0 0.89616667 0.16575 0.00633333 0.0995
0 0.917 0.32075 0.026 0.0725
0 0.89483333 0.27975 0.03433333 0.0415
0 0.934 0.34625 0.00466667 0.0645
