0 0.18733333 0.67575 0.024 0.0955
0 0.275 0.616 0.01266667 0.078
0 0.16033333 0.60175 0.00066667 0.1175
0 0.17333333 0.5635 0.00533333 0.089
0 0.21283333 0.85725 0.08633333 0.2855
0 0.16716667 0.8935 0.07166667 0.059
0 0.10283333 0.85775 0.09966667 0.0285
0 0.04483333 0.824 0.08633333 0.02
0 0.14116667 0.9245 0.12566667 0.035
0 0.11233333 0.94875 0.16533333 0.0325
0 0.44066667 0.9185 0.00266667 0.139
0 0.39116667 0.75275 0.01166667 0.1525
0 0.49866667 0.919 0.01466667 0.078
0 0.735 0.263 0.01266667 0.097
0 0.77 0.2425 0.036 0.054
0 0.48966667 0.4975 0.018 0.062
0 0.15316667 0.176 0.05833333 0.012
