0 0.0435 0.29625 0.087 0.0625
0 0.1145 0.284 0.06366667 0.05
0 0.192 0.2915 0.06466667 0.035
0 0.1425 0.54775 0.04833333 0.1375
0 0.11866667 0.62125 0.104 0.2305
0 0.02133333 0.81825 0.002 0.1785
0 0.09333333 0.882 0.02533333 0.194
0 0.239 0.82025 0.092 0.1045
0 0.27933333 0.6295 0.03333333 0.071
0 0.67266667 0.35075 0. 0.0745
0 0.65766667 0.4395 0.004 0.073
0 0.6505 0.26825 0.00833333 0.1395
0 0.6535 0.713 0.083 0.047
0 0.68083333 0.59925 0.079 0.0565
0 0.81066667 0.7105 0.106 0.006
0 0.81666667 0.828 0.102 0.029
0 0.77883333 0.8765 0.103 0.035
0 0.96466667 0.78025 0.004 0.1305
0 0.855 0.25225 0.08 0.3225
0 0.91866667 0.16725 0.076 0.3105
0 0.943 0.31275 0.03333333 0.0075
0 0.91166667 0.3425 0.03333333 0.
0 0.97683333 0.441 0.01433333 0.106
