0 0.783 0.80125 0.04733333 0.0475
0 0.844 0.86375 0.098 0.0565
0 0.72233333 0.91825 0.06466667 0.0795
0 0.649 0.863 0.08 0.004
0 0.81183333 0.554 0.035 0.008
0 0.778 0.49725 0.09333333 0.0455
0 0.7385 0.446 0.10433333 0.024
0 0.96 0.628 0.06 0.003
0 0.34233333 0.2385 0.04333333 0.051
0 0.17116667 0.2285 0.02633333 0.074
0 0.18733333 0.0365 0.02266667 0.073
0 0.16616667 0.68875 0.00366667 0.0515
0 0.22916667 0.74325 0.00166667 0.0635
0 0.244 0.70475 0.046 0.0565
0 0.53733333 0.779 0.02866667 0.008
0 0.54283333 0.80175 0.03233333 0.0025
0 0.55433333 0.48925 0.038 0.0135
0 0.548 0.467 0.06466667 0.012
