0 0.8105 0.8835 0.205 0.155
0 0.76016667 0.71975 0.05566667 0.1185
0 0.682 0.5335 0.04866667 0.008
0 0.802 0.306 0.14466667 0.051
0 0.9515 0.5565 0.097 0.054
0 0.79216667 0.42175 0.09433333 0.0995
0 0.934 0.583 0.07466667 0.058
0 0.827 0.41525 0.078 0.0835
0 0.82433333 0.43125 0.04933333 0.0485
0 0.89883333 0.12075 0.13033333 0.0255
0 0.97166667 0.05275 0.05666667 0.0135
0 0.964 0.02375 0.072 0.0095
0 0.43166667 0.66925 0.12866667 0.0175
0 0.97933333 0.54975 0.04133333 0.0025
0 0.951 0.53775 0.042 0.0375
