0 0.73633333 0.40275 0.08466667 0.0465
0 0.797 0.60925 0.10266667 0.0685
0 0.85616667 0.541 0.05166667 0.112
0 0.8795 0.84875 0.09033333 0.1205
0 0.58283333 0.8305 0.025 0.117
0 0.65133333 0.51275 0.11866667 0.0955
0 0.65566667 0.48025 0.06466667 0.0505
0 0.62183333 0.47975 0.07566667 0.0715
0 0.6295 0.56025 0.06433333 0.0495
0 0.70633333 0.61575 0.08133333 0.0755
0 0.15133333 0.33575 0.01533333 0.1455
0 0.17416667 0.3205 0.025 0.162
0 0.12516667 0.2905 0.01166667 0.148
0 0.08733333 0.3205 0.01733333 0.132
0 0.1185 0.38375 0.02633333 0.0865
0 0.12983333 0.469 0.03833333 0.115
0 0.05033333 0.71075 0.036 0.1025
