0 0.4035 0.33625 0.045 0.0365
0 0.2925 0.052 0.02966667 0.074
0 0.23083333 0.08025 0.00166667 0.1115
0 0.318 0.14 0.018 0.078
0 0.3145 0.254 0.045 0.152
0 0.385 0.78975 0.008 0.0435
0 0.385 0.8875 0.028 0.125
0 0.132 0.53175 0.016 0.0635
0 0.0935 0.5955 0.03766667 0.105
0 0.0745 0.5525 0.06633333 0.089
0 0.20083333 0.595 0.089 0.061
0 0.71016667 0.66575 0.09433333 0.1075
0 0.793 0.59025 0.05666667 0.0295
0 0.95733333 0.705 0.02066667 0.043
0 0.90066667 0.28425 0.07466667 0.0755
0 0.862 0.31275 0.07266667 0.0645
0 0.86933333 0.36525 0.12133333 0.1295
0 0.80533333 0.48525 0.062 0.0455
0 0.76783333 0.95475 0.019 0.0605
0 0.78566667 0.92575 0.008 0.0835
0 0.81983333 0.78975 0.02766667 0.1055
0 0.6385 0.9165 0.11233333 0.073
0 0.55033333 0.81825 0.12133333 0.1645
0 0.47533333 0.6535 0.072 0.078
0 0.06333333 0.93375 0.05466667 0.1105
0 0.06116667 0.80325 0.025 0.0355
0 0.02116667 0.77075 0.04233333 0.0675
0 0.44066667 0.26625 0.05133333 0.0365
0 0.92183333 0.01075 0.045 0.0025
0 0.96766667 0.02225 0.06466667 0.0335
0 0.924 0.7505 0.03133333 0.054
0 0.77266667 0.88075 0.02533333 0.0525
