0 0.407 0.43 0.13133333 0.051
0 0.35816667 0.44 0.05833333 0.015
0 0.46716667 0.556 0.095 0.001
0 0.256 0.649 0.09533333 0.023
0 0.30283333 0.587 0.10233333 0.007
0 0.159 0.6825 0.034 0.074
0 0.252 0.43875 0.00266667 0.2335
0 0.2835 0.06275 0.069 0.1255
0 0.15983333 0.027 0.027 0.054
0 0.21066667 0.26625 0.01866667 0.0765
0 0.20666667 0.407 0.01066667 0.226
0 0.17616667 0.5 0.00166667 0.089
0 0.10283333 0.23175 0.02233333 0.1055
0 0.08216667 0.26025 0.035 0.1535
0 0.27533333 0.948 0.08333333 0.104
0 0.1145 0.85375 0.02766667 0.0395
0 0.81133333 0.74875 0.04333333 0.0955
0 0.71616667 0.61725 0.10766667 0.0165
0 0.76583333 0.5575 0.06566667 0.004
0 0.77883333 0.485 0.03233333 0.054
0 0.78316667 0.19675 0.01166667 0.1025
0 0.7115 0.072 0.10433333 0.077
0 0.68283333 0.151 0.027 0.129
0 0.88416667 0.88075 0.007 0.1305
0 0.9905 0.75125 0.019 0.0605
0 0.94783333 0.8395 0.045 0.081
0 0.97116667 0.9615 0.01966667 0.077
0 0.68333333 0.68125 0.026 0.0685
0 0.98116667 0.12475 0.03766667 0.0015
0 0.5255 0.8275 0.061 0.024
0 0.194 0.186 0.04666667 0.121
0 0.428 0.23575 0.026 0.0485
0 0.3855 0.21 0.03433333 0.062
0 0.01883333 0.192 0.03766667 0.047
