0 0.5925 0.9495 0.06033333 0.101
0 0.55966667 0.1005 0.072 0.034
0 0.48666667 0.0625 0.062 0.031
0 0.46316667 0.01875 0.051 0.0375
0 0.58083333 0.01 0.019 0.02
0 0.66383333 0.163 0.07366667 0.008
0 0.6985 0.159 0.019 0.019
0 0.7 0.1805 0.02333333 0.024
0 0.67966667 0.18725 0.044 0.0055
0 0.90216667 0.0835 0.079 0.073
0 0.84016667 0.0755 0.14366667 0.102
0 0.86983333 0.64475 0.10233333 0.0685
0 0.9155 0.4535 0.063 0.009
0 0.82083333 0.3815 0.14633333 0.054
0 0.814 0.41575 0.03933333 0.0045
0 0.596 0.585 0.02066667 0.059
0 0.63833333 0.748 0.02066667 0.038
0 0.629 0.68125 0.036 0.1685
0 0.615 0.68 0.03866667 0.155
0 0.57283333 0.7015 0.02766667 0.077
0 0.59483333 0.70875 0.009 0.0325
0 0.513 0.32225 0.00733333 0.0565
0 0.4115 0.29875 0.045 0.0175
0 0.924 0.8955 0.062 0.077
0 0.894 0.977 0.01266667 0.046
0 0.44966667 0.345 0.02066667 0.054
0 0.32433333 0.1355 0.01466667 0.058
0 0.29966667 0.05325 0.008 0.1065
0 0.15133333 0.18275 0.028 0.0525
0 0.51616667 0.537 0.02233333 0.039
0 0.90066667 0.39475 0.07266667 0.0325
0 0.96183333 0.3995 0.07633333 0.012
0 0.97216667 0.422 0.05566667 0.008
