0 0.362 0.235 0.06466667 0.004
0 0.3895 0.50825 0.121 0.0675
0 0.29683333 0.54925 0.11766667 0.0335
0 0.027 0.20425 0.054 0.0145
0 0.81433333 0.40175 0.02066667 0.0915
0 0.83383333 0.4535 0.027 0.047
0 0.81433333 0.47775 0.02066667 0.0365
0 0.55466667 0.8895 0.06733333 0.03
0 0.35616667 0.804 0.035 0.028
0 0.15233333 0.90425 0.044 0.0245
0 0.98433333 0.06275 0.03133333 0.0015
0 0.8315 0.15775 0.019 0.0835
0 0.86433333 0.514 0.03933333 0.05
0 0.93033333 0.55725 0.03866667 0.0255
0 0.83383333 0.703 0.07566667 0.039
