0 0.85 0.35725 0.016 0.0865
0 0.83633333 0.37475 0.02333333 0.0915
0 0.81433333 0.16775 0.044 0.1875
0 0.87466667 0.2555 0.04733333 0.131
0 0.95416667 0.8665 0.025 0.051
0 0.96283333 0.9105 0.01166667 0.039
0 0.59116667 0.9375 0.07033333 0.031
0 0.55433333 0.957 0.04466667 0.035
0 0.17733333 0.95275 0.008 0.0945
0 0.04083333 0.6005 0.03166667 0.074
0 0.4955 0.23125 0.13366667 0.0985
0 0.389 0.10175 0.11866667 0.2035
0 0.2115 0.12525 0.05833333 0.0135
0 0.19683333 0.1105 0.05033333 0.032
0 0.20483333 0.0795 0.01966667 0.027
0 0.182 0.08625 0.02266667 0.0375
0 0.19816667 0.041 0.02966667 0.031
0 0.165 0.14875 0.026 0.0255
0 0.167 0.17175 0.02333333 0.0415
0 0.217 0.14675 0.05666667 0.0135
0 0.01033333 0.1045 0.02066667 0.039
0 0.027 0.03375 0.052 0.0675
0 0.77533333 0.128 0.01266667 0.1
0 0.43483333 0.8605 0.05033333 0.012
