0 0.21533333 0.409 0.14466667 0.039
0 0.212 0.3665 0.126 0.019
0 0.10033333 0.32675 0.12666667 0.0685
0 0.11366667 0.18875 0.042 0.0295
0 0.28066667 0.19525 0.08 0.0215
0 0.32083333 0.238 0.19233333 0.023
0 0.2265 0.566 0.097 0.024
0 0.18783333 0.6295 0.10433333 0.016
0 0.13033333 0.587 0.09533333 0.004
0 0.17666667 0.87925 0.08 0.2115
0 0.79383333 0.41925 0.073 0.0565
0 0.81316667 0.72975 0.009 0.1795
0 0.83466667 0.83975 0.02 0.0835
0 0.96583333 0.719 0.06833333 0.09
0 0.96133333 0.55875 0.07733333 0.1415
0 0.52483333 0.02425 0.01433333 0.0485
0 0.95066667 0.97775 0.018 0.0445
0 0.8305 0.96575 0.01166667 0.0685
0 0.18416667 0.23775 0.063 0.0255
0 0.15316667 0.43375 0.02233333 0.0405
