0 0.17983333 0.14075 0.081 0.0485
0 0.194 0.4485 0.05666667 0.07
0 0.13883333 0.59625 0.11233333 0.1955
0 0.1065 0.725 0.08166667 0.171
0 0.17166667 0.91975 0.06066667 0.0365
0 0.3435 0.3605 0.02633333 0.109
0 0.38683333 0.2145 0.00833333 0.271
0 0.32583333 0.18275 0.017 0.0955
0 0.41116667 0.5265 0.14966667 0.141
0 0.31666667 0.666 0.03333333 0.047
0 0.393 0.86075 0.07866667 0.0515
0 0.51316667 0.8045 0.079 0.091
0 0.51616667 0.8855 0.04033333 0.053
0 0.42333333 0.96125 0.05466667 0.0775
0 0.73833333 0.37875 0.198 0.0395
0 0.48383333 0.16425 0.05033333 0.1805
0 0.8995 0.65525 0.06966667 0.0105
0 0.6485 0.58725 0.05233333 0.0165
0 0.51766667 0.63425 0.02733333 0.0865
0 0.4575 0.96975 0.03433333 0.0605
0 0.28283333 0.94925 0.095 0.0105
0 0.8595 0.509 0.105 0.024
