0 0.41416667 0.8955 0.00366667 0.209
0 0.43566667 0.8005 0.052 0.167
0 0.451 0.91575 0.00333333 0.1685
0 0.18683333 0.93525 0.01966667 0.1295
0 0.22733333 0.948 0.02 0.104
0 0.1785 0.888 0.01166667 0.046
0 0.07866667 0.81825 0.03866667 0.0675
0 0.23583333 0.6725 0.02433333 0.127
0 0.243 0.58225 0.008 0.0995
0 0.21783333 0.692 0.01366667 0.125
0 0.57416667 0.546 0.043 0.043
0 0.818 0.5035 0.152 0.066
0 0.74433333 0.3745 0.046 0.062
0 0.66033333 0.07 0.01066667 0.14
0 0.63216667 0.20475 0.04233333 0.1025
0 0.91066667 0.88475 0.09066667 0.0205
