0 0.2425 0.2305 0.02633333 0.1
0 0.26883333 0.037 0.03033333 0.074
0 0.3965 0.18725 0.023 0.1105
0 0.4005 0.29225 0.019 0.1365
0 0.5845 0.21725 0.001 0.1075
0 0.61 0.15375 0. 0.1895
0 0.6135 0.28775 0.003 0.0395
0 0.67083333 0.431 0.097 0.171
0 0.79183333 0.431 0.04233333 0.132
0 0.97783333 0.30225 0.04433333 0.0405
0 0.7405 0.57975 0.03033333 0.0955
0 0.66616667 0.77425 0.03566667 0.0845
0 0.72866667 0.95975 0.04133333 0.0745
0 0.343 0.80675 0.082 0.1285
0 0.451 0.26125 0.01333333 0.0865
0 0.18883333 0.125 0.03633333 0.08
