0 0.10866667 0.719 0.00533333 0.201
0 0.025 0.49575 0.04133333 0.1025
0 0.04683333 0.11575 0.03766667 0.0565
0 0.03383333 0.04575 0.053 0.0755
0 0.53683333 0.1975 0.08566667 0.034
0 0.63583333 0.1255 0.13566667 0.035
0 0.71066667 0.564 0.05733333 0.182
0 0.66216667 0.552 0.03766667 0.104
0 0.65633333 0.636 0.012 0.054
0 0.65216667 0.58225 0.045 0.1425
0 0.50233333 0.764 0.02866667 0.078
0 0.70983333 0.7825 0.03433333 0.093
0 0.731 0.71675 0.07466667 0.0485
0 0.88583333 0.29325 0.03433333 0.0365
0 0.89583333 0.25525 0.03033333 0.0335
0 0.68333333 0.44675 0.042 0.0445
0 0.97616667 0.644 0.04766667 0.008
0 0.974 0.362 0.02533333 0.077
