0 0.348 0.17875 0.1 0.0395
0 0.53766667 0.17775 0.09933333 0.0715
0 0.4305 0.2955 0.069 0.059
0 0.39666667 0.38575 0.058 0.0565
0 0.30766667 0.49275 0.08133333 0.0495
0 0.4295 0.53925 0.067 0.0555
0 0.06516667 0.77325 0.13033333 0.0905
0 0.07816667 0.79675 0.085 0.0735
0 0.041 0.86425 0.082 0.0435
0 0.96383333 0.6875 0.07233333 0.048
0 0.28366667 0.10475 0.186 0.0565
0 0.07316667 0.20425 0.083 0.0485
0 0.20533333 0.152 0.13666667 0.022
0 0.25966667 0.008 0.10466667 0.016
0 0.19666667 0.0605 0.06333333 0.004
0 0.24833333 0.33475 0.12733333 0.0175
0 0.38716667 0.61 0.075 0.044
0 0.53933333 0.55975 0.02066667 0.1045
0 0.2565 0.42925 0.051 0.0695
0 0.399 0.974 0.022 0.043
0 0.41566667 0.98425 0.01666667 0.0315
0 0.12083333 0.04125 0.11966667 0.0365
0 0.13133333 0.1545 0.09333333 0.045
0 0.3755 0.03475 0.049 0.0695
0 0.348 0.03225 0.03533333 0.0645
0 0.057 0.2825 0.06466667 0.037
0 0.15383333 0.284 0.05366667 0.026
