0 0.11016667 0.33625 0.06366667 0.0415
0 0.23183333 0.07425 0.061 0.1215
0 0.234 0.14075 0.04933333 0.0955
0 0.3715 0.23175 0.02966667 0.0785
0 0.71333333 0.2405 0. 0.042
0 0.69633333 0.14825 0.00333333 0.0515
0 0.70716667 0.324 0.00166667 0.042
0 0.67433333 0.28025 0.00466667 0.0835
0 0.59216667 0.4825 0.01433333 0.046
0 0.592 0.55525 0.01066667 0.1405
0 0.39883333 0.535 0.10966667 0.019
0 0.3765 0.4575 0.025 0.055
0 0.42983333 0.824 0.04033333 0.015
0 0.44483333 0.903 0.05566667 0.027
0 0.868 0.18325 0.09533333 0.0295
0 0.87833333 0.12675 0.09266667 0.0185
0 0.4605 0.74175 0.04766667 0.0175
0 0.91866667 0.854 0.03333333 0.004
