0 0.36716667 0.33425 0.089 0.0355
0 0.32433333 0.244 0.06466667 0.148
0 0.36166667 0.20225 0.046 0.1215
0 0.389 0.512 0.00733333 0.07
0 0.433 0.83775 0.10066667 0.0095
0 0.16216667 0.643 0.08366667 0.081
0 0.19533333 0.32125 0.05466667 0.0255
0 0.601 0.13225 0.018 0.0675
0 0.62266667 0.17325 0.03066667 0.0445
0 0.5535 0.17675 0.01433333 0.0485
0 0.86116667 0.70875 0.071 0.0405
0 0.89666667 0.6765 0.036 0.073
0 0.70766667 0.7165 0.07466667 0.031
0 0.79466667 0.91125 0.14266667 0.0215
0 0.8095 0.93875 0.14566667 0.0205
0 0.9155 0.82025 0.06833333 0.0445
0 0.90483333 0.78625 0.045 0.0175
0 0.86333333 0.25 0.05933333 0.106
0 0.88316667 0.33775 0.011 0.1065
0 0.689 0.26075 0.05933333 0.0955
0 0.11416667 0.90225 0.08433333 0.0205
0 0.36766667 0.3325 0.09466667 0.038
0 0.392 0.5105 0. 0.082
0 0.556 0.18475 0.01333333 0.0425
0 0.61366667 0.16825 0.04533333 0.1185
0 0.86266667 0.25075 0.06666667 0.1015
0 0.87983333 0.3335 0.01433333 0.112
0 0.87783333 0.6955 0.087 0.067
0 0.797 0.9325 0.188 0.02
0 0.43583333 0.83725 0.12633333 0.0195
0 0.32166667 0.2415 0.05333333 0.144
0 0.358 0.21275 0.04533333 0.1045
0 0.61966667 0.92575 0.02333333 0.0545
0 0.16216667 0.6385 0.07566667 0.065
