0 0.89166667 0.9285 0.07266667 0.135
0 0.7035 0.205 0.10633333 0.078
0 0.725 0.08475 0.036 0.0055
0 0.6555 0.02775 0.11766667 0.0285
0 0.28133333 0.03025 0.054 0.0015
0 0.3095 0.0575 0.11233333 0.004
0 0.36483333 0.091 0.03233333 0.05
0 0.42316667 0.223 0.08633333 0.155
0 0.46316667 0.32 0.06033333 0.093
0 0.37383333 0.172 0.025 0.05
0 0.98466667 0.56875 0.03066667 0.0295
0 0.27416667 0.029 0.06966667 0.003
0 0.2975 0.0575 0.11233333 0.
0 0.36266667 0.09825 0.022 0.0515
0 0.385 0.21825 0.06466667 0.1485
0 0.4445 0.26725 0.095 0.2045
0 0.9 0.91975 0.08666667 0.1335
