0 0.1005 0.06875 0.08566667 0.0895
0 0.03733333 0.2195 0.018 0.103
0 0.22433333 0.66875 0.05466667 0.0895
0 0.34283333 0.41675 0.009 0.1215
0 0.3385 0.28875 0.03433333 0.1225
0 0.61066667 0.09025 0.03533333 0.1775
0 0.87916667 0.09175 0.06566667 0.0715
0 0.9035 0.14925 0.011 0.0955
0 0.61166667 0.70775 0.05533333 0.0425
0 0.57833333 0.7645 0.03133333 0.032
0 0.56766667 0.694 0.10933333 0.067
0 0.44233333 0.947 0.06866667 0.097
0 0.31666667 0.597 0.03333333 0.118
0 0.53383333 0.08175 0.011 0.1635
0 0.83383333 0.57425 0.03566667 0.0845
