0 0.5535 0.20025 0.08966667 0.1175
0 0.83466667 0.24775 0.01066667 0.2345
0 0.86 0.068 0. 0.136
0 0.89116667 0.3995 0.01433333 0.12
0 0.91916667 0.4645 0.01966667 0.349
0 0.93433333 0.71075 0.06466667 0.0875
0 0.96316667 0.6545 0.07366667 0.085
0 0.42666667 0.77625 0.07733333 0.1375
0 0.44383333 0.64575 0.01633333 0.0755
0 0.24616667 0.10725 0.07366667 0.0795
0 0.29883333 0.17175 0.08366667 0.0525
0 0.60466667 0.39675 0.04133333 0.0635
0 0.6895 0.258 0.05833333 0.007
0 0.8885 0.95425 0.01966667 0.0915
