0 0.341 0.55775 0.09266667 0.0135
0 0.25916667 0.61475 0.09433333 0.0135
0 0.21966667 0.64425 0.148 0.0455
0 0.07316667 0.6665 0.035 0.023
0 0.295 0.1125 0.062 0.158
0 0.2475 0.21025 0.04033333 0.0535
0 0.61766667 0.4555 0.08 0.073
0 0.53066667 0.6475 0.04933333 0.042
0 0.579 0.651 0.02066667 0.059
0 0.61416667 0.6805 0.01366667 0.113
0 0.6865 0.93325 0.00366667 0.0845
0 0.4335 0.76675 0.03166667 0.0055
0 0.49633333 0.71025 0.078 0.0835
0 0.49416667 0.7405 0.063 0.069
0 0.39833333 0.32275 0.08533333 0.0175
0 0.34183333 0.2465 0.04233333 0.043
0 0.3355 0.219 0.04566667 0.023
