0 0.0105 0.11375 0.005 0.0455
0 0.0515 0.44675 0.06233333 0.0515
0 0.1035 0.41425 0.09166667 0.1045
0 0.151 0.4145 0.02933333 0.029
0 0.08933333 0.36225 0.04333333 0.0545
0 0.2095 0.40075 0.013 0.0595
0 0.2005 0.31225 0.003 0.0575
0 0.32416667 0.338 0.03033333 0.1
0 0.32916667 0.30925 0.02633333 0.0515
0 0.36416667 0.2425 0.04766667 0.124
0 0.11966667 0.706 0.03133333 0.085
0 0.17383333 0.63925 0.03633333 0.0425
0 0.27983333 0.919 0.083 0.12
0 0.16416667 0.944 0.08166667 0.079
0 0.28483333 0.853 0.05633333 0.067
0 0.31316667 0.81125 0.02233333 0.1015
0 0.5545 0.48925 0.109 0.0605
0 0.6895 0.857 0.005 0.147
0 0.72166667 0.87425 0.01133333 0.0905
