0 0.57683333 0.48375 0.01233333 0.1565
0 0.06966667 0.60125 0.008 0.1185
0 0.09383333 0.5775 0.00433333 0.066
0 0.30816667 0.95225 0.07033333 0.0335
0 0.13116667 0.97625 0.05766667 0.0445
0 0.82883333 0.6975 0.069 0.061
0 0.79833333 0.32525 0.08333333 0.0445
0 0.79166667 0.29525 0.10066667 0.0485
0 0.6505 0.502 0.01233333 0.109
0 0.18916667 0.3195 0.08166667 0.078
0 0.125 0.39875 0.18333333 0.1185
0 0.15316667 0.421 0.195 0.085
0 0.22916667 0.241 0.03233333 0.062
0 0.3275 0.2115 0.00966667 0.081
0 0.32616667 0.52225 0.027 0.0445
0 0.30316667 0.55275 0.02433333 0.0485
