0 0.1045 0.25225 0.04966667 0.0985
0 0.05866667 0.18275 0.05266667 0.0075
0 0.82233333 0.71225 0.13133333 0.0485
0 0.76666667 0.762 0.04466667 0.012
0 0.7895 0.9165 0.13833333 0.006
0 0.86966667 0.928 0.202 0.017
0 0.9415 0.9425 0.111 0.003
0 0.44183333 0.83625 0.07366667 0.0755
0 0.449 0.89225 0.03933333 0.0425
0 0.36216667 0.67275 0.08366667 0.1185
0 0.1995 0.56825 0.03566667 0.0755
0 0.597 0.9645 0.04666667 0.038
0 0.06316667 0.928 0.11433333 0.05
0 0.03983333 0.9705 0.07966667 0.029
0 0.4355 0.0515 0.03033333 0.103
