0 0.13933333 0.70275 0.06666667 0.1415
0 0.14016667 0.64825 0.05366667 0.1075
0 0.16583333 0.637 0.02966667 0.058
0 0.173 0.55375 0.01866667 0.0565
0 0.181 0.36675 0.06 0.1645
0 0.10733333 0.27675 0.08333333 0.1145
0 0.11366667 0.1665 0.10666667 0.12
0 0.204 0.28425 0.09333333 0.1835
0 0.24933333 0.15975 0.07466667 0.0335
0 0.38533333 0.9035 0.124 0.155
0 0.372 0.9805 0.038 0.039
0 0.7925 0.97925 0.097 0.0175
0 0.52466667 0.47575 0.13466667 0.0755
0 0.68366667 0.49275 0.00733333 0.4515
0 0.73483333 0.37875 0.027 0.3935
0 0.753 0.56 0.088 0.085
0 0.80633333 0.53925 0.05133333 0.0485
0 0.93616667 0.4745 0.12766667 0.116
0 0.899 0.3645 0.202 0.201
0 0.61633333 0.8255 0.07 0.101
0 0.69583333 0.71075 0.03166667 0.1495
