0 0.39983333 0.82875 0.113 0.0865
0 0.33866667 0.81725 0.10066667 0.0285
0 0.25516667 0.88625 0.05566667 0.0255
0 0.31233333 0.95625 0.12133333 0.0875
0 0.32833333 0.9015 0.10133333 0.105
0 0.7575 0.8485 0.05033333 0.303
0 0.81316667 0.80525 0.07166667 0.3245
0 0.9475 0.733 0.105 0.17
0 0.70716667 0.52825 0.06833333 0.0995
0 0.49 0.2985 0.02066667 0.12
0 0.7875 0.205 0.07633333 0.062
0 0.42533333 0.13075 0.09066667 0.1775
0 0.06416667 0.4785 0.037 0.124
0 0.0315 0.281 0.063 0.12
0 0.02383333 0.21425 0.04766667 0.0915
0 0.18866667 0.67725 0.02666667 0.0225
