0 0.85216667 0.1165 0.04233333 0.128
0 0.88633333 0.209 0.01533333 0.073
0 0.7955 0.2345 0.089 0.267
0 0.76716667 0.02975 0.03766667 0.0565
0 0.9825 0.22575 0.02433333 0.3195
0 0.93583333 0.558 0.04566667 0.156
0 0.986 0.55525 0.028 0.1135
0 0.86116667 0.7325 0.019 0.088
0 0.87633333 0.7655 0.01533333 0.049
0 0.91016667 0.78975 0.059 0.1025
0 0.97566667 0.6745 0.04866667 0.131
0 0.91016667 0.942 0.027 0.092
0 0.88233333 0.94075 0.03066667 0.1025
0 0.951 0.79325 0.08733333 0.1495
0 0.96583333 0.843 0.06833333 0.112
0 0.95866667 0.96425 0.034 0.0635
0 0.96816667 0.905 0.06366667 0.096
0 0.60333333 0.7075 0.14266667 0.043
0 0.84583333 0.58625 0.02233333 0.0515
