0 0.4765 0.5305 0.083 0.103
0 0.61616667 0.523 0.07766667 0.174
0 0.179 0.88475 0.09866667 0.0865
0 0.352 0.79675 0.096 0.0455
0 0.27916667 0.8135 0.11566667 0.002
0 0.18566667 0.7725 0.11066667 0.019
0 0.37483333 0.679 0.07433333 0.065
0 0.1825 0.34325 0.04166667 0.0865
0 0.17983333 0.26475 0.05233333 0.1345
0 0.20033333 0.18275 0.03 0.0655
0 0.3275 0.097 0.03233333 0.18
0 0.3275 0.097 0.03233333 0.18
0 0.35866667 0.11425 0.014 0.1055
0 0.4055 0.16425 0.051 0.1025
0 0.36716667 0.18975 0.03233333 0.0455
0 0.81833333 0.2795 0.10533333 0.025
0 0.44966667 0.8175 0.03733333 0.054
0 0.49066667 0.89575 0.02266667 0.0725
