0 0.289 0.602 0.20866667 0.123
0 0.10333333 0.80775 0.14066667 0.1015
0 0.12616667 0.825 0.04433333 0.051
0 0.0325 0.91525 0.065 0.0525
0 0.2315 0.48075 0.07366667 0.0375
0 0.24666667 0.454 0.07733333 0.032
0 0.198 0.4305 0.08866667 0.015
0 0.18433333 0.521 0.108 0.009
0 0.939 0.4675 0.02666667 0.011
0 0.77616667 0.305 0.05833333 0.006
0 0.77616667 0.305 0.05833333 0.006
0 0.1445 0.10325 0.053 0.0675
0 0.08116667 0.34025 0.075 0.1185
0 0.85866667 0.387 0.022 0.043
0 7.01666667e-01 7.35000000e-02 6.66666667e-04 1.05000000e-01
0 0.71216667 0.13825 0.035 0.0835
0 0.71216667 0.13825 0.035 0.0835
0 0.25266667 0.64275 0.14133333 0.0915
0 0.36816667 0.518 0.05966667 0.013
