0 0.3625 0.41375 0.107 0.0515
0 0.31616667 0.62525 0.169 0.2425
0 0.30266667 0.92725 0.12933333 0.1455
0 0.77816667 0.89575 0.25166667 0.0175
0 0.75466667 0.953 0.21933333 0.027
0 0.841 0.9885 0.06666667 0.007
0 0.95416667 0.692 0.09166667 0.055
0 0.81266667 0.77825 0.08 0.0175
0 0.85483333 0.8 0.04566667 0.047
0 0.7695 0.562 0.04766667 0.094
0 0.72233333 0.51475 0.054 0.0245
0 0.72416667 0.496 0.047 0.043
0 0.58483333 0.59925 0.045 0.0525
0 0.57716667 0.3235 0.02966667 0.038
0 0.9435 0.85925 0.05033333 0.0365
0 0.63983333 0.7075 0.133 0.162
