0 0.5395 0.58 0.037 0.147
0 0.5485 0.6825 0.019 0.069
0 0.579 0.7205 0.01866667 0.039
0 0.588 0.558 0.028 0.159
0 0.61783333 0.6395 0.01166667 0.055
0 0.55016667 0.41375 0.02966667 0.1565
0 0.75333333 0.84775 0.046 0.1135
0 0.86516667 0.59175 0.05766667 0.0565
0 0.929 0.517 0.06266667 0.039
0 0.95633333 0.56875 0.06733333 0.0455
0 0.90383333 0.6665 0.061 0.055
0 0.94966667 0.78225 0.10066667 0.0095
0 0.87733333 0.874 0.01866667 0.071
0 0.73 0.95675 0.062 0.0405
0 0.797 0.60375 0.09 0.0835
0 0.88233333 0.43275 0.03933333 0.1885
0 0.908 0.2945 0.05466667 0.082
0 0.92983333 0.2865 0.061 0.093
0 0.94466667 0.1305 0.07466667 0.062
0 0.93033333 0.12 0.05133333 0.038
0 0.85716667 0.469 0.03233333 0.148
0 0.58483333 0.9085 0.03233333 0.016
0 0.46183333 0.62875 0.07566667 0.2115
0 0.52783333 0.2575 0.019 0.194
0 0.48333333 0.22775 0.00733333 0.0915
0 0.51433333 0.30375 0.02066667 0.2735
0 0.19816667 0.8215 0.12833333 0.104
0 0.3005 0.94675 0.07433333 0.0715
0 0.256 0.9325 0.11866667 0.124
0 0.2515 0.83775 0.18166667 0.1495
0 0.3015 0.855 0.06033333 0.058
0 0.39583333 0.9115 0.04033333 0.031
0 0.41916667 0.8975 0.037 0.032
0 0.389 0.9285 0.04133333 0.024
0 0.42183333 0.9885 0.02766667 0.023
0 0.49766667 0.85525 0.08266667 0.0875
0 0.035 0.037 0.02533333 0.074
0 0.02066667 0.14825 0.02533333 0.0645
0 0.03283333 0.1065 0.017 0.046
0 0.05516667 0.18525 0.02233333 0.0255
0 0.11633333 0.62125 0.00466667 0.1025
0 0.13566667 0.6875 0.00533333 0.124
0 0.221 0.77475 0.108 0.0675
0 0.46716667 0.3685 0.03433333 0.136
0 0.45583333 0.48325 0.00633333 0.1575
0 0.93083333 0.39875 0.01433333 0.0755
0 0.98433333 0.3355 0.03133333 0.019
0 0.78833333 0.93525 0.05466667 0.0055
0 0.766 0.91525 0.10333333 0.0055
