0 0.8245 0.157 0.01166667 0.22
0 0.89716667 0.04175 0.02233333 0.0835
0 0.9125 0.068 0.02433333 0.104
0 0.9465 0.072 0.04566667 0.144
0 0.505 0.5405 0.034 0.127
0 0.12883333 0.0735 0.18966667 0.05
0 0.11 0.05275 0.07266667 0.0215
0 0.0845 0.153 0.06833333 0.015
0 0.021 0.15225 0.03333333 0.0055
0 0.19133333 0.843 0.03066667 0.098
0 0.22683333 0.96775 0.02233333 0.0645
0 0.16 0.62 0.034 0.135
0 0.35666667 0.7345 0.06466667 0.073
0 0.5045 0.8685 0.051 0.012
0 0.47483333 0.84575 0.02966667 0.0635
0 0.5045 0.837 0.04433333 0.038
0 0.56516667 0.66325 0.077 0.1455
0 0.6155 0.7305 0.04833333 0.016
0 0.55066667 0.71175 0.02866667 0.0485
0 0.52466667 0.63625 0.03066667 0.0675
0 0.46233333 0.54975 0.008 0.0915
0 0.44566667 0.5775 0. 0.036
0 0.58983333 0.90025 0.00433333 0.0645
