0 0.42316667 0.41575 0.09366667 0.0795
0 0.3365 0.306 0.04566667 0.035
0 0.30516667 0.256 0.02966667 0.003
0 0.31566667 0.2345 0.02066667 0.008
0 0.29383333 0.221 0.03766667 0.027
0 0.3135 0.146 0.05566667 0.128
0 0.21933333 0.3215 0.03066667 0.093
0 0.29466667 0.45675 0.086 0.0245
0 0.23816667 0.47825 0.13833333 0.0675
0 0.3705 0.95075 0.17166667 0.0685
0 0.43266667 0.8815 0.20733333 0.081
0 0.73183333 0.95825 0.071 0.0565
0 0.76233333 0.98125 0.05666667 0.0375
0 0.7345 0.769 0.03833333 0.077
0 0.77683333 0.409 0.06566667 0.053
0 0.78433333 0.36925 0.07533333 0.0645
0 0.63916667 0.0195 0.13033333 0.039
0 0.34816667 0.83625 0.04433333 0.0395
0 0.77566667 0.40925 0.06266667 0.0575
0 0.77666667 0.38025 0.07266667 0.0635
0 0.8075 0.319 0.06166667 0.047
0 0.645 0.0235 0.118 0.038
0 0.31616667 0.1415 0.05833333 0.144
0 0.42766667 0.42275 0.094 0.0815
0 0.23883333 0.478 0.12633333 0.071
0 0.28383333 0.46 0.073 0.053
0 0.41666667 0.88325 0.19066667 0.0755
0 0.36766667 0.94225 0.196 0.0485
0 0.94433333 0.11525 0.05866667 0.0395
