0 0.30916667 0.65375 0.03433333 0.1775
0 0.2425 0.58025 0.02833333 0.0725
0 0.0635 0.58925 0.105 0.2365
0 0.10666667 0.519 0.03733333 0.117
0 0.23783333 0.2955 0.14033333 0.124
0 0.29083333 0.27875 0.085 0.1185
0 0.21066667 0.38025 0.102 0.0515
0 0.40966667 0.1365 0.086 0.082
0 0.43533333 0.16525 0.10533333 0.0665
0 0.449 0.1885 0.088 0.068
0 0.37916667 0.04475 0.06366667 0.0895
0 0.26566667 0.20975 0.07266667 0.1255
0 0.21366667 0.18275 0.1 0.0105
0 0.5475 0.42875 0.05833333 0.0875
0 0.5585 0.4455 0.03833333 0.076
0 0.552 0.328 0.03533333 0.071
0 0.47883333 0.41675 0.03833333 0.0755
0 0.394 0.74475 0.05066667 0.0925
0 0.35666667 0.74625 0.06866667 0.0985
0 0.13783333 0.9075 0.05166667 0.176
0 0.1005 0.95 0.025 0.1
0 0.7085 0.9385 0.07766667 0.062
0 0.94133333 0.547 0.05266667 0.
0 0.97733333 0.58425 0.04533333 0.0045
