0 0.77283333 0.25 0.089 0.042
0 0.61966667 0.488 0.14866667 0.121
0 0.52116667 0.57575 0.04033333 0.1095
0 0.50766667 0.5045 0.02333333 0.076
0 0.47016667 0.61 0.017 0.153
0 0.53083333 0.85375 0.11633333 0.0075
0 0.5925 0.89175 0.12233333 0.0135
0 0.5995 0.93175 0.14033333 0.0185
0 0.58283333 0.9575 0.127 0.009
0 0.32016667 0.87125 0.079 0.0335
0 0.1 0.87875 0.05466667 0.0395
0 0.03633333 0.809 0.07266667 0.003
0 0.095 0.753 0.188 0.076
0 0.12816667 0.47275 0.03233333 0.1395
0 0.57783333 0.059 0.089 0.003
0 0.73483333 0.6795 0.06366667 0.089
0 0.1955 0.1075 0.05966667 0.024
