0 0.22833333 0.05075 0.06866667 0.0195
0 0.106 0.67125 0.12533333 0.0725
0 0.05516667 0.7385 0.06766667 0.065
0 0.238 0.54075 0.03133333 0.1545
0 0.37933333 0.38625 0.02733333 0.1425
0 0.57533333 0.30225 0.04533333 0.0925
0 0.603 0.33175 0.014 0.1305
0 0.58583333 0.26075 0.03033333 0.0425
0 0.62783333 0.36525 0.021 0.0485
0 0.66883333 0.391 0.03033333 0.124
0 0.608 0.08775 0.12733333 0.1485
0 0.597 0.04325 0.06066667 0.0685
0 0.807 0.19525 0.05466667 0.0485
0 0.82166667 0.3075 0.102 0.076
0 0.80966667 0.32875 0.098 0.0605
0 0.855 0.73325 0.04533333 0.0575
0 0.63183333 0.89175 0.019 0.1225
0 0.6035 0.6885 0.07566667 0.056
0 0.62183333 0.2265 0.005 0.08
0 0.96 0.36125 0.03333333 0.0195
