0 0.77766667 0.31125 0.02266667 0.1885
0 0.78566667 0.19275 0.08333333 0.2045
0 0.65766667 0.20225 0.052 0.0405
0 0.81983333 0.463 0.04233333 0.112
0 0.806 0.508 0.05933333 0.124
0 0.85483333 0.83425 0.01166667 0.1105
0 0.013 0.59775 0.026 0.0825
0 0.02466667 0.49675 0.00266667 0.1605
0 0.0145 0.44925 0.00366667 0.1335
0 0.762 0.63075 0.034 0.0785
0 0.7465 0.64425 0.07366667 0.1995
0 0.73316667 0.384 0.02166667 0.035
0 0.71866667 0.3315 0.06466667 0.078
0 0.89483333 0.973 0.009 0.054
0 0.38266667 0.27625 0.06466667 0.1075
0 0.04983333 0.2385 0.001 0.183
0 0.03416667 0.3135 0.00566667 0.101
0 0.022 0.26275 0.01866667 0.1995
