0 0.22416667 0.32875 0.109 0.0645
0 0.2255 0.083 0.03966667 0.166
0 0.19133333 0.14625 0.02333333 0.1195
0 0.1765 0.05325 0.019 0.1065
0 0.05466667 0.05275 0.04133333 0.0485
0 0.04216667 0.02225 0.03766667 0.0445
0 0.13833333 0.595 0.002 0.063
0 0.13783333 0.66025 0.00433333 0.0485
0 0.32566667 0.33275 0.064 0.0645
0 0.35233333 0.22975 0.06466667 0.0445
0 0.32216667 0.22975 0.035 0.0175
0 0.5965 0.60175 0.08433333 0.0175
0 0.94066667 0.48125 0.11866667 0.0375
0 0.69266667 0.684 0.03933333 0.007
0 0.64866667 0.9615 0.09533333 0.031
0 0.02883333 0.62275 0.05766667 0.0915
0 0.26583333 0.51825 0.02166667 0.1385
0 0.25516667 0.487 0.00566667 0.12
0 0.266 0.40825 0. 0.0725
0 0.88783333 0.72225 0.01433333 0.1025
0 0.9425 0.624 0.07366667 0.027
0 0.78783333 0.95825 0.03766667 0.0725
0 0.13916667 0.031 0.06833333 0.062
0 0.06066667 0.29325 0.05133333 0.0335
0 0.25066667 0.1165 0.03933333 0.028
