0 0.11916667 0.46675 0.02433333 0.0795
0 0.0565 0.3295 0.03233333 0.284
0 0.01266667 0.314 0.00533333 0.178
0 0.1405 0.888 0.017 0.108
0 0.11816667 0.9615 0.00433333 0.077
0 0.137 0.77825 0.08866667 0.0825
0 0.0625 0.65075 0.125 0.0485
0 0.2255 0.61275 0.05566667 0.1065
0 0.271 0.59225 0.03333333 0.1255
0 0.72333333 0.963 0.036 0.074
0 0.36566667 0.506 0.02 0.05
0 0.61716667 0.1975 0.06633333 0.042
0 0.779 0.45625 0.07933333 0.0415
0 0.87783333 0.4555 0.077 0.054
0 0.89216667 0.4785 0.027 0.043
0 0.80333333 0.54125 0.09333333 0.0365
0 0.78433333 0.57275 0.126 0.0565
0 0.93133333 0.36875 0.13733333 0.0095
0 0.91683333 0.353 0.12833333 0.008
0 0.93766667 0.23125 0.116 0.0335
0 0.97116667 0.2155 0.05766667 0.011
0 0.92266667 0.1765 0.05733333 0.032
0 0.9875 0.1975 0.025 0.001
0 0.96366667 0.15225 0.07266667 0.0295
0 0.79233333 0.01875 0.05933333 0.0375
0 5.11666667e-01 6.83250000e-01 6.66666667e-04 8.05000000e-02
0 0.4385 0.72375 0.01433333 0.0755
0 0.425 0.87275 0.06133333 0.0335
0 0.691 0.96975 0.054 0.0605
0 0.76766667 0.87675 0.05466667 0.0015
0 0.77583333 0.90225 0.06566667 0.0285
0 0.729 0.843 0.08 0.023
0 0.8095 0.8195 0.097 0.086
0 0.898 0.74175 0.078 0.0985
0 0.33516667 0.721 0.03433333 0.07
0 0.18466667 0.63275 0.046 0.1115
0 0.5175 0.215 0.03766667 0.026
0 0.14016667 0.0365 0.03766667 0.073
