0 0.66316667 0.70775 0.061 0.0485
0 0.61983333 0.71425 0.12766667 0.0915
0 0.509 0.645 0.15533333 0.082
0 0.56383333 0.4885 0.053 0.093
0 0.51133333 0.32025 0.04666667 0.0985
0 0.37833333 0.2285 0.016 0.05
0 0.33466667 0.15975 0.05466667 0.0635
0 0.2915 0.24125 0.035 0.0915
0 0.24216667 0.209 0.037 0.081
0 0.253 0.27375 0.03333333 0.0915
0 0.167 0.062 0.09533333 0.124
0 0.04983333 0.281 0.09966667 0.104
0 0.035 0.53225 0.07 0.0675
0 0.21616667 0.7095 0.037 0.066
0 0.30633333 0.905 0. 0.168
0 0.56833333 0.89075 0.05666667 0.0455
0 0.73633333 0.684 0.042 0.09
0 0.74966667 0.5255 0.008 0.17
0 0.86016667 0.93725 0.14833333 0.0205
0 0.58716667 0.205 0.033 0.089
0 0.57633333 0.15975 0.02066667 0.0635
0 0.31666667 0.44825 0.06733333 0.0635
0 0.50533333 0.111 0.026 0.085
