0 0.47933333 0.659 0.1 0.088
0 0.42166667 0.65 0.14866667 0.118
0 0.71666667 0.65675 0.04933333 0.1315
0 0.76716667 0.6515 0.027 0.082
0 0.7405 0.51725 0.02633333 0.0895
0 0.71416667 0.52425 0.02633333 0.0935
0 0.84783333 0.681 0.13033333 0.229
0 0.9115 0.70525 0.06966667 0.1315
0 0.83583333 0.6 0.04166667 0.076
0 0.843 0.528 0.04533333 0.074
0 0.803 0.47275 0.10733333 0.0485
0 0.93833333 0.32175 0.07066667 0.1015
0 0.87933333 0.41375 0.04533333 0.0275
0 0.66866667 0.0605 0.004 0.097
0 0.62166667 0.05975 0.02933333 0.1105
0 0.496 0.37125 0.08266667 0.0545
0 0.72516667 0.27125 0.03233333 0.1545
0 0.42383333 0.072 0.05766667 0.135
0 0.1465 0.93125 0.18966667 0.1015
0 0.13583333 0.56825 0.07966667 0.0815
0 0.053 0.2455 0.106 0.112
