0 0.314 0.798 0.01866667 0.213
0 0.262 0.62275 0.02066667 0.0915
0 0.2445 0.76125 0.009 0.0835
0 0.044 0.372 0.01066667 0.105
0 0.06916667 0.27625 0.00166667 0.1375
0 0.09033333 0.2865 0.00266667 0.109
0 0.38283333 0.05525 0.08433333 0.0755
0 0.41233333 0.1225 0.01266667 0.124
0 0.59066667 0.34775 0.12666667 0.1675
0 0.65233333 0.232 0.04333333 0.132
0 0.6515 0.17675 0.03766667 0.1105
0 0.71116667 0.04725 0.04966667 0.0675
0 0.8275 0.10175 0.011 0.0715
0 0.80866667 0.3645 0.03066667 0.29
0 0.77483333 0.31275 0.001 0.1135
0 0.743 0.51975 0.018 0.1065
0 0.61 0.6745 0.04666667 0.117
0 0.71733333 0.889 0.062 0.004
0 0.71833333 0.923 0.042 0.035
0 0.668 0.9285 0.08733333 0.035
0 0.66316667 0.9615 0.12766667 0.055
0 0.9475 0.2425 0.019 0.148
0 0.50266667 0.969 0.078 0.054
