0 0.57316667 0.41325 0.06833333 0.0255
0 0.66033333 0.4725 0.08466667 0.039
0 0.72066667 0.48525 0.088 0.0725
0 0.73 0.52025 0.06733333 0.0085
0 0.75433333 0.42375 0.11066667 0.0605
0 0.908 0.32225 0.134 0.0565
0 0.93566667 0.33625 0.09266667 0.0445
0 0.85083333 0.30075 0.149 0.0835
0 0.766 0.37325 0.08533333 0.0405
0 0.805 0.27025 0.054 0.0395
0 0.69633333 0.1785 0.02133333 0.069
0 0.67533333 0.21225 0.01533333 0.0415
0 0.67833333 0.165 0.01466667 0.074
0 0.71966667 0.142 0.02666667 0.074
0 0.74566667 0.093 0.02333333 0.086
0 0.51883333 0.27975 0.02766667 0.0525
0 0.5265 0.188 0.01766667 0.209
0 0.48516667 0.34925 0.03033333 0.0755
0 0.14633333 0.07875 0.106 0.1575
0 0.119 0.0795 0.12666667 0.159
0 0.34683333 0.82475 0.09366667 0.0375
0 0.72233333 0.78425 0.054 0.0325
0 0.74966667 0.798 0.026 0.008
0 0.92633333 0.4125 0.06266667 0.027
0 0.82383333 0.4825 0.07566667 0.005
0 0.91883333 0.382 0.035 0.007
