0 0.39133333 0.477 0.05133333 0.124
0 0.46183333 0.512 0.08966667 0.167
0 0.30766667 0.23225 0.04933333 0.2035
0 0.08533333 0.0615 0.002 0.12
0 0.01666667 0.62325 0.00066667 0.1115
0 0.0395 0.74525 0.00166667 0.1645
0 0.02383333 0.79925 0.001 0.1345
0 0.25966667 0.554 0.01066667 0.097
0 0.19366667 0.51075 0.01866667 0.0835
0 0.461 0.19525 0.034 0.1375
0 0.4865 0.093 0.04033333 0.094
0 0.43666667 0.76875 0.02 0.1305
0 0.52116667 0.7655 0.03766667 0.108
0 0.6545 0.924 0.037 0.039
0 0.8935 0.7695 0.211 0.183
0 0.57083333 0.958 0.07633333 0.
0 0.8085 0.36175 0.05033333 0.0605
0 0.82566667 0.1415 0.09866667 0.073
0 0.83816667 0.02625 0.03233333 0.0285
0 0.80683333 0.2945 0.03433333 0.09
0 0.2135 0.71825 0.035 0.1615
