0 0.17833333 0.59225 0.06933333 0.1575
0 0.186 0.46825 0.02533333 0.0875
0 0.17833333 0.4285 0.01333333 0.073
0 0.17833333 0.895 0.114 0.008
0 0.3005 0.905 0.09966667 0.001
0 0.3585 0.88275 0.03433333 0.0485
0 0.363 0.9285 0.034 0.046
0 0.31983333 0.95025 0.07566667 0.0215
0 0.28666667 0.977 0.126 0.003
0 0.34866667 0.96625 0.036 0.0435
0 0.47933333 0.30725 0.03133333 0.0375
0 0.504 0.2555 0.052 0.047
0 0.41966667 0.0525 0.02333333 0.105
0 0.2175 0.0675 0.187 0.054
0 0.26866667 0.08575 0.04333333 0.0445
0 0.32566667 0.155 0.05666667 0.043
0 0.44833333 0.06125 0.00533333 0.1225
0 0.477 0.1475 0.06466667 0.125
0 0.59333333 0.157 0.02066667 0.155
0 0.68833333 0.21175 0.00533333 0.1915
0 0.62133333 0.30575 0.15733333 0.1105
0 0.97533333 0.36575 0.04933333 0.1845
0 0.76516667 0.903 0.053 0.194
0 0.765 0.779 0.08 0.148
0 0.721 0.622 0.02066667 0.085
0 0.5665 0.4325 0.073 0.143
0 0.54633333 0.07225 0.01066667 0.1335
0 0.2165 0.01075 0.115 0.0215
