0 0.27266667 0.18025 0.06066667 0.0845
0 0.43083333 0.1325 0.08566667 0.056
0 0.37016667 0.4355 0.05566667 0.277
0 0.43783333 0.4145 0.019 0.144
0 0.38116667 0.55825 0.06366667 0.2045
0 0.57316667 0.5175 0.005 0.232
0 0.63633333 0.52275 0.05066667 0.1065
0 0.71866667 0.39225 0.08 0.1455
0 0.76166667 0.359 0.04466667 0.079
0 0.66666667 0.88475 0.03466667 0.2305
0 0.48683333 0.79925 0.03233333 0.1775
0 0.50866667 0.87125 0.03133333 0.0875
0 0.392 0.77575 0.06466667 0.1155
0 0.241 0.975 0.098 0.035
0 0.847 0.09625 0.106 0.0105
0 0.9465 0.8705 0.04433333 0.126
0 0.89583333 0.89475 0.02833333 0.1165
