0 0.86666667 0.97375 0.05666667 0.0525
0 0.95466667 0.7865 0.042 0.042
0 0.969 0.44675 0.062 0.0015
0 0.89166667 0.59225 0.07266667 0.0015
0 0.79783333 0.6375 0.02166667 0.005
0 0.76183333 0.438 0.045 0.113
0 0.53733333 0.10325 0.06266667 0.1685
0 0.571 0.09025 0.02066667 0.0595
0 0.612 0.16225 0.02333333 0.0605
0 0.70116667 0.11125 0.02966667 0.0765
0 0.46866667 0.63475 0.01533333 0.0535
0 0.21833333 0.2265 0.04133333 0.019
0 0.13566667 0.231 0.04133333 0.042
0 0.0675 0.147 0.03766667 0.043
0 0.06966667 0.59025 0.00266667 0.0805
0 0.08 0.6585 0.00533333 0.058
0 0.09283333 0.628 0.01166667 0.062
0 0.03816667 0.542 0.00433333 0.062
0 0.25233333 0.4805 0.04666667 0.036
0 0.141 0.969 0.072 0.011
0 0.5395 0.376 0.073 0.022
0 0.434 0.275 0.036 0.07
0 0.328 0.16175 0.018 0.0645
0 0.67783333 0.14975 0.035 0.0675
