0 0.59966667 0.33025 0.15733333 0.0025
0 0.5795 0.46425 0.03566667 0.0365
0 0.37466667 0.4385 0.07733333 0.093
0 0.33866667 0.4495 0.016 0.155
0 0.27666667 0.31875 0.04866667 0.1765
0 0.28216667 0.444 0.08966667 0.333
0 0.30633333 0.781 0.106 0.047
0 0.08533333 0.77375 0.10266667 0.1185
0 0.03366667 0.665 0.01333333 0.128
0 0.07416667 0.607 0.02233333 0.19
0 0.37316667 0.65825 0.177 0.1255
0 0.257 0.72025 0.108 0.0175
0 0.4255 0.88475 0.02433333 0.0875
0 0.6285 0.678 0.04566667 0.078
0 0.58983333 0.6375 0.03833333 0.065
0 0.59566667 0.69 0.04866667 0.1
0 0.57716667 0.5425 0.017 0.034
0 0.78716667 0.74325 0.14366667 0.1225
0 0.83683333 0.8495 0.07633333 0.031
0 0.66883333 0.84575 0.001 0.1175
0 0.53233333 0.5985 0.046 0.019
