0 0.0935 0.407 0.03766667 0.081
0 0.08216667 0.39075 0.033 0.0725
0 0.04433333 0.389 0.044 0.058
0 0.01433333 0.38 0.02866667 0.011
0 0.1105 0.182 0.02366667 0.07
0 0.1455 0.056 0.03033333 0.047
0 0.14866667 0.093 0.01 0.038
0 0.182 0.0795 0.01866667 0.057
0 0.21016667 0.097 0.02166667 0.078
0 0.28533333 0.1065 0.03333333 0.073
0 0.3535 0.279 0.071 0.218
0 0.3815 0.4245 0.01166667 0.116
0 0.3535 0.401 0.03166667 0.123
0 0.29966667 0.18925 0.07466667 0.1875
0 0.30683333 0.37525 0.06033333 0.0145
0 0.30733333 0.35725 0.052 0.0105
0 0.32933333 0.4265 0.04933333 0.012
0 0.13883333 0.40075 0.091 0.0525
0 0.0965 0.46025 0.04766667 0.0395
0 0.10966667 0.523 0.07733333 0.062
0 0.27 0.4945 0.046 0.024
0 0.27166667 0.5315 0.026 0.023
0 0.26316667 0.54575 0.045 0.0215
0 0.04133333 0.85425 0.00733333 0.0565
0 0.05433333 0.7215 0.00466667 0.058
0 0.0805 0.89425 0.00433333 0.0495
0 0.07583333 0.926 0.14833333 0.116
0 0.08633333 0.95825 0.11866667 0.0835
0 0.05616667 0.96225 0.055 0.0405
0 0.01033333 0.96375 0.02066667 0.0135
0 0.49066667 0.73775 0.07 0.0255
0 0.55566667 0.713 0.06 0.003
0 0.574 0.64225 0.04133333 0.0255
0 0.57766667 0.531 0.09333333 0.005
0 0.5935 0.50675 0.105 0.0135
0 0.58216667 0.4885 0.07566667 0.004
0 0.66 0.475 0.03133333 0.023
0 0.71833333 0.496 0.06 0.008
0 0.7565 0.62 0.07566667 0.113
0 0.78933333 0.6865 0.01533333 0.077
0 0.523 0.77225 0.14733333 0.0025
0 0.57416667 0.977 0.09166667 0.038
0 0.59033333 0.9705 0.04666667 0.019
0 0.61233333 0.95475 0.044 0.0095
0 0.65466667 0.9725 0.03866667 0.004
0 0.725 0.9395 0.02333333 0.089
0 0.7575 0.973 0.02166667 0.054
0 0.855 0.91175 0.03866667 0.0065
0 0.82433333 0.975 0.01733333 0.05
0 0.84866667 0.882 0.028 0.004
0 0.965 0.6045 0.052 0.058
0 0.57316667 0.8355 0.16366667 0.059
0 0.55966667 0.81875 0.07733333 0.0495
0 0.59116667 0.859 0.17966667 0.039
0 0.50816667 0.97575 0.08166667 0.0325
0 0.21516667 0.50475 0.04566667 0.0225
0 0.43266667 0.0965 0.10533333 0.128
0 0.53966667 0.28575 0.00266667 0.1215
0 0.52833333 0.26875 0.002 0.0365
0 0.487 0.64875 0.05733333 0.1065
0 0.5895 0.20825 0.063 0.0475
0 0.5915 0.27275 0.035 0.0875
0 0.69 0.2205 0.10266667 0.031
0 0.77 0.17925 0.12933333 0.0265
0 0.7915 0.2265 0.115 0.035
0 0.859 0.23 0.054 0.004
0 0.748 0.11725 0.06733333 0.0565
0 0.69816667 0.12675 0.063 0.0485
0 0.64916667 0.16525 0.00433333 0.0795
0 0.7345 0.8685 0.05633333 0.09
0 0.17166667 0.719 0.052 0.096
0 0.16083333 0.6765 0.03566667 0.073
0 0.10566667 0.57875 0.026 0.0635
0 0.1505 0.7495 0.05633333 0.124
0 0.1995 0.80525 0.05366667 0.0955
0 0.543 0.587 0.02066667 0.039
0 0.63566667 0.8835 0.01866667 0.055
0 0.64783333 0.88275 0.01966667 0.0595
0 0.7425 0.82825 0.001 0.0525
0 0.756 0.814 0.00266667 0.089
0 0.695 0.401 0.042 0.112
0 0.67333333 0.384 0.028 0.105
0 0.42183333 0.14375 0.08366667 0.0175
0 0.42583333 0.1725 0.095 0.049
0 0.39883333 0.196 0.07366667 0.042
0 0.425 0.26 0.106 0.089
0 0.44933333 0.33225 0.13666667 0.1255
0 0.74533333 0.06 0.10533333 0.098
0 0.77533333 0.2715 0.02866667 0.042
0 0.97666667 0.88475 0.04666667 0.0015
0 0.12116667 0.83825 0.09166667 0.0215
0 0.15 0.80775 0.05933333 0.0175
0 0.21916667 0.37725 0.08633333 0.0135
0 0.30783333 0.399 0.053 0.011
0 0.28933333 0.109 0.03333333 0.07
0 0.3035 0.203 0.07366667 0.194
0 0.35916667 0.307 0.08166667 0.259
0 0.352 0.388 0.03133333 0.112
0 0.32216667 0.428 0.03633333 0.008
0 0.3075 0.36875 0.05566667 0.0045
0 0.22583333 0.37875 0.07766667 0.0155
0 0.13583333 0.40075 0.07966667 0.0405
0 0.09183333 0.40925 0.02833333 0.0605
0 0.07933333 0.3915 0.03333333 0.05
0 0.04 0.396 0.02733333 0.044
0 0.42866667 0.09325 0.096 0.0985
0 0.76816667 0.18325 0.10833333 0.0185
0 0.79683333 0.2265 0.101 0.035
0 0.71916667 0.49775 0.05833333 0.0045
0 0.76516667 0.64625 0.07166667 0.1405
0 0.58183333 0.53125 0.075 0.0105
0 0.596 0.50375 0.08466667 0.0225
0 0.57533333 0.6395 0.04933333 0.006
0 0.492 0.73725 0.06666667 0.0075
0 0.56166667 0.712 0.05266667 0.
0 0.606 0.86225 0.13333333 0.0395
0 0.56 0.84225 0.17266667 0.0575
0 0.4895 0.65225 0.05766667 0.1015
0 0.7015 0.131 0.05566667 0.044
0 0.74383333 0.11825 0.06766667 0.0545
0 0.73933333 0.0605 0.08066667 0.091
0 0.65466667 0.97675 0.06466667 0.0015
0 0.57666667 0.9795 0.06866667 0.035
0 0.05966667 0.96525 0.05666667 0.0335
0 0.092 0.95 0.14133333 0.076
0 0.19083333 0.762 0.085 0.2
0 0.27066667 0.494 0.04266667 0.024
0 0.25966667 0.5455 0.05066667 0.021
0 0.26816667 0.53475 0.019 0.0215
0 0.201 0.5 0.06066667 0.018
0 0.11 0.52575 0.07666667 0.0515
0 0.04083333 0.857 0.003 0.059
0 0.53133333 0.77275 0.14733333 0.0065
0 0.44 0.31525 0.16066667 0.2215
