0 0.65316667 0.82275 0.113 0.0225
0 0.7425 0.50325 0.04766667 0.0715
0 0.63516667 0.45025 0.02166667 0.0405
0 0.82783333 0.5935 0.07633333 0.074
0 0.9235 0.6705 0.07366667 0.077
0 0.97083333 0.145 0.05833333 0.112
0 0.49716667 0.8565 0.035 0.02
0 0.48066667 0.868 0.054 0.016
0 0.081 0.76675 0. 0.1535
0 0.05566667 0.80725 0.00533333 0.1375
0 0.14283333 0.88475 0.011 0.1925
0 0.13033333 0.51425 0.01266667 0.0955
0 0.2485 0.1765 0.14633333 0.1
0 0.3755 0.1335 0.185 0.003
0 0.4695 0.111 0.14633333 0.155
0 0.48733333 0.0875 0.096 0.121
0 0.59033333 0.12475 0.196 0.2495
0 0.53383333 0.196 0.06833333 0.055
0 0.32916667 0.234 0.14833333 0.004
0 0.487 0.1995 0.06133333 0.032
0 0.22333333 0.15425 0.10333333 0.0175
