0 0.3415 0.552 0.01966667 0.131
0 0.317 0.62075 0.04133333 0.0285
0 0.35183333 0.669 0.089 0.031
0 0.18 0.8795 0.08 0.128
0 0.08233333 0.92125 0.10333333 0.1575
0 0.30516667 0.91975 0.053 0.1605
0 0.3405 0.8835 0.09166667 0.233
0 0.21866667 0.57475 0.07266667 0.1985
0 0.22516667 0.49125 0.09966667 0.2195
0 0.27666667 0.15825 0.212 0.1335
0 0.3495 0.24 0.061 0.008
0 0.15216667 0.056 0.04766667 0.023
0 0.14733333 0.27425 0.05933333 0.0905
0 0.549 0.331 0.09533333 0.015
0 0.59833333 0.34775 0.08466667 0.0025
0 0.54166667 0.376 0.106 0.
0 0.6855 0.08025 0.007 0.0745
0 0.85116667 0.29975 0.07633333 0.2115
0 0.8975 0.308 0.099 0.023
0 0.4255 0.682 0.05833333 0.011
