0 0.22316667 0.0385 0.105 0.062
0 0.161 0.1075 0.1 0.079
0 0.42316667 0.17725 0.095 0.1065
0 0.394 0.112 0.018 0.182
0 0.42783333 0.03475 0.017 0.0635
0 0.4975 0.034 0.007 0.068
0 0.4575 0.3135 0.04833333 0.088
0 0.29283333 0.42575 0.113 0.1815
0 0.254 0.52825 0.03733333 0.1015
0 0.37433333 0.557 0.02533333 0.262
0 0.6045 0.263 0.06566667 0.026
0 0.55766667 0.357 0.202 0.159
0 0.49183333 0.70675 0.02233333 0.1715
0 0.6645 0.4765 0.03033333 0.083
0 0.63333333 0.625 0.018 0.135
0 0.67533333 0.6415 0.03733333 0.153
0 0.68133333 0.68175 0.01533333 0.0635
0 0.71416667 0.5605 0.03833333 0.215
0 0.749 0.49475 0.02733333 0.1195
0 0.83583333 0.1585 0.05566667 0.038
0 0.93733333 0.597 0.07666667 0.127
0 0.949 0.5515 0.03333333 0.085
0 0.96666667 0.4795 0.03666667 0.08
0 0.92016667 0.38325 0.03633333 0.0725
0 0.94383333 0.9175 0.06166667 0.165
0 0.55866667 0.431 0.012 0.074
