0 0.35716667 0.15975 0.15366667 0.0335
0 0.50583333 0.02825 0.07366667 0.0135
0 0.518 0.13 0.04933333 0.034
0 0.433 0.12875 0.072 0.0015
0 0.31633333 0.04175 0.13666667 0.0185
0 0.1375 0.2155 0.07166667 0.008
0 0.1005 0.6085 0.09166667 0.018
0 0.20933333 0.65025 0.13866667 0.0145
0 0.22016667 0.6895 0.06633333 0.031
0 0.09033333 0.70275 0.114 0.0175
0 0.06916667 0.72375 0.11166667 0.0215
0 0.08983333 0.95425 0.10433333 0.0135
0 0.37016667 0.58425 0.19433333 0.1015
0 0.4295 0.59575 0.131 0.0565
0 0.42816667 0.4725 0.06366667 0.042
0 0.4335 0.40825 0.069 0.0645
0 0.38 0.45275 0.08266667 0.1075
0 0.902 0.8155 0.04666667 0.078
0 0.076 0.8915 0.02066667 0.098
0 0.16983333 0.9395 0.05766667 0.043
