0 0.504 0.5165 0. 0.
0 0.53116667 0.55125 0.05433333 0.0695
0 0.69433333 0.649 0.02466667 0.17
0 0.69566667 0.54125 0.03666667 0.0995
0 0.71816667 0.54075 0.031 0.0885
0 0.7165 0.63975 0.02366667 0.1885
0 0.64433333 0.85725 0.01333333 0.1255
0 0.38283333 0.229 0.061 0.14
0 0.34383333 0.166 0.049 0.016
0 0.28083333 0.11375 0.08633333 0.1165
0 0.06583333 0.18525 0.13166667 0.1405
0 0.04433333 0.2965 0.08866667 0.084
0 0.82283333 0.223 0.011 0.049
0 0.8725 0.601 0.17033333 0.004
0 0.18633333 0.05925 0.00733333 0.0685
0 0.20466667 0.02825 0.00133333 0.0565
0 0.66383333 0.395 0.05633333 0.134
0 0.64033333 0.2525 0.07 0.012
0 0.64033333 0.26325 0.07533333 0.0095
