0 0.8365 0.924 0.08966667 0.023
0 0.41466667 0.85925 0.04933333 0.0015
0 0.37433333 0.91975 0.062 0.0065
0 0.301 0.40775 0.02333333 0.0905
0 0.32933333 0.413 0.03133333 0.09
0 0.48783333 0.35775 0.06833333 0.0415
0 0.504 0.345 0.034 0.027
0 0.526 0.34625 0.044 0.0055
0 0.655 0.8625 0.03933333 0.062
0 0.6065 0.895 0.03433333 0.062
0 0.63616667 0.816 0.03966667 0.058
0 0.79866667 0.23725 0.06666667 0.0675
0 0.766 0.23025 0.03333333 0.0215
0 0.81983333 0.32275 0.02433333 0.0555
0 0.12483333 0.42375 0.03233333 0.0905
0 0.1465 0.4265 0.043 0.131
0 0.09883333 0.0965 0.081 0.031
