0 0.16266667 0.41925 0.034 0.1805
0 0.04616667 0.665 0.017 0.131
0 0.61683333 0.92375 0.06366667 0.1525
0 0.52833333 0.80675 0.03066667 0.1065
0 0.5935 0.93525 0.04233333 0.1185
0 0.38816667 0.09425 0.047 0.0835
0 0.2115 0.24725 0.019 0.1145
0 0.55266667 0.2985 0.10066667 0.096
0 0.53333333 0.2305 0.13933333 0.154
0 0.82166667 0.4535 0.10533333 0.001
0 0.74266667 0.3835 0.028 0.058
0 0.8985 0.77 0.10766667 0.058
0 0.89716667 0.7405 0.05833333 0.034
0 0.899 0.84225 0.09066667 0.0105
0 0.95733333 0.83225 0.06933333 0.0365
0 0.88583333 0.409 0.063 0.001
0 0.8975 0.355 0.04833333 0.055
