0 0.5755 0.6025 0.08166667 0.024
0 0.59883333 0.545 0.109 0.05
0 0.132 0.80075 0. 0.1025
0 0.1135 0.89775 0.01166667 0.0405
0 0.54183333 0.2385 0.03966667 0.062
0 0.9285 0.221 0.02433333 0.086
0 0.9475 0.12525 0.02433333 0.0915
0 0.91416667 0.09975 0.015 0.0725
0 0.79733333 0.27425 0.01866667 0.1715
0 0.7875 0.1805 0.015 0.051
0 0.4595 0.43125 0.019 0.0595
0 0.55933333 0.698 0.10533333 0.043
0 0.54483333 0.723 0.107 0.055
0 0.73416667 0.80175 0.03766667 0.0055
0 0.68283333 0.0655 0.027 0.02
0 0.686 0.0155 0.008 0.031
