0 0.31866667 0.5225 0.078 0.197
0 0.0895 0.447 0.13433333 0.082
0 0.23083333 0.43725 0.05966667 0.0225
0 0.23433333 0.413 0.16133333 0.068
0 0.24433333 0.38625 0.05666667 0.0245
0 0.346 0.737 0.04133333 0.071
0 0.38583333 0.7515 0.04233333 0.036
0 0.51866667 0.822 0.05933333 0.023
0 0.656 0.59475 0.02133333 0.1285
0 0.69033333 0.58475 0.04533333 0.1275
0 0.72566667 0.60075 0.02733333 0.0925
0 0.7455 0.775 0.03433333 0.086
0 0.87883333 0.6115 0.03633333 0.153
0 0.647 0.034 0.04733333 0.068
0 0.9015 0.279 0.06166667 0.103
0 0.92883333 0.79025 0.08766667 0.0015
0 0.447 0.63475 0.00733333 0.0695
