0 0.57966667 0.6855 0.09466667 0.01
0 0.95616667 0.70625 0.057 0.0515
0 0.97916667 0.71575 0.04166667 0.0345
0 0.94466667 0.24775 0.10533333 0.0565
0 0.20066667 0.158 0.08066667 0.004
0 0.44533333 0.457 0.09733333 0.012
0 0.5215 0.4755 0.06966667 0.011
0 0.6715 0.4485 0.09033333 0.005
0 0.65766667 0.5135 0.10333333 0.014
0 0.361 0.496 0.122 0.005
0 0.41783333 0.7385 0.155 0.003
0 0.40166667 0.682 0.12533333 0.001
0 0.85666667 0.834 0.01666667 0.168
0 0.95983333 0.827 0.03233333 0.186
0 0.94633333 0.93875 0.07 0.0415
