0 0.4705 0.41025 0.02966667 0.1495
0 0.45866667 0.41775 0.01866667 0.0785
0 0.54 0.16375 0.052 0.0205
0 0.48783333 0.151 0.045 0.038
0 0.48516667 0.132 0.03233333 0.059
0 0.29066667 0.3645 0.01866667 0.069
0 0.27 0.33625 0.03533333 0.0905
0 0.2685 0.41775 0.01433333 0.0835
0 0.02383333 0.7985 0.04766667 0.031
0 0.8615 0.59375 0.009 0.1495
0 0.88683333 0.4595 0.027 0.121
0 0.9705 0.31125 0.03233333 0.0785
0 0.98433333 0.55325 0.02066667 0.0795
0 0.75933333 0.1145 0.02333333 0.059
0 0.58166667 0.23375 0.00266667 0.0475
0 0.526 0.919 0.03133333 0.027
0 0.06816667 0.82 0.045 0.007
