0 0.406 0.622 0.02333333 0.066
0 0.35566667 0.55375 0.05933333 0.0055
0 0.61766667 0.928 0.01533333 0.055
0 0.58116667 0.901 0.05033333 0.058
0 0.50583333 0.95025 0.05766667 0.0565
0 0.69533333 0.49475 0.02866667 0.1295
0 0.89033333 0.328 0.04333333 0.085
0 0.27083333 0.0195 0.08166667 0.039
0 0.39266667 0.03975 0.03066667 0.0795
0 0.97483333 0.67925 0.05033333 0.0485
0 0.9605 0.55325 0.06633333 0.0225
0 0.9115 0.62 0.07833333 0.054
0 0.4465 0.24325 0.009 0.0605
0 0.41733333 0.02225 0.02066667 0.0445
