0 0.19266667 0.41425 0.00266667 0.0605
0 0.11366667 0.3895 0.00266667 0.102
0 0.115 0.48575 0.00533333 0.0685
0 0.0365 0.29175 0.01166667 0.0905
0 0.32216667 0.13 0.18966667 0.26
0 0.41733333 0.07675 0.09066667 0.0165
0 0.51883333 0.06925 0.04766667 0.0095
0 0.6065 0.06875 0.05233333 0.0705
0 0.461 0.10975 0.09866667 0.0205
0 0.3705 0.30875 0.107 0.1835
0 0.27316667 0.47575 0.07166667 0.0995
0 0.33066667 0.4575 0.034 0.034
0 0.841 0.69725 0.14933333 0.3275
0 0.8985 0.53425 0.10766667 0.1925
0 0.814 0.88275 0.054 0.1455
