0 0.50583333 0.4865 0.165 0.062
0 0.68416667 0.39775 0.09433333 0.1805
0 0.633 0.21625 0.06 0.2005
0 0.7485 0.296 0.04833333 0.101
0 0.84 0.52825 0.05733333 0.0835
0 0.85033333 0.475 0.10866667 0.214
0 0.92666667 0.58575 0.10333333 0.0525
0 0.98833333 0.60425 0.02333333 0.0795
0 0.97066667 0.67975 0.05666667 0.0255
0 0.93483333 0.729 0.035 0.062
0 0.92683333 0.80725 0.051 0.0705
0 0.81933333 0.816 0.02866667 0.125
0 0.81266667 0.777 0.01533333 0.077
0 0.82833333 0.93675 0.036 0.1265
0 0.894 0.2305 0.04133333 0.059
0 0.93033333 0.2155 0.028 0.124
0 0.756 0.05575 0.03333333 0.0175
0 0.72266667 0.1995 0.062 0.032
0 0.84283333 0.203 0.04833333 0.066
0 0.59483333 0.393 0.12766667 0.012
0 0.40116667 0.29375 0.123 0.0405
0 0.1605 0.10525 0.071 0.1455
0 0.27616667 0.0385 0.00633333 0.077
0 0.04633333 0.46825 0.05466667 0.1495
0 0.877 0.376 0.04133333 0.016
0 0.84583333 0.38325 0.04233333 0.0365
0 0.3585 0.22175 0.061 0.0475
0 0.35133333 0.2385 0.06666667 0.046
