0 0.32083333 0.923 0.03966667 0.062
0 0.20933333 0.81925 0.04466667 0.1885
0 0.071 0.963 0.02333333 0.074
0 0.04083333 0.62525 0.08166667 0.0295
0 0.02283333 0.6395 0.04566667 0.026
0 0.1645 0.6685 0.14566667 0.032
0 0.31933333 0.27225 0.028 0.1775
0 0.14966667 0.33375 0.03666667 0.0525
0 0.16083333 0.02425 0.027 0.0485
0 0.22466667 0.031 0.034 0.062
0 0.654 0.529 0.04666667 0.004
0 0.63033333 0.39825 0.04933333 0.0045
0 0.39616667 0.905 0.05766667 0.19
0 0.3315 0.78775 0.03033333 0.0875
0 0.30583333 0.52975 0.071 0.0675
0 0.141 0.94875 0.036 0.1025
