0 0.48483333 0.5835 0.107 0.091
0 0.51966667 0.506 0.082 0.082
0 0.492 0.44525 0.05866667 0.0515
0 0.3615 0.459 0.16166667 0.094
0 0.52016667 0.8735 0.01233333 0.135
0 0.41316667 0.2025 0.107 0.25
0 0.6045 0.19025 0.001 0.1775
0 0.65466667 0.1925 0.006 0.103
0 0.67216667 0.0605 0.017 0.103
0 0.66266667 0.034 0.01 0.068
0 0.845 0.6925 0.01533333 0.167
0 0.92933333 0.8265 0.05666667 0.135
0 0.87866667 0.722 0. 0.068
0 0.894 0.6825 0.018 0.056
0 0.95916667 0.79675 0.04966667 0.1485
0 0.87883333 0.534 0.02233333 0.08
0 0.851 0.544 0.02933333 0.076
0 0.97366667 0.4325 0.05266667 0.047
