0 0.2595 0.01825 0.03633333 0.0365
0 0.61666667 0.03875 0.074 0.0775
0 0.50716667 0.103 0.105 0.082
0 0.4045 0.04775 0.009 0.0775
0 0.149 0.337 0.086 0.065
0 0.03733333 0.6545 0.07466667 0.006
0 0.27366667 0.8635 0.08066667 0.012
0 0.32816667 0.915 0.04233333 0.015
0 0.32116667 0.938 0.05033333 0.018
0 0.1515 0.81375 0.091 0.0695
0 0.47766667 0.762 0.07466667 0.091
0 0.46216667 0.685 0.08566667 0.097
0 0.3035 0.569 0.06566667 0.129
0 0.31816667 0.55075 0.03633333 0.0805
0 0.61816667 0.48175 0.01233333 0.1155
0 0.78383333 0.38025 0.079 0.0485
0 0.7935 0.76875 0.05566667 0.1045
0 0.361 0.2645 0.03733333 0.071
0 0.28383333 0.2015 0.083 0.091
0 0.27583333 0.222 0.101 0.12
0 0.29133333 0.26975 0.03533333 0.0665
