0 0.327 0.82275 0.178 0.1195
0 0.36083333 0.72975 0.04033333 0.0365
0 0.36616667 0.6765 0.03166667 0.043
0 0.34583333 0.88 0.081 0.059
0 0.2125 0.9185 0.193 0.074
0 0.14466667 0.91175 0.08266667 0.0225
0 0.119 0.77975 0.05466667 0.0175
0 0.03366667 0.663 0.05466667 0.086
0 0.27816667 0.577 0.18233333 0.027
0 0.15666667 0.397 0.08533333 0.074
0 0.185 0.419 0.09533333 0.089
0 0.24216667 0.21425 0.15566667 0.0435
0 0.089 0.27225 0.10066667 0.0325
0 0.05916667 0.14825 0.10966667 0.1075
0 0.49366667 0.18925 0.04933333 0.1685
0 0.63983333 0.159 0.009 0.156
0 0.78433333 0.333 0.00533333 0.116
0 0.836 0.17025 0.02066667 0.2035
0 0.796 0.0425 0.002 0.077
0 0.6015 0.29025 0.00433333 0.1145
0 0.70033333 0.84425 0.046 0.0875
0 0.71116667 0.905 0.091 0.16
0 0.59116667 0.9435 0.01433333 0.113
0 0.275 0.794 0.11133333 0.054
0 0.19133333 0.7305 0.108 0.057
0 0.9915 0.62375 0.017 0.0485
