0 0.049 0.519 0.072 0.129
0 0.21716667 0.407 0.00233333 0.147
0 0.21216667 0.59775 0.01233333 0.1195
0 0.26766667 0.6145 0.05866667 0.062
0 0.25516667 0.6325 0.07566667 0.053
0 0.3965 0.74075 0.13233333 0.0545
0 0.5555 0.74775 0.15766667 0.0105
0 0.61866667 0.816 0.084 0.035
0 0.57083333 0.622 0.097 0.177
0 0.502 0.4175 0.05466667 0.174
0 0.62633333 0.5135 0.05466667 0.103
0 0.71666667 0.7425 0.04533333 0.1
0 0.752 0.7485 0.126 0.206
0 0.92433333 0.91225 0.12533333 0.0335
0 0.86616667 0.79925 0.03966667 0.1255
0 0.97833333 0.81675 0.04133333 0.1815
0 0.94183333 0.28725 0.05366667 0.1955
0 0.6955 0.59225 0.04566667 0.0455
0 0.81766667 0.4635 0.02933333 0.115
0 0.209 0.29025 0.012 0.0835
0 0.12183333 0.3325 0.001 0.126
