0 0.11666667 0.2015 0.122 0.109
0 0.11416667 0.246 0.089 0.056
0 0.11866667 0.6915 0.116 0.041
0 0.57633333 0.88575 0.04333333 0.0835
0 0.612 0.54175 0.07066667 0.0135
0 0.62483333 0.5765 0.06166667 0.005
0 0.74533333 0.9015 0.07266667 0.109
0 0.81916667 0.875 0.075 0.232
0 0.5915 0.81125 0.05166667 0.1105
0 0.67333333 0.37425 0.02133333 0.0515
0 0.68983333 0.1635 0.081 0.018
0 0.694 0.209 0.05866667 0.
0 0.52733333 0.17875 0.04866667 0.0125
0 0.87533333 0.0355 0.02133333 0.071
0 0.964 0.03175 0.02933333 0.0485
0 0.87783333 0.19525 0.03233333 0.0515
