0 0.33466667 0.18925 0.01866667 0.0525
0 0.35 0.20875 0.01333333 0.0405
0 0.39 0.08425 0.054 0.1685
0 0.3765 0.0405 0.029 0.081
0 0.32483333 0.066 0.05833333 0.132
0 0.217 0.33825 0.046 0.0325
0 0.678 0.39275 0.09266667 0.0175
0 0.76133333 0.448 0.18066667 0.058
0 0.81316667 0.4945 0.097 0.016
0 0.854 0.53225 0.02933333 0.0025
0 0.65233333 0.4945 0.06466667 0.024
0 0.52033333 0.7365 0.088 0.085
0 0.40566667 0.768 0.03533333 0.062
0 0.20483333 0.7635 0.05033333 0.155
0 0.207 0.928 0.044 0.144
0 0.05 0.6625 0.08 0.147
0 0.75566667 0.14675 0.14733333 0.0485
0 0.66533333 0.0855 0.08 0.042
0 0.66616667 0.054 0.14833333 0.078
0 0.62666667 0.02225 0.03333333 0.0445
0 0.924 0.0135 0.10333333 0.016
0 0.943 0.1825 0.078 0.004
0 0.934 0.1165 0.06733333 0.004
0 0.98516667 0.96425 0.02966667 0.0685
0 0.2165 0.55675 0.01633333 0.1025
0 0.3275 0.96825 0.019 0.0635
0 0.25283333 0.448 0.001 0.069
0 0.31 0.3405 0.08466667 0.058
0 0.23366667 0.0695 0.016 0.104
