0 0.04933333 0.55475 0.036 0.0015
0 0.12266667 0.837 0.03133333 0.038
0 0.389 0.58175 0.002 0.1145
0 0.39716667 0.514 0.01433333 0.066
0 0.359 0.43 0.02266667 0.051
0 0.305 0.39 0.062 0.012
0 0.45266667 0.2695 0.04133333 0.119
0 0.44116667 0.18725 0.025 0.0755
0 0.79466667 0.35975 0.044 0.1485
0 0.78133333 0.54175 0.02066667 0.0565
0 0.70216667 0.837 0.08566667 0.016
0 0.7655 0.83825 0.06833333 0.0105
0 0.97033333 0.2185 0.05933333 0.043
0 0.86833333 0.30975 0.028 0.0135
0 0.9475 0.37325 0.035 0.0245
0 0.9775 0.43525 0.045 0.0515
0 0.557 0.18925 0.00733333 0.0715
