0 0.62066667 0.402 0.09933333 0.003
0 0.67283333 0.40375 0.041 0.0205
0 0.68833333 0.33425 0.01933333 0.0465
0 0.70966667 0.35275 0.00333333 0.0515
0 0.90566667 0.20925 0.092 0.0465
0 0.93983333 0.22 0.065 0.025
0 0.7375 0.1455 0.027 0.011
0 0.72983333 0.1285 0.03566667 0.001
0 0.7255 0.19325 0.04433333 0.0505
0 0.56616667 0.24975 0.12966667 0.1225
0 0.598 0.24775 0.11533333 0.1185
0 0.59766667 0.425 0.11066667 0.02
0 0.51883333 0.11025 0.06166667 0.0935
0 0.20533333 0.64775 0.01333333 0.0995
0 0.32216667 0.47025 0.043 0.0585
0 0.302 0.51075 0.01066667 0.0495
0 0.289 0.54575 0.02333333 0.0485
0 0.38583333 0.55775 0.06966667 0.0365
0 0.3245 0.5275 0.03833333 0.024
0 0.32883333 0.5105 0.039 0.022
0 0.40666667 0.61575 0.094 0.0615
0 0.53733333 0.799 0.08266667 0.011
0 0.68816667 0.912 0.05166667 0.105
0 0.71383333 0.912 0.053 0.137
0 0.761 0.85025 0.02666667 0.0635
0 0.11066667 0.5075 0.00266667 0.143
0 0.09566667 0.5045 0.01133333 0.131
0 0.814 0.27825 0.07933333 0.0515
