0 0.21833333 0.384 0.23 0.016
0 0.412 0.4785 0.01533333 0.027
0 0.51533333 0.628 0.17533333 0.226
0 0.5045 0.649 0.18766667 0.225
0 0.51166667 0.81475 0.07666667 0.0145
0 0.38366667 0.79125 0.088 0.0295
0 0.4015 0.752 0.10233333 0.067
0 0.12716667 0.4245 0.055 0.119
0 0.1065 0.4345 0.04966667 0.104
0 0.09483333 0.45625 0.04766667 0.0795
0 0.027 0.25725 0.02333333 0.0675
0 0.05616667 0.1805 0.00966667 0.124
0 0.09333333 0.157 0.00533333 0.101
0 0.09283333 0.24275 0.053 0.0915
0 0.114 0.29375 0.04666667 0.1025
0 0.186 0.2035 0.072 0.049
0 0.87733333 0.46825 0.19666667 0.0605
0 0.82916667 0.601 0.151 0.043
0 0.57766667 0.83975 0.09866667 0.0375
0 0.77983333 0.88675 0.10966667 0.0485
