0 0.12216667 0.668 0.03833333 0.091
0 0.21216667 0.56525 0.04833333 0.1395
0 0.1575 0.66275 0.03233333 0.1045
0 0.1365 0.53125 0.03633333 0.0955
0 0.03033333 0.429 0.06066667 0.
0 0.07333333 0.344 0.092 0.027
0 0.443 0.803 0.02533333 0.23
0 0.38833333 0.644 0.04733333 0.191
0 0.08983333 0.056 0.01633333 0.067
0 0.09733333 0.125 0.03533333 0.117
0 0.059 0.06075 0.02333333 0.0605
0 0.057 0.128 0.02333333 0.123
0 0.67783333 0.11525 0.01433333 0.0605
0 0.67266667 0.07425 0.016 0.0935
0 0.51766667 0.443 0.02133333 0.162
