0 0.075 0.4345 0.08333333 0.074
0 0.11583333 0.50325 0.10966667 0.0875
0 0.16616667 0.68925 0.08966667 0.0415
0 0.13433333 0.64075 0.05133333 0.0415
0 0.3055 0.58825 0.11833333 0.0065
0 0.32066667 0.55525 0.07533333 0.0025
0 0.47766667 0.122 0.03866667 0.144
0 0.362 0.07125 0.052 0.0055
0 0.25516667 0.0775 0.065 0.004
0 0.26466667 0.10925 0.098 0.0105
0 0.91416667 0.6915 0.01166667 0.081
0 0.97383333 0.977 0.05033333 0.046
0 0.90666667 0.10975 0.01066667 0.1385
0 0.866 0.07225 0.00533333 0.0605
0 0.98883333 0.12525 0.00433333 0.0995
0 0.93983333 0.27225 0.07566667 0.1025
0 0.93716667 0.33625 0.08633333 0.1035
0 0.03416667 0.799 0.05366667 0.027
