0 0.22366667 0.11175 0.11866667 0.0025
0 0.09166667 0.234 0.068 0.012
0 0.1495 0.019 0.035 0.027
0 0.38133333 0.552 0.05133333 0.104
0 0.376 0.4325 0.008 0.108
0 0.51933333 0.314 0.036 0.043
0 0.53283333 0.39625 0.04833333 0.0595
0 0.6425 0.30325 0.01966667 0.0805
0 0.73816667 0.6255 0.05833333 0.043
0 0.92533333 0.861 0.07533333 0.062
0 0.554 0.92525 0.044 0.1365
0 0.526 0.857 0.01333333 0.062
0 0.5 0.85925 0.02266667 0.1495
0 0.694 0.48175 0.044 0.0825
0 0.59116667 0.294 0.02166667 0.054
0 0.0665 0.71025 0.03033333 0.0325
0 0.24483333 0.858 0.04233333 0.023
