0 0.08216667 0.83775 0.16433333 0.0365
0 0.0795 0.90225 0.07833333 0.0125
0 0.28 0.79975 0.05666667 0.0365
0 0.25016667 0.95025 0.01166667 0.0995
0 0.43483333 0.68925 0.08633333 0.0715
0 0.6365 0.82975 0.037 0.0175
0 0.62533333 0.8065 0.02866667 0.042
0 0.81666667 0.56075 0.07 0.1185
0 0.75683333 0.529 0.053 0.082
0 0.734 0.43675 0.08066667 0.1345
0 0.73716667 0.40425 0.051 0.0755
0 0.983 0.252 0.034 0.008
0 0.91766667 0.18925 0.02066667 0.0685
0 0.9345 0.1935 0.027 0.055
0 0.938 0.18525 0.034 0.0525
0 0.61716667 0.63875 0.02166667 0.0595
