0 0.957 0.21625 0.03066667 0.0585
0 0.76716667 0.49975 0.11833333 0.0375
0 0.76 0.70875 0.09466667 0.0805
0 0.87383333 0.79425 0.03633333 0.0365
0 0.899 0.84775 0.04333333 0.0425
0 0.80066667 0.69 0.062 0.023
0 0.72116667 0.72775 0.061 0.0645
0 0.752 0.79475 0.07733333 0.0775
0 0.91516667 0.70825 0.12166667 0.0315
0 0.7145 0.2345 0.03833333 0.095
0 0.70516667 0.25675 0.05566667 0.1285
0 0.66216667 0.3675 0.033 0.109
0 0.59933333 0.64675 0.008 0.0795
0 0.54833333 0.68625 0.01466667 0.0835
0 0.3825 0.599 0.06833333 0.119
0 0.44216667 0.515 0.04566667 0.013
0 0.29366667 0.3815 0.092 0.028
0 0.21316667 0.3635 0.07033333 0.016
0 0.26433333 0.4255 0.10066667 0.021
0 0.1075 0.8285 0.06433333 0.046
0 0.01583333 0.3805 0.03166667 0.026
0 0.398 0.531 0.044 0.015
