0 0.49016667 0.50525 0.107 0.1455
0 0.447 0.204 0.07066667 0.023
0 0.42133333 0.145 0.08266667 0.058
0 0.3315 0.1665 0.06633333 0.012
0 0.293 0.07125 0.07733333 0.0485
0 0.10816667 0.205 0.09966667 0.097
0 0.10883333 0.091 0.01433333 0.123
0 0.09133333 0.06325 0.02066667 0.1265
0 0.15 0.3585 0.072 0.003
0 0.2305 0.42375 0.087 0.0205
0 0.3375 0.5195 0.053 0.02
0 0.27666667 0.523 0.02866667 0.016
0 0.762 0.7075 0.11333333 0.057
0 0.6935 0.6935 0.09166667 0.117
0 0.77983333 0.63 0.07366667 0.034
0 0.916 0.64975 0.06733333 0.0055
0 0.859 0.09025 0.09 0.0805
0 0.9555 0.01675 0.05633333 0.0335
0 0.8405 0.064 0.141 0.112
0 0.64366667 0.03175 0.116 0.0635
0 0.62166667 0.223 0.09866667 0.088
0 0.5535 0.27075 0.05233333 0.0055
0 0.47433333 0.13675 0.08466667 0.0765
0 0.43983333 0.12725 0.05633333 0.0555
0 0.429 0.653 0.10866667 0.007
0 0.461 0.6335 0.11333333 0.003
0 0.57316667 0.69125 0.10233333 0.0025
0 0.43616667 0.7385 0.04566667 0.019
