0 0.27716667 0.60525 0.13766667 0.0755
0 0.28666667 0.81875 0.08066667 0.1015
0 0.41833333 0.8175 0.05666667 0.128
0 0.4425 0.81275 0.02633333 0.0675
0 0.1365 0.83575 0.009 0.0485
0 0.14966667 0.837 0.00466667 0.065
0 0.12316667 0.851 0.00166667 0.031
0 0.284 0.54575 0.178 0.0915
0 0.27133333 0.56875 0.17266667 0.0915
0 0.20716667 0.1455 0.037 0.291
0 0.155 0.1455 0.006 0.162
0 0.828 0.403 0.008 0.124
0 0.85433333 0.4305 0.00533333 0.198
0 0.4305 0.61325 0.07366667 0.0805
0 0.4205 0.60225 0.059 0.0835
0 0.20616667 0.156 0.03633333 0.291
0 0.15466667 0.1555 0. 0.15
0 0.25766667 0.5325 0.12333333 0.062
0 0.27116667 0.56725 0.177 0.0985
0 0.27333333 0.60525 0.15866667 0.0835
0 0.28883333 0.8205 0.107 0.126
0 0.41766667 0.81675 0.07 0.1515
0 0.4415 0.81425 0.02633333 0.0925
0 0.42883333 0.612 0.08966667 0.097
0 0.56016667 0.86375 0.009 0.2275
0 0.82883333 0.41 0.007 0.144
0 0.854 0.438 0.01733333 0.221
0 0.15 0.8385 0.00933333 0.062
0 0.13533333 0.834 0.008 0.035
0 0.12133333 0.853 0.002 0.03
0 0.12083333 0.94775 0.005 0.0435
