0 0.08033333 0.3165 0.03866667 0.062
0 0.1465 0.225 0.05233333 0.086
0 0.06783333 0.2265 0.00833333 0.097
0 0.04583333 0.8335 0.07566667 0.015
0 0.01933333 0.7575 0.03866667 0.113
0 0.00766667 0.696 0.01533333 0.031
0 0.08716667 0.72575 0.01966667 0.2165
0 0.46666667 0.35175 0.05666667 0.0805
0 0.55533333 0.30125 0.09866667 0.0175
0 0.71116667 0.24575 0.089 0.1065
0 0.82333333 0.33225 0.044 0.0335
0 0.7695 0.41375 0.07433333 0.0485
0 0.71916667 0.12275 0.107 0.1025
0 0.78883333 0.14075 0.13833333 0.1525
0 0.81933333 0.19475 0.09 0.1035
0 0.79783333 0.12275 0.06833333 0.0865
0 0.76233333 0.06 0.08 0.093
0 0.52466667 0.11925 0.10266667 0.0145
0 0.367 0.16825 0.062 0.0405
0 0.05433333 0.23975 0.00466667 0.0945
0 0.05933333 0.94275 0.002 0.0495
0 0.19316667 0.85975 0.01633333 0.0515
0 0.21166667 0.69825 0.08 0.0675
