0 0.28483333 0.54025 0.00366667 0.1455
0 0.20133333 0.49125 0.00533333 0.0765
0 0.26266667 0.756 0.00266667 0.097
0 2.93333333e-01 8.51000000e-01 6.66666667e-04 1.01000000e-01
0 0.36583333 0.812 0.09166667 0.214
0 0.3945 0.46975 0.12033333 0.0065
0 0.4645 0.48025 0.05566667 0.0445
0 0.43533333 0.3565 0.08733333 0.012
0 0.47433333 0.34225 0.04133333 0.0325
0 0.554 0.471 0.03866667 0.225
0 0.337 0.21575 0.016 0.0755
0 0.53866667 0.021 0.03133333 0.042
0 0.61233333 0.0855 0.098 0.055
0 0.86116667 0.27075 0.09433333 0.1185
0 0.92416667 0.2945 0.053 0.061
0 0.94916667 0.19075 0.10166667 0.0205
0 0.89033333 0.07625 0.09333333 0.1525
0 0.80283333 0.1525 0.04566667 0.027
0 0.79233333 0.12 0.054 0.032
0 0.9285 0.07825 0.06033333 0.1135
0 0.94616667 0.05725 0.06633333 0.1145
0 0.70983333 0.6435 0.03766667 0.066
0 0.084 0.71575 0.096 0.0215
