0 0.54133333 0.51125 0.01866667 0.1955
0 0.59833333 0.486 0.00533333 0.101
0 0.24083333 0.26125 0.10966667 0.0135
0 0.18866667 0.79175 0.06133333 0.0175
0 0.16216667 0.7535 0.00833333 0.078
0 0.03416667 0.785 0.061 0.05
0 0.5625 0.40025 0.025 0.0705
0 0.90166667 0.488 0.03333333 0.089
0 0.70833333 0.23725 0.03333333 0.0755
0 0.8185 0.926 0.05766667 0.148
0 0.832 0.90425 0.07733333 0.1915
0 0.868 0.94825 0.04133333 0.0875
0 0.89583333 0.866 0.05566667 0.055
0 0.73766667 0.866 0.03066667 0.039
0 0.726 0.95275 0.04333333 0.0165
0 0.7705 0.5915 0.07633333 0.016
0 0.51983333 0.90925 0.10166667 0.0175
0 0.332 0.93925 0.07266667 0.0245
