0 0.32566667 0.2175 0.02133333 0.065
0 0.48783333 0.14325 0.03633333 0.0345
0 0.68183333 0.0675 0.04833333 0.059
0 0.2985 0.51875 0.025 0.0985
0 0.4025 0.53325 0.023 0.1335
0 0.38633333 0.494 0.00933333 0.067
0 0.32883333 0.66575 0.08166667 0.0045
0 0.44183333 0.71125 0.05166667 0.0045
0 0.42183333 0.771 0.05766667 0.006
0 0.40666667 0.6455 0.04333333 0.027
0 0.48183333 0.60525 0.04233333 0.0045
0 0.44133333 0.65375 0.07266667 0.0345
0 0.51066667 0.6545 0.098 0.039
0 0.03333333 0.925 0.03 0.044
