0 0.34083333 0.077 0.11766667 0.151
0 0.084 0.15825 0.026 0.1145
0 0.0485 0.09625 0.007 0.0905
0 0.11733333 0.28925 0.04933333 0.1225
0 0.07766667 0.523 0.07266667 0.081
0 0.02966667 0.49325 0.05933333 0.0055
0 0.0625 0.75125 0.02233333 0.0905
0 0.07633333 0.85775 0.03066667 0.0525
0 0.39483333 0.64975 0.355 0.0135
0 0.36566667 0.55125 0.27133333 0.0325
0 0.54316667 0.622 0.08366667 0.031
0 0.48066667 0.765 0. 0.128
0 0.46583333 0.86 0.017 0.07
0 0.55 0.76875 0.08266667 0.0685
0 0.59083333 0.81125 0.13033333 0.1535
0 0.68683333 0.653 0.09966667 0.088
0 0.89983333 0.7675 0.121 0.152
0 0.8715 0.86525 0.029 0.0435
0 0.99283333 0.59775 0.01433333 0.0225
0 0.491 0.29775 0.14666667 0.1185
0 0.55916667 0.28525 0.13566667 0.1065
0 0.40383333 0.46225 0.04966667 0.0595
0 0.448 0.43725 0.116 0.1175
0 0.54766667 0.36525 0.062 0.0535
0 0.54183333 0.17175 0.17233333 0.0985
0 0.52883333 0.147 0.16633333 0.081
0 0.34766667 0.28375 0.052 0.0285
0 0.36083333 0.2425 0.089 0.016
0 0.40516667 0.30525 0.07366667 0.0395
0 0.1945 0.599 0.141 0.031
0 0.01566667 0.73925 0.03133333 0.0205
