0 0.48866667 0.532 0.01466667 0.166
0 0.39116667 0.57075 0.063 0.2555
0 0.21716667 0.49175 0.139 0.0935
0 0.44733333 0.16775 0.03266667 0.2545
0 0.68083333 0.1575 0.12433333 0.176
0 0.77016667 0.43975 0.07966667 0.0745
0 0.81183333 0.48325 0.053 0.0445
0 0.8855 0.675 0.04633333 0.261
0 0.811 0.6045 0.08533333 0.025
0 0.9245 0.65 0.061 0.019
0 0.74133333 0.755 0.00866667 0.248
0 0.69933333 0.7565 0.01066667 0.116
0 0.07383333 0.40775 0.05366667 0.0505
0 0.10833333 0.437 0.00466667 0.004
0 0.95333333 0.69675 0.08 0.0385
