0 0.0665 0.5795 0.06833333 0.043
0 0.04616667 0.5345 0.04233333 0.039
0 0.05033333 0.49 0.034 0.023
0 0.1315 0.49925 0.035 0.0335
0 0.1825 0.5005 0.063 0.012
0 0.1845 0.422 0.07633333 0.008
0 0.13866667 0.07825 0.12666667 0.0165
0 0.02433333 0.26 0.04866667 0.024
0 0.25333333 0.86575 0.07533333 0.0985
0 0.27533333 0.886 0.064 0.093
0 0.24166667 0.98 0.07933333 0.027
0 0.1685 0.965 0.04033333 0.057
0 0.42 0.68475 0.114 0.1185
0 0.37916667 0.46025 0.059 0.0475
0 0.38866667 0.51 0.044 0.042
0 0.47533333 0.50825 0.08466667 0.1375
0 0.48516667 0.46025 0.081 0.0985
0 0.30916667 0.4905 0.081 0.097
0 0.3535 0.39075 0.073 0.0645
0 0.54133333 0.04375 0.09266667 0.0255
0 0.6675 0.1415 0.06633333 0.03
0 0.86433333 0.31675 0.052 0.0675
0 0.934 0.345 0.12866667 0.084
0 0.93166667 0.248 0.03933333 0.059
0 0.9685 0.72375 0.045 0.0725
0 0.6635 0.78825 0.09766667 0.1725
0 0.602 0.618 0.072 0.158
0 0.21283333 0.2615 0.061 0.032
