0 0.56333333 0.89825 0.20866667 0.0395
0 0.90883333 0.88225 0.04033333 0.0985
0 0.881 0.8895 0.062 0.124
0 0.85316667 0.818 0.037 0.019
0 0.85266667 0.69 0.02 0.054
0 0.95016667 0.5585 0.02433333 0.047
0 0.4735 0.384 0.10433333 0.105
0 0.17966667 0.374 0.04866667 0.02
0 0.30133333 0.2595 0.03133333 0.096
0 0.3415 0.25825 0.02166667 0.0445
0 0.35433333 0.21225 0.00266667 0.0365
0 0.346 0.20425 0.00533333 0.0475
0 0.10416667 0.29375 0.20833333 0.1345
0 0.17566667 0.82875 0.03333333 0.0675
0 0.03866667 0.9805 0.02533333 0.039
