0 0.21566667 0.122 0.04133333 0.047
0 0.19083333 0.0455 0.03233333 0.015
0 0.18033333 0.08325 0.03333333 0.0245
0 0.31666667 0.213 0.14266667 0.047
0 0.145 0.326 0.092 0.
0 0.099 0.35525 0.14733333 0.0655
0 0.02566667 0.3955 0.03733333 0.118
0 0.18083333 0.59775 0.01433333 0.1685
0 0.23133333 0.431 0.06066667 0.114
0 0.28433333 0.69 0.17666667 0.05
0 0.25166667 0.7385 0.2 0.041
0 0.16466667 0.88475 0.13733333 0.1545
0 0.62366667 0.834 0.22933333 0.12
0 0.7035 0.73175 0.05566667 0.0275
0 0.62666667 0.86675 0.096 0.0695
0 0.439 0.4135 0.17266667 0.112
0 0.72883333 0.037 0.07166667 0.059
0 0.71616667 0.12275 0.085 0.0605
0 0.7025 0.16675 0.05766667 0.0425
0 0.09533333 0.94225 0.03133333 0.0485
