0 0.12883333 0.35 0.12233333 0.221
0 0.1535 0.32125 0.04033333 0.0425
0 0.22216667 0.28325 0.117 0.1305
0 0.244 0.32725 0.098 0.1245
0 0.02416667 0.32175 0.04833333 0.0015
0 0.402 0.36425 0.02 0.1895
0 0.445 0.38575 0.03133333 0.2105
0 0.46366667 0.4675 0.02 0.22
0 0.347 0.6355 0.04933333 0.226
0 0.37516667 0.662 0.013 0.085
0 0.30816667 0.8795 0.02233333 0.132
0 0.25916667 0.637 0.07566667 0.065
0 0.151 0.59075 0.04533333 0.0365
0 0.04533333 0.525 0.06866667 0.059
0 0.06566667 0.2865 0.03866667 0.079
0 0.02983333 0.23925 0.05366667 0.0455
