0 0.30416667 0.20625 0.053 0.1135
0 0.435 0.21625 0.04133333 0.1335
0 0.51033333 0.16725 0.08466667 0.0485
0 0.496 0.4185 0.02133333 0.163
0 0.45016667 0.56725 0.05033333 0.1265
0 0.42983333 0.6415 0.00633333 0.081
0 0.53733333 0.545 0.07733333 0.077
0 0.57 0.48375 0.07466667 0.0725
0 0.68866667 0.3585 0.08733333 0.108
0 0.864 0.19125 0.05666667 0.0865
0 0.88583333 0.39675 0.03233333 0.0285
0 0.9645 0.7985 0.051 0.061
0 0.94966667 0.92575 0.086 0.0565
0 0.871 0.90975 0.17333333 0.0755
0 0.96816667 0.84975 0.06366667 0.0765
0 0.686 0.82475 0.10333333 0.0295
0 0.53233333 0.7865 0.10333333 0.015
0 0.1375 0.93 0.07166667 0.043
0 0.0745 0.95 0.099 0.008
0 0.10316667 0.90425 0.115 0.0295
0 0.07716667 0.876 0.12033333 0.008
0 0.125 0.59975 0.036 0.0915
0 0.07583333 0.63825 0.053 0.1495
0 0.27666667 0.64225 0.02866667 0.0555
0 0.3635 0.72375 0.08366667 0.1215
0 0.28116667 0.60375 0.00166667 0.0375
0 0.274 0.878 0.05933333 0.015
0 0.29366667 0.96425 0.08266667 0.0095
0 0.09516667 0.0405 0.03966667 0.073
0 0.16983333 0.97625 0.11833333 0.0015
