0 0.4385 0.63 0.011 0.12
0 0.12033333 0.6065 0.088 0.03
0 0.10483333 0.63025 0.053 0.0095
0 0.03766667 0.6375 0.03066667 0.005
0 0.03683333 0.5875 0.07366667 0.011
0 0.03766667 0.55475 0.04666667 0.0015
0 0.81766667 0.7075 0.06666667 0.005
0 0.8595 0.667 0.053 0.097
0 0.93033333 0.58825 0.114 0.0095
0 0.9595 0.5755 0.05033333 0.016
0 0.78516667 0.4845 0.045 0.02
0 0.78616667 0.366 0.03966667 0.028
0 0.71833333 0.252 0.07066667 0.086
0 0.67516667 0.1395 0.051 0.034
0 0.82116667 0.0235 0.095 0.004
0 0.93166667 0.04325 0.08066667 0.0055
0 0.982 0.169 0.036 0.02
0 0.89133333 0.84175 0.04133333 0.0065
0 0.21833333 0.87525 0.104 0.0175
0 0.1945 0.89225 0.073 0.0215
0 0.21966667 0.91425 0.134 0.0365
0 0.1105 0.72175 0.03233333 0.0255
0 0.01433333 0.7035 0.02866667 0.024
0 0.21116667 0.35375 0.01633333 0.1175
0 0.40966667 0.25875 0.016 0.0755
