0 0.21066667 0.84975 0.10133333 0.0575
0 0.25066667 0.7595 0.052 0.039
0 0.49 0.905 0.06733333 0.042
0 0.598 0.91125 0.06933333 0.0405
0 0.66483333 0.84775 0.05366667 0.0375
0 0.91466667 0.74875 0.10266667 0.0205
0 0.8455 0.7755 0.05033333 0.144
0 0.92766667 0.18725 0.12333333 0.1075
0 0.66483333 0.0635 0.05033333 0.097
0 0.70616667 0.17725 0.03766667 0.0095
0 0.66766667 0.19 0.06466667 0.008
0 0.15316667 0.0425 0.11033333 0.085
0 0.2085 0.03575 0.06633333 0.0475
0 0.24933333 0.0755 0.07066667 0.051
0 0.79783333 0.03975 0.02366667 0.0795
0 0.78933333 0.64425 0.03866667 0.0785
