0 0.12516667 0.609 0.087 0.018
0 0.11616667 0.63725 0.04433333 0.0135
0 0.11816667 0.69075 0.071 0.0365
0 0.239 0.65225 0.102 0.0225
0 0.2395 0.7115 0.17166667 0.047
0 0.23633333 0.79375 0.11933333 0.0515
0 0.06016667 0.8385 0.12033333 0.047
0 0.43633333 0.72125 0.04466667 0.0815
0 0.48433333 0.73325 0.072 0.0335
0 0.22466667 0.4425 0.03533333 0.1
0 0.2505 0.27575 0.00233333 0.0695
0 0.538 0.27575 0.094 0.0185
0 0.63083333 0.34775 0.003 0.1195
0 0.5995 0.2955 0.009 0.091
0 0.6 0.41225 0.006 0.0725
0 0.81716667 0.4885 0.05633333 0.129
0 0.87116667 0.49775 0.07766667 0.1745
0 0.81116667 0.57575 0.03033333 0.0575
0 0.79683333 0.63425 0.16566667 0.0865
0 0.80516667 0.69175 0.17366667 0.0835
0 0.70466667 0.64475 0.094 0.0135
0 0.5475 0.653 0.18566667 0.006
0 0.57166667 0.21875 0.06466667 0.0075
