0 0.43483333 0.5245 0.12233333 0.085
0 0.47633333 0.144 0.1 0.02
0 0.57066667 0.28525 0.00466667 0.0695
0 0.71616667 0.75 0.031 0.117
0 7.82333333e-01 7.23750000e-01 6.66666667e-04 1.16500000e-01
0 0.79733333 0.67825 0.00133333 0.0775
0 8.05000000e-01 6.81500000e-01 6.66666667e-04 6.00000000e-02
0 0.90433333 0.677 0.07733333 0.027
0 0.88333333 0.378 0.00666667 0.156
0 0.87783333 0.48425 0.01633333 0.1145
0 0.89733333 0.83325 0.13933333 0.0735
0 0.503 0.94025 0.06533333 0.0685
0 0.43766667 0.95425 0.078 0.0725
0 0.255 0.626 0.122 0.147
0 0.3325 0.70125 0.077 0.0375
0 0.26533333 0.598 0.112 0.143
0 0.3335 0.6725 0.06433333 0.038
0 0.17866667 0.372 0.00666667 0.092
0 0.4775 0.43225 0.03433333 0.0455
0 0.05233333 0.41175 0.05933333 0.0585
