0 0.29333333 0.1735 0.106 0.077
0 0.252 0.10225 0.14266667 0.0835
0 0.104 0.23925 0.07666667 0.0425
0 0.043 0.132 0.086 0.006
0 0.19483333 0.369 0.099 0.144
0 0.31 0.5485 0.14533333 0.121
0 0.32516667 0.48775 0.15566667 0.1305
0 0.3425 0.39775 0.16966667 0.1075
0 0.47116667 0.29075 0.12833333 0.0335
0 0.48116667 0.34325 0.06966667 0.0255
0 0.32116667 0.2515 0.111 0.039
0 0.695 0.44475 0.06666667 0.0895
0 0.85966667 0.725 0.14533333 0.123
0 0.74233333 0.60075 0.12333333 0.1255
0 0.67416667 0.47125 0.13233333 0.1695
0 0.82883333 0.238 0.04966667 0.112
0 0.67183333 0.85225 0.099 0.0835
0 0.6505 0.725 0.14366667 0.126
0 0.18733333 0.7265 0.1 0.023
0 0.12983333 0.8825 0.06166667 0.032
