0 0.09283333 0.42275 0.04233333 0.1185
0 0.0425 0.225 0.085 0.017
0 0.09333333 0.13025 0.04333333 0.1275
0 0.039 0.12875 0.03933333 0.0785
0 0.26466667 0.135 0.012 0.103
0 0.27866667 0.0955 0.006 0.1
0 0.21566667 0.43325 0.05733333 0.0785
0 0.52983333 0.4925 0.05966667 0.106
0 0.5425 0.40925 0.03433333 0.0665
0 0.53533333 0.2855 0.07866667 0.138
0 0.84383333 0.2425 0.13833333 0.021
0 0.8515 0.16 0.091 0.035
0 0.97733333 0.20225 0.04533333 0.0075
0 0.94583333 0.5395 0.06366667 0.2
0 0.961 0.353 0.03733333 0.07
