0 0.33183333 0.1015 0.017 0.103
0 0.353 0.0645 0.02933333 0.129
0 0.42433333 0.0355 0.06066667 0.065
0 0.46766667 0.097 0.09266667 0.133
0 0.5475 0.0705 0.02833333 0.08
0 0.32333333 0.2355 0.004 0.071
0 0.38383333 0.244 0.05833333 0.018
0 0.393 0.3075 0.06866667 0.018
0 0.36866667 0.18175 0.07266667 0.0365
0 0.22983333 0.15775 0.13633333 0.0515
0 0.34083333 0.744 0.05566667 0.127
0 0.52516667 0.21825 0.04433333 0.0335
0 0.51516667 0.3735 0.05233333 0.183
0 0.4065 0.575 0.015 0.065
0 0.68083333 0.03475 0.073 0.0245
0 0.76616667 0.02875 0.05966667 0.0335
0 0.77616667 0.2135 0.06366667 0.009
0 0.77183333 0.96675 0.02633333 0.0215
0 0.5965 0.75 0.021 0.085
0 0.43533333 0.096 0.024 0.044
