0 0.40616667 0.24025 0.095 0.0135
0 0.2605 0.5425 0.04033333 0.067
0 0.46516667 0.43475 0.07566667 0.0365
0 0.6545 0.62425 0.04233333 0.0065
0 0.58833333 0.691 0.122 0.006
0 0.77016667 0.6365 0.14833333 0.009
0 0.88583333 0.85 0.05433333 0.1
0 0.88133333 0.90225 0.02133333 0.0315
0 0.75266667 0.862 0.06466667 0.003
0 0.9645 0.90225 0.03633333 0.1165
0 0.98183333 0.821 0.03633333 0.094
0 0.97733333 0.90825 0.03733333 0.1285
0 0.61966667 0.86825 0.04733333 0.0845
0 0.88483333 0.1865 0.05633333 0.012
0 0.76066667 0.20075 0.07666667 0.0345
0 0.787 0.32825 0.06666667 0.0045
0 0.86116667 0.344 0.05766667 0.018
0 0.72683333 0.137 0.06366667 0.029
0 0.49483333 0.053 0.03033333 0.079
0 0.51616667 0.0575 0.02833333 0.109
0 0.6935 0.16275 0.05766667 0.0015
