0 0.16016667 0.32425 0.05566667 0.1125
0 0.21466667 0.20925 0.03133333 0.0605
0 0.199 0.368 0.06666667 0.112
0 0.22783333 0.2825 0.08766667 0.132
0 0.256 0.31125 0.088 0.1835
0 0.2425 0.04475 0.095 0.0195
0 0.41866667 0.04625 0.03933333 0.0775
0 0.4595 0.409 0.04233333 0.191
0 0.47433333 0.37025 0.02333333 0.1075
0 0.52533333 0.4455 0.05666667 0.112
0 0.58283333 0.46825 0.089 0.1485
0 0.51066667 0.30375 0.04133333 0.1105
0 0.91933333 0.36275 0.07066667 0.0775
0 0.70966667 0.234 0.04133333 0.053
0 0.4395 0.93725 0.03033333 0.1045
0 0.41966667 0.74325 0.04333333 0.1045
0 0.36416667 0.69775 0.08966667 0.2105
0 0.34783333 0.8395 0.13233333 0.321
0 0.26616667 0.916 0.08166667 0.15
