0 0.33766667 0.09825 0.04133333 0.0755
0 0.33016667 0.161 0.03166667 0.074
0 0.83883333 0.039 0.04233333 0.078
0 0.88716667 0.19325 0.02433333 0.0635
0 0.86483333 0.91725 0.00966667 0.0715
0 0.86566667 0.96375 0.01333333 0.0595
0 0.8455 0.923 0.01433333 0.116
0 0.83783333 0.82875 0.00833333 0.1105
0 0.86533333 0.769 0.00533333 0.05
0 0.85883333 0.72575 0.00366667 0.0495
0 0.8175 0.6765 0.03233333 0.116
0 0.6815 0.76125 0.01366667 0.0755
0 0.66983333 0.89975 0.00633333 0.0605
0 0.79783333 0.653 0.029 0.088
