0 0.60883333 0.81325 0.00633333 0.0985
0 0.58883333 0.764 0.017 0.078
0 0.60433333 0.74575 0.00266667 0.1065
0 0.773 0.72575 0.10333333 0.1495
0 0.75916667 0.71375 0.025 0.0445
0 0.76016667 0.82075 0.025 0.0725
0 0.74933333 0.8375 0.018 0.066
0 0.9255 0.60975 0.04833333 0.0555
0 0.95183333 0.275 0.04233333 0.054
0 0.17833333 0.608 0.07466667 0.097
0 0.09433333 0.1555 0.03933333 0.031
0 0.08 0.165 0.04866667 0.028
0 0.03283333 0.093 0.02766667 0.043
0 0.01033333 0.1375 0.02066667 0.03
0 0.06916667 0.04125 0.029 0.0285
0 0.84183333 0.30475 0.07033333 0.1725
0 0.94116667 0.574 0.05833333 0.043
0 0.83383333 0.366 0.03433333 0.104
