0 0.30133333 0.907 0.00266667 0.113
0 0.40216667 0.922 0.001 0.081
0 0.43483333 0.958 0.00166667 0.062
0 0.44516667 0.9515 0.001 0.081
0 0.5055 0.80925 0.001 0.0825
0 0.5405 0.777 0.001 0.101
0 0.73366667 0.50675 0.03866667 0.0595
0 0.70166667 0.58375 0.018 0.0405
0 0.862 0.8735 0.05466667 0.105
0 0.71783333 0.07475 0.043 0.0745
0 0.733 0.051 0.04133333 0.062
0 0.7335 0.02225 0.02966667 0.0445
0 0.64966667 0.06075 0.04133333 0.1215
0 0.64283333 0.021 0.00966667 0.042
0 0.61983333 0.03575 0.01433333 0.0715
0 0.61133333 0.0235 0.01333333 0.047
0 0.36166667 0.55925 0.08 0.0435
0 0.31 0.556 0.034 0.001
0 0.24616667 0.523 0.03433333 0.
0 0.24533333 0.33875 0.02533333 0.0525
0 0.34233333 0.0525 0.00333333 0.086
0 0.29116667 0.08825 0.01966667 0.0635
0 0.45683333 0.50675 0.02433333 0.0025
0 0.19583333 0.93125 0.029 0.1375
0 0.18416667 0.963 0.02166667 0.074
0 0.84283333 0.897 0.03433333 0.069
0 0.4985 0.53825 0.05033333 0.0445
