0 0.541 0.66975 0.08266667 0.1725
0 0.45683333 0.82 0.157 0.015
0 0.75016667 0.8 0.08633333 0.104
0 0.833 0.713 0.00533333 0.175
0 0.727 0.349 0.06466667 0.065
0 0.7215 0.30725 0.05366667 0.0455
0 0.74216667 0.283 0.07033333 0.081
0 0.6195 0.4595 0.11966667 0.059
0 0.53816667 0.397 0.00366667 0.074
0 0.55616667 0.3355 0.05233333 0.078
0 0.20066667 0.839 0.062 0.012
0 0.13533333 0.31275 0.04933333 0.0135
0 0.68733333 0.20625 0.04866667 0.2045
0 0.87283333 0.056 0.02766667 0.001
0 0.88266667 0.1125 0.03133333 0.004
0 0.95233333 0.077 0.05733333 0.
0 0.98066667 0.1415 0.03866667 0.003
0 0.76866667 0.913 0.04066667 0.066
0 0.456 0.626 0.082 0.028
0 0.70266667 0.09775 0.016 0.0555
