0 0.33033333 0.4295 0.13933333 0.014
0 0.23733333 0.39025 0.08466667 0.0865
0 0.18133333 0.291 0.00533333 0.182
0 0.12983333 0.3585 0.08166667 0.053
0 0.09033333 0.33625 0.1 0.0635
0 0.08083333 0.21675 0.06033333 0.0365
0 0.02983333 0.11375 0.05966667 0.0755
0 0.09033333 0.0825 0.116 0.126
0 0.29383333 0.19025 0.04033333 0.0895
0 0.47333333 0.15225 0.02933333 0.2165
0 0.50866667 0.0545 0.01733333 0.109
0 0.4495 0.1455 0.01233333 0.091
0 0.35566667 0.08625 0.06066667 0.0545
0 0.78583333 0.46 0.117 0.062
0 0.84333333 0.08725 0.006 0.1045
0 0.92666667 0.11275 0.03533333 0.1865
0 0.98083333 0.67425 0.00633333 0.0815
0 0.954 0.853 0.086 0.033
0 0.81733333 0.9105 0.06666667 0.
0 0.813 0.866 0.13533333 0.023
0 0.587 0.11375 0.004 0.1515
0 0.28683333 0.7 0.075 0.03
0 0.17633333 0.616 0.01533333 0.068
0 0.59733333 0.3795 0.03733333 0.041
