0 0.4465 0.77 0.043 0.066
0 0.34233333 0.67925 0.08266667 0.1155
0 0.261 0.63275 0.04066667 0.0605
0 0.1285 0.8375 0.07166667 0.05
0 0.27983333 0.6975 0.033 0.063
0 0.3135 0.4355 0.08966667 0.
0 0.411 0.425 0.09066667 0.004
0 0.29383333 0.39575 0.07166667 0.0095
0 0.19 0.19275 0.10533333 0.0085
0 0.30816667 0.19825 0.05566667 0.0025
0 0.509 0.97175 0.046 0.0135
0 0.49283333 0.98775 0.03166667 0.0245
0 0.9645 0.48175 0.06766667 0.0015
0 0.98383333 0.39425 0.03233333 0.0015
0 0.92683333 0.444 0.053 0.001
0 0.76633333 0.37525 0.04866667 0.0015
0 0.72633333 0.03975 0.08 0.0125
0 0.85 0.03825 0.06133333 0.0015
