0 0.19083333 0.2175 0.085 0.077
0 0.17966667 0.27125 0.07266667 0.0665
0 0.20966667 0.2705 0.03533333 0.032
0 0.27516667 0.09375 0.07166667 0.0515
0 0.27683333 0.13325 0.04433333 0.0305
0 0.27633333 0.17825 0.02533333 0.0045
0 0.37066667 0.1 0.13133333 0.124
0 0.58933333 0.031 0.03133333 0.062
0 0.7085 0.0675 0.07166667 0.135
0 0.72516667 0.0395 0.04633333 0.079
0 0.68283333 0.34775 0.075 0.0835
0 0.953 0.34375 0.02133333 0.0455
0 0.94583333 0.6855 0.07366667 0.165
0 0.89433333 0.63175 0.09 0.1635
0 0.4995 0.76 0.021 0.135
0 0.52883333 0.75675 0.009 0.1225
0 0.26916667 0.90525 0.06766667 0.0015
0 0.31466667 0.92575 0.04133333 0.0035
0 0.36866667 0.9 0.08466667 0.012
0 0.38116667 0.85825 0.06566667 0.0195
