0 0.12533333 0.14825 0.05666667 0.0565
0 0.26133333 0.7305 0.06466667 0.008
0 0.22966667 0.688 0.008 0.05
0 0.07283333 0.735 0.061 0.031
0 0.09116667 0.68725 0.105 0.0485
0 0.0395 0.903 0.061 0.057
0 0.13616667 0.95075 0.017 0.0985
0 0.14966667 0.8895 0.008 0.035
0 0.4285 0.79975 0.045 0.0525
0 0.3095 0.6935 0.00833333 0.082
0 0.56966667 0.97175 0.04333333 0.0375
0 0.872 0.808 0.05666667 0.028
0 0.6825 0.436 0.071 0.136
0 0.82433333 0.35925 0.05466667 0.0065
0 0.757 0.0405 0.026 0.073
0 0.535 0.304 0.00466667 0.082
0 0.56833333 0.91775 0.064 0.0725
0 0.11633333 0.186 0.03133333 0.019
