0 0.36433333 0.457 0.01333333 0.143
0 0.284 0.283 0.00533333 0.135
0 0.27533333 0.1515 0.00266667 0.082
0 0.253 0.39975 0.008 0.2115
0 0.13883333 0.4575 0.033 0.082
0 0.04633333 0.38425 0.09266667 0.1885
0 0.306 0.71625 0.04933333 0.0765
0 0.75783333 0.1605 0.02233333 0.105
0 0.80733333 0.15625 0.02066667 0.0835
0 0.70666667 0.1085 0.01733333 0.088
0 0.72816667 0.1725 0.01166667 0.059
0 0.73633333 0.2035 0.01733333 0.059
0 0.96266667 0.0985 0.02266667 0.078
0 0.943 0.7285 0.09066667 0.063
0 0.0585 0.25075 0.03766667 0.1025
