0 0.477 0.76625 0.11133333 0.0065
0 0.17333333 0.676 0.124 0.147
0 0.60733333 0.71975 0.02133333 0.0645
0 0.86933333 0.442 0.026 0.094
0 0.90383333 0.4725 0.01966667 0.163
0 0.9115 0.40075 0.04033333 0.0875
0 0.9775 0.4205 0.045 0.011
0 0.8535 0.089 0.00166667 0.178
0 0.841 0.18925 0.00333333 0.0635
0 0.717 0.157 0.01266667 0.071
0 0.66166667 0.04175 0.00266667 0.0835
0 0.23583333 0.112 0.037 0.089
0 0.48433333 0.95275 0.01266667 0.0945
0 0.44483333 0.9805 0.009 0.039
0 0.3305 0.7075 0.05033333 0.008
