0 0.225 0.1645 0.10333333 0.148
0 0.21483333 0.0755 0.08433333 0.011
0 0.06066667 0.039 0.12133333 0.019
0 0.07733333 0.0635 0.09866667 0.008
0 0.62533333 0.13 0.10266667 0.225
0 0.64966667 0.1275 0.09333333 0.201
0 0.46133333 0.609 0.07266667 0.097
0 0.46316667 0.79975 0.05833333 0.0875
0 0.465 0.89825 0.11066667 0.2035
0 0.37466667 0.94 0.01066667 0.115
0 0.5265 0.626 0.05366667 0.112
0 0.57283333 0.781 0.053 0.058
0 0.55666667 0.89425 0.03333333 0.0335
0 0.58083333 0.96975 0.00966667 0.0605
0 0.68233333 0.83475 0.046 0.0175
0 0.90116667 0.7945 0.025 0.096
0 0.79783333 0.979 0.01233333 0.042
0 0.7835 0.3215 0.061 0.069
0 0.5615 0.3115 0.08966667 0.062
0 0.84183333 0.03175 0.097 0.0065
0 0.15766667 0.89 0.00266667 0.066
0 0.40033333 0.7405 0.05133333 0.125
