0 0.08283333 0.1735 0.079 0.083
0 0.06916667 0.1365 0.11633333 0.103
0 0.18533333 0.084 0.03133333 0.026
0 0.23266667 0.034 0.03333333 0.065
0 0.37233333 0.6355 0.108 0.144
0 0.43833333 0.3985 0.022 0.164
0 0.47183333 0.57575 0.03433333 0.0635
0 0.51266667 0.58725 0.02933333 0.0805
0 0.387 0.54475 0.07066667 0.0955
0 0.46216667 0.7895 0.12833333 0.027
0 0.29 0.81675 0.05466667 0.0305
0 0.87616667 0.293 0.12233333 0.059
0 0.798 0.24075 0.13133333 0.0635
0 0.61916667 0.165 0.04833333 0.103
0 0.559 0.10075 0.088 0.1255
0 0.47366667 0.0575 0.004 0.1
0 0.34433333 0.04925 0.01 0.0985
0 0.93783333 0.3825 0.06566667 0.044
