0 0.37483333 0.45 0.03633333 0.067
0 0.47933333 0.562 0.02533333 0.106
0 0.58733333 0.78875 0.04733333 0.1255
0 0.62566667 0.9 0.03733333 0.103
0 0.791 0.8365 0.012 0.097
0 0.82583333 0.81575 0.005 0.0955
0 0.22683333 0.9665 0.05366667 0.006
0 0.0505 0.859 0.05033333 0.209
0 0.22116667 0.709 0.25633333 0.291
0 0.756 0.33625 0.01533333 0.1275
0 0.82833333 0.128 0.07066667 0.089
0 0.96216667 0.141 0.05366667 0.124
0 0.77116667 0.1015 0.023 0.058
0 0.3525 0.06425 0.03833333 0.1165
0 0.33133333 0.087 0.07266667 0.174
0 0.07116667 0.07275 0.14233333 0.0515
0 0.23533333 0.07425 0.186 0.1365
