0 0.6985 0.46275 0.04033333 0.1765
0 0.698 0.5935 0.018 0.039
0 0.727 0.74525 0.02333333 0.0835
0 0.72366667 0.79125 0.028 0.0835
0 0.79066667 0.748 0.01266667 0.089
0 0.89933333 0.942 0.16 0.113
0 0.94383333 0.85725 0.11233333 0.0405
0 0.9645 0.936 0.04033333 0.042
0 0.98566667 0.68325 0.02866667 0.0725
0 0.91416667 0.238 0.12833333 0.02
0 0.56233333 0.19475 0. 0.0665
0 0.59433333 0.03425 0.02266667 0.0685
0 0.35633333 0.4985 0.04933333 0.081
0 0.225 0.67125 0.184 0.2805
0 0.17466667 0.62925 0.09266667 0.1375
0 0.51 0.21025 0.00266667 0.0975
0 0.623 0.19875 0.03333333 0.1115
0 0.65416667 0.2715 0.03966667 0.063
0 0.615 0.225 0.03133333 0.051
0 0.81316667 0.963 0.027 0.012
0 0.07233333 0.8235 0.098 0.197
0 0.5695 0.2965 0.009 0.049
