0 0.29783333 0.83225 0.02766667 0.1795
0 3.32000000e-01 7.29250000e-01 6.66666667e-04 5.95000000e-02
0 0.38633333 0.9475 0.02133333 0.043
0 0.398 0.9665 0.04333333 0.062
0 0.54716667 0.9205 0.05033333 0.065
0 0.55383333 0.9305 0.037 0.055
0 0.49233333 0.97775 0.04133333 0.0445
0 0.45783333 0.90575 0.037 0.0325
0 0.12266667 0.89075 0.09066667 0.0325
0 0.03283333 0.46625 0.06566667 0.0025
0 0.17883333 0.41575 0.03233333 0.0065
0 0.44383333 0.209 0.05033333 0.124
0 0.45833333 0.17775 0.036 0.1105
0 0.7525 0.92925 0.05833333 0.0715
0 0.699 0.91425 0.04333333 0.0445
0 0.69233333 0.97975 0.046 0.0405
0 0.5365 0.7535 0.151 0.151
0 0.40566667 0.69125 0.07666667 0.0485
0 0.3625 0.66975 0.04233333 0.0245
0 0.37866667 0.63475 0.064 0.0135
