0 0.3105 0.34075 0.11966667 0.0485
0 0.33783333 0.18875 0.10433333 0.0755
0 0.39933333 0.06 0.09066667 0.088
0 0.41916667 0.1085 0.11966667 0.155
0 0.45816667 0.03575 0.061 0.0715
0 0.407 0.01 0.02533333 0.02
0 0.164 0.59175 0.06533333 0.1485
0 0.1495 0.61725 0.05833333 0.1425
0 0.62316667 0.77575 0.017 0.1255
0 0.69183333 0.80325 0.061 0.0645
0 0.73733333 0.81725 0.02066667 0.1335
0 0.81533333 0.9435 0.026 0.113
0 0.91866667 0.934 0.10533333 0.011
0 0.83333333 0.7 0.01866667 0.085
0 0.87633333 0.7075 0.03866667 0.016
0 0.82016667 0.6705 0.009 0.069
0 0.60466667 0.7 0.00866667 0.05
0 0.651 0.3485 0.026 0.074
0 0.67933333 0.31725 0.03066667 0.0795
0 0.52416667 0.219 0.09966667 0.007
0 0.48433333 0.25275 0.036 0.0495
0 0.90016667 0.31325 0.06833333 0.0335
0 0.86833333 0.43875 0.01333333 0.0555
0 0.54183333 0.9765 0.00166667 0.047
0 0.036 0.3565 0.02533333 0.077
0 0.0535 0.341 0.02966667 0.092
