0 0.5465 0.457 0.05433333 0.111
0 0.53383333 0.58675 0.025 0.0645
0 0.44966667 0.70675 0.10066667 0.1635
0 0.28116667 0.78125 0.047 0.0605
0 0.195 0.80775 0.07866667 0.0975
0 0.13083333 0.79125 0.01366667 0.1715
0 0.3565 0.1705 0.059 0.124
0 0.54566667 0.10575 0.09 0.0705
0 0.5785 0.04825 0.067 0.0505
0 0.65066667 0.08775 0.11333333 0.0765
0 0.68433333 0.1365 0.10933333 0.017
0 0.6635 0.3 0.03966667 0.083
0 0.58183333 0.33275 0.067 0.0975
0 0.88283333 0.09475 0.15233333 0.0585
0 0.80466667 0.19675 0.06733333 0.0295
0 0.76583333 0.05275 0.039 0.0795
0 0.80716667 0.06675 0.045 0.0715
0 0.02216667 0.73475 0.04433333 0.0645
0 0.94966667 0.9215 0.09266667 0.154
