0 0.3585 0.4985 0.009 0.178
0 0.32566667 0.4015 0.00266667 0.264
0 0.3505 0.2715 0.00366667 0.063
0 0.29466667 0.1165 0.06666667 0.131
0 0.36116667 0.041 0.04833333 0.082
0 0.57766667 0.28575 0.04666667 0.0435
0 0.70383333 0.196 0.071 0.047
0 0.65016667 0.67375 0.07633333 0.1345
0 0.6735 0.60375 0.02966667 0.0725
0 0.53416667 0.72825 0.02766667 0.0525
0 0.50983333 0.8165 0.04233333 0.089
0 0.55066667 0.8725 0.02866667 0.047
0 0.56466667 0.8795 0.04933333 0.085
0 0.5455 0.94625 0.03766667 0.0915
0 0.649 0.73325 0.08 0.2075
0 0.96083333 0.75875 0.019 0.2565
0 0.96716667 0.91925 0.053 0.1615
0 0.987 0.06875 0.026 0.1105
0 0.952 0.0365 0.03333333 0.073
0 0.13566667 0.5335 0.036 0.151
0 0.05083333 0.2925 0.04766667 0.116
0 0.06166667 0.35625 0.026 0.1065
0 0.00633333 0.52425 0. 0.0805
0 0.17466667 0.91525 0.01 0.1375
0 0.115 0.089 0.04666667 0.043
