0 0.112 0.69075 0.044 0.0095
0 0.07766667 0.65975 0.15533333 0.0065
0 0.90016667 0.781 0.16166667 0.166
0 0.948 0.874 0.07 0.061
0 0.91916667 0.7265 0.11833333 0.132
0 0.82833333 0.66775 0.11133333 0.0255
0 0.88983333 0.054 0.02966667 0.108
0 0.76966667 0.03575 0.00266667 0.0715
0 0.75783333 0.34775 0.001 0.0725
0 0.58666667 0.089 0.02333333 0.116
0 0.318 0.217 0.08266667 0.019
0 0.296 0.19825 0.08333333 0.0055
0 0.1905 0.2305 0.135 0.005
0 0.16 0.2505 0.11133333 0.008
0 0.21416667 0.02625 0.07633333 0.0525
0 0.35116667 0.097 0.06833333 0.1
0 0.5525 0.49325 0.027 0.0805
0 0.522 0.397 0.038 0.055
0 0.62633333 0.92525 0.054 0.0985
0 0.611 0.8665 0.07733333 0.127
0 0.562 0.806 0.062 0.038
0 0.65583333 0.89775 0.02166667 0.0405
