0 0.45466667 0.0265 0.13733333 0.023
0 0.54533333 0.212 0.07466667 0.021
0 0.457 0.3 0.03933333 0.
0 0.459 0.326 0.03333333 0.
0 0.36616667 0.50925 0.07966667 0.0365
0 0.22533333 0.472 0.05466667 0.047
0 0.457 0.4085 0.094 0.053
0 0.499 0.428 0.05666667 0.05
0 0.3035 0.894 0.04766667 0.064
0 0.19383333 0.9135 0.089 0.085
0 0.07683333 0.94625 0.085 0.0345
0 0.06316667 0.9645 0.11433333 0.047
0 0.0105 0.87425 0.011 0.0755
0 0.11466667 0.803 0.01333333 0.136
0 0.18883333 0.7275 0.03433333 0.103
0 0.1555 0.697 0.04633333 0.118
0 0.3 0.56975 0.10333333 0.0425
0 0.3085 0.97725 0.14433333 0.0065
0 0.35 0.922 0.128 0.02
0 0.464 0.9615 0.1 0.053
0 0.47466667 0.92425 0.05866667 0.0365
0 0.646 0.77125 0.076 0.0575
0 0.446 0.70375 0.114 0.1045
0 0.91116667 0.5835 0.02833333 0.085
0 0.87433333 0.4855 0.01933333 0.074
0 0.98333333 0.384 0.01933333 0.162
0 0.9505 0.19375 0.00833333 0.3455
