0 0.07633333 0.37125 0.104 0.0665
0 0.22633333 0.56875 0.06266667 0.1045
0 0.201 0.67875 0.04266667 0.1095
0 0.33333333 0.778 0.024 0.056
0 0.51716667 0.40225 0.03833333 0.0345
0 0.08783333 0.14625 0.03633333 0.0865
0 0.35 0.25525 0.05133333 0.0955
0 0.38533333 0.25975 0.03333333 0.0775
0 0.61566667 0.20075 0.05533333 0.0535
0 0.57383333 0.21125 0.109 0.1225
0 0.83083333 0.741 0.07766667 0.076
0 0.82066667 0.77975 0.096 0.0955
0 0.863 0.79925 0.03133333 0.0345
0 0.68283333 0.89475 0.085 0.0925
0 0.249 0.75675 0.05333333 0.0955
0 0.08783333 0.981 0.03233333 0.038
