0 0.44116667 0.3505 0.047 0.051
0 0.53466667 0.68175 0.06466667 0.0755
0 0.74083333 0.7825 0.05833333 0.066
0 0.80916667 0.892 0.035 0.027
0 0.82016667 0.944 0.05566667 0.015
0 0.771 0.59575 0.11866667 0.0755
0 0.75866667 0.49725 0.04933333 0.0325
0 0.72966667 0.4495 0.07 0.042
0 0.90833333 0.44825 0.068 0.0015
0 0.97933333 0.4805 0.04133333 0.004
0 0.90166667 0.56075 0.114 0.0645
0 0.87766667 0.6125 0.05933333 0.031
0 0.89983333 0.67125 0.03166667 0.0215
0 0.87383333 0.888 0.069 0.07
0 0.495 0.6685 0.02333333 0.027
0 0.38866667 0.55175 0.00466667 0.0985
0 0.43216667 0.10725 0.02366667 0.2145
0 0.919 0.04725 0.05933333 0.0945
0 0.057 0.058 0.06 0.086
0 0.03866667 0.13325 0.05733333 0.0675
0 0.053 0.01875 0.02666667 0.0375
