0 0.4515 0.034 0.03433333 0.068
0 0.53383333 0.06075 0.04766667 0.0455
0 0.54583333 0.084 0.07166667 0.071
0 0.585 0.3265 0.2 0.041
0 0.64483333 0.34625 0.13033333 0.0315
0 0.81916667 0.328 0.17366667 0.02
0 0.739 0.37425 0.31 0.0425
0 0.8025 0.5205 0.06966667 0.168
0 0.42983333 0.594 0.05166667 0.064
0 0.4615 0.488 0.02433333 0.082
0 0.40966667 0.541 0.02933333 0.079
0 0.49133333 0.39175 0.03333333 0.0685
0 0.59333333 0.803 0.094 0.058
0 0.4895 0.86825 0.05966667 0.0815
0 0.58183333 0.925 0.071 0.086
0 0.55366667 0.944 0.06066667 0.067
0 0.96516667 0.406 0.04566667 0.082
0 0.68083333 0.12725 0.121 0.1755
0 0.33883333 0.92025 0.06766667 0.0925
