0 0.4545 0.761 0.04166667 0.034
0 0.50466667 0.781 0.08066667 0.012
0 0.508 0.8235 0.09133333 0.012
0 0.51716667 0.967 0.07966667 0.043
0 0.5655 0.984 0.05833333 0.001
0 0.3175 0.7395 0.03233333 0.126
0 0.04233333 0.83125 0.032 0.2225
0 0.09433333 0.897 0.02466667 0.
0 0.2325 0.11025 0.04233333 0.2205
0 0.30233333 0.03575 0.10133333 0.0635
0 0.462 0.11325 0.112 0.0395
0 0.53916667 0.12175 0.131 0.0605
0 0.504 0.05875 0.22133333 0.0835
0 0.76283333 0.0785 0.16166667 0.058
0 0.919 0.077 0.00466667 0.154
0 0.67616667 0.0765 0.14166667 0.066
0 0.59133333 0.501 0.21466667 0.001
0 0.60033333 0.4545 0.198 0.011
0 0.4795 0.474 0.05433333 0.02
0 0.317 0.55875 0.09066667 0.1065
0 0.0145 0.32925 0.029 0.1045
0 0.302 0.298 0.062 0.119
0 0.28516667 0.30725 0.05233333 0.0745
0 0.239 0.28275 0.00933333 0.0805
0 0.8695 0.02425 0.02633333 0.0485
