0 0.12083333 0.83225 0.107 0.1715
0 0.25416667 0.4785 0.06833333 0.105
0 0.82583333 0.9075 0.097 0.093
0 0.81366667 0.86375 0.05666667 0.0375
0 0.40783333 0.89625 0.06633333 0.0105
0 0.36333333 0.92375 0.07266667 0.0255
0 0.39533333 0.9725 0.034 0.004
0 0.41783333 0.761 0.04833333 0.066
0 0.3105 0.9555 0.10166667 0.019
0 0.97716667 0.98325 0.04566667 0.0065
0 0.89533333 0.628 0.08733333 0.07
0 0.95466667 0.4415 0.03133333 0.058
0 0.492 0.2515 0.07466667 0.066
0 0.48333333 0.23325 0.05733333 0.0515
0 0.213 0.029 0.04133333 0.058
