0 0.1455 0.7475 0.04833333 0.182
0 0.33166667 0.84825 0.04133333 0.0875
0 0.3315 0.73975 0.03033333 0.1565
0 0.29733333 0.8835 0.034 0.093
0 0.3455 0.9325 0.035 0.086
0 0.47216667 0.3955 0.05833333 0.152
0 0.54183333 0.2985 0.117 0.082
0 0.48433333 0.40425 0.034 0.1025
0 0.57783333 0.31125 0.16166667 0.1455
0 0.69583333 0.256 0.07633333 0.043
0 0.70933333 0.3 0.05133333 0.05
0 0.6605 0.486 0.009 0.136
0 0.69533333 0.516 0.00733333 0.035
0 0.5325 0.7815 0.02966667 0.081
0 0.57133333 0.719 0.07533333 0.209
0 0.77583333 0.2755 0.053 0.077
0 0.87283333 0.209 0.05833333 0.089
0 0.8625 0.26125 0.027 0.0405
0 0.85583333 0.8065 0.073 0.093
0 0.818 0.872 0.044 0.03
0 0.836 0.634 0.042 0.217
0 0.84783333 0.938 0.04766667 0.032
0 0.82966667 0.977 0.05466667 0.046
0 0.1055 0.50425 0.123 0.0215
0 0.035 0.6395 0.07 0.02
0 0.19533333 0.4395 0.07466667 0.019
0 0.27283333 0.05725 0.02966667 0.1145
0 0.297 0.08075 0.028 0.1185
0 0.26183333 0.16175 0.04766667 0.0945
0 0.4375 0.452 0.01966667 0.058
0 0.40033333 0.21275 0.062 0.0565
0 0.46933333 0.7875 0.05666667 0.093
0 0.496 0.6995 0.02333333 0.092
0 0.98433333 0.67975 0.03133333 0.0605
0 0.10166667 0.8395 0.04133333 0.108
