0 0.27933333 0.1385 0.04333333 0.168
0 0.301 0.11425 0.03 0.1135
0 0.23633333 0.13325 0.05466667 0.2635
0 0.23533333 0.35 0.006 0.103
0 0.22483333 0.4605 0.015 0.109
0 0.197 0.4425 0.014 0.127
0 0.01916667 0.44075 0.03033333 0.0545
0 0.07983333 0.28175 0.03833333 0.0635
0 0.03783333 0.2045 0.07566667 0.106
0 0.0975 0.378 0.007 0.08
0 0.08133333 0.675 0.074 0.05
0 0.17416667 0.575 0.005 0.098
0 0.444 0.591 0.098 0.303
0 0.558 0.7545 0.15666667 0.036
0 0.752 0.7295 0.104 0.038
0 0.73433333 0.835 0.06066667 0.003
0 0.96833333 0.93325 0.03333333 0.1185
0 0.48183333 0.10225 0.03233333 0.0775
0 0.48483333 0.041 0.02633333 0.073
0 0.5435 0.041 0.03833333 0.082
0 0.4535 0.2195 0.03633333 0.094
0 0.71166667 0.4615 0.02733333 0.029
0 0.81666667 0.31825 0.06533333 0.0635
