0 0.111 0.7735 0.05666667 0.167
0 0.58933333 0.85375 0.016 0.0445
0 0.61366667 0.812 0.00533333 0.036
0 0.79633333 0.3405 0.02066667 0.023
0 0.76233333 0.3935 0.03666667 0.03
0 0.757 0.30525 0.02266667 0.0175
0 0.78433333 0.27425 0.02333333 0.0145
0 0.80233333 0.2965 0.018 0.035
0 0.708 0.2285 0.052 0.034
0 0.98333333 0.114 0.03333333 0.039
0 0.03866667 0.062 0.04333333 0.124
0 0.013 0.04975 0.026 0.0995
0 0.9815 0.7445 0.037 0.023
0 0.07316667 0.67325 0.055 0.0205
0 0.0435 0.65775 0.087 0.0325
