0 0.491 0.33475 0.06933333 0.1065
0 0.56966667 0.21625 0.04133333 0.0795
0 0.49283333 0.2325 0.06033333 0.077
0 0.31766667 0.1315 0.00466667 0.082
0 0.33066667 0.0445 0.052 0.035
0 0.152 0.15025 0.08266667 0.0445
0 0.06416667 0.128 0.12833333 0.019
0 0.02916667 0.0635 0.051 0.019
0 0.07016667 0.3005 0.045 0.003
0 0.06433333 0.33625 0.028 0.0045
0 0.06733333 0.36375 0.06466667 0.0055
0 0.05883333 0.74525 0.053 0.0105
0 0.05883333 0.81125 0.07966667 0.0135
0 0.12 0.89025 0.062 0.0205
0 0.1645 0.81275 0.07366667 0.0135
0 0.25483333 0.767 0.06566667 0.016
0 0.21883333 0.75275 0.05833333 0.0095
0 0.14683333 0.752 0.08166667 0.011
0 0.14633333 0.7285 0.07733333 0.007
0 0.43583333 0.6725 0.08433333 0.043
0 0.5585 0.5075 0.017 0.131
0 0.51983333 0.43175 0.02233333 0.0985
0 0.47933333 0.41525 0.01533333 0.0565
0 0.4865 0.49675 0.017 0.0795
0 0.4735 0.51025 0.01633333 0.1225
0 0.554 0.87075 0.01 0.0375
0 0.5305 0.85025 0.01166667 0.0215
0 0.62133333 0.96825 0.04066667 0.0635
0 0.76466667 0.932 0.02866667 0.136
0 0.93666667 0.3975 0.07066667 0.086
0 0.85683333 0.521 0.07633333 0.004
0 0.8625 0.25525 0.05366667 0.0255
0 0.885 0.0385 0.13866667 0.047
0 0.9595 0.04325 0.081 0.0295
0 0.79333333 0.043 0.06266667 0.027
0 0.39933333 0.21975 0.03133333 0.0675
0 0.42133333 0.19625 0.02533333 0.0445
0 0.23633333 0.15625 0.04333333 0.0565
