0 0.4025 0.3725 0.097 0.163
0 0.4905 0.097 0.01633333 0.194
0 0.35983333 0.04775 0.04433333 0.0955
0 0.274 0.01625 0.124 0.0325
0 0.2205 0.04975 0.193 0.0915
0 0.169 0.08075 0.11866667 0.0755
0 0.12983333 0.384 0.14433333 0.07
0 0.11233333 0.82825 0.08266667 0.1305
0 0.37283333 0.676 0.04833333 0.144
0 0.217 0.748 0.07266667 0.086
0 0.7255 0.502 0.08366667 0.139
0 0.558 0.285 0.03933333 0.093
0 0.82966667 0.53375 0.12866667 0.1915
0 0.92266667 0.89775 0.07733333 0.1185
0 0.97216667 0.903 0.047 0.062
0 0.97083333 0.9225 0.04033333 0.058
0 0.91783333 0.955 0.03166667 0.047
0 0.8535 0.1855 0.097 0.12
0 0.8195 0.2035 0.03766667 0.067
0 0.32616667 0.18475 0.081 0.0645
0 0.30766667 0.23775 0.05466667 0.0605
