0 0.37183333 0.091 0.03633333 0.076
0 0.38133333 0.062 0.04333333 0.1
0 0.61416667 0.0385 0.03233333 0.071
0 0.809 0.14175 0.07066667 0.1225
0 0.72416667 0.2115 0.02233333 0.056
0 0.67633333 0.1605 0.04133333 0.106
0 0.87516667 0.41525 0.07166667 0.1215
0 0.944 0.4855 0.104 0.071
0 0.93583333 0.5735 0.12033333 0.062
0 0.88166667 0.53625 0. 0.0455
0 0.97366667 0.3855 0.04866667 0.053
0 0.76216667 0.58925 0.06966667 0.0335
0 0.4115 0.29225 0.07166667 0.0635
0 0.62566667 0.87425 0.04333333 0.0725
0 0.18683333 0.31 0.03433333 0.062
0 0.55716667 0.50225 0.06766667 0.1045
