0 0.53916667 0.6395 0.151 0.088
0 0.567 0.779 0.002 0.132
0 0.58716667 0.7615 0.001 0.116
0 0.60566667 0.7615 0.00533333 0.119
0 0.6205 0.9105 0.035 0.144
0 0.60366667 0.95025 0.018 0.0995
0 0.784 0.63525 0.028 0.0715
0 0.5655 0.24525 0.02433333 0.0325
0 0.62666667 0.33225 0.08533333 0.0845
0 0.62216667 0.35725 0.089 0.0675
0 0.61766667 0.38475 0.082 0.0285
0 0.43566667 0.109 0.04133333 0.078
0 0.52966667 0.1825 0.05133333 0.077
0 0.93433333 0.25825 0.04133333 0.0445
0 0.98333333 0.2575 0.03333333 0.043
0 0.9605 0.5755 0.079 0.008
0 0.62533333 0.4455 0.03266667 0.101
0 0.67616667 0.58825 0.04033333 0.0845
