0 0.351 0.60375 0.098 0.0165
0 0.32183333 0.665 0.06366667 0.003
0 0.46916667 0.62875 0.12033333 0.0245
0 0.356 0.84625 0.1 0.0105
0 0.45366667 0.828 0.06466667 0.041
0 0.38133333 0.7895 0.12 0.018
0 0.46616667 0.7325 0.04966667 0.05
0 0.01916667 0.22425 0.03033333 0.3215
0 0.28333333 0.15 0.06533333 0.039
0 0.604 0.2695 0.05466667 0.009
0 0.66416667 0.2575 0.08766667 0.024
0 0.61316667 0.362 0.05233333 0.006
0 0.58433333 0.38725 0.094 0.0045
0 0.8515 0.59925 0.081 0.1285
0 0.73633333 0.06675 0.05666667 0.0515
0 0.70766667 0.09 0.086 0.065
0 0.73383333 0.1325 0.03966667 0.02
0 0.68933333 0.1295 0.09 0.071
