0 0.06466667 0.07675 0.12933333 0.0945
0 0.05166667 0.11 0.08333333 0.047
0 0.032 0.16375 0.03333333 0.0365
0 0.03866667 0.203 0.07733333 0.066
0 0.0615 0.238 0.123 0.077
0 0.107 0.01875 0.052 0.0375
0 0.115 0.9575 0.03066667 0.069
0 0.44883333 0.91925 0.071 0.0055
0 0.554 0.959 0.132 0.004
0 0.7875 0.9515 0.07833333 0.097
0 0.74883333 0.6975 0.107 0.031
0 0.9115 0.595 0.15033333 0.066
0 0.907 0.51825 0.11066667 0.0525
0 0.8765 0.469 0.105 0.057
0 0.881 0.1975 0.11066667 0.001
0 0.873 0.22825 0.044 0.0095
0 0.8405 0.13625 0.11433333 0.0215
0 0.48466667 0.159 0.03133333 0.089
0 0.46766667 0.21375 0.026 0.0985
0 0.52916667 0.227 0.01233333 0.047
0 0.3985 0.12625 0.04566667 0.0175
0 0.142 0.28175 0.02866667 0.1105
0 0.142 0.04375 0.07733333 0.0365
0 0.37633333 0.87675 0.07733333 0.0095
0 0.92583333 0.3725 0.037 0.077
0 0.92866667 0.4415 0.06733333 0.104
