0 0.42483333 0.907 0.03233333 0.011
0 0.4155 0.9265 0.037 0.026
0 0.09783333 0.76275 0.03233333 0.1725
0 0.075 0.90425 0.05133333 0.1725
0 0.04133333 0.91375 0.054 0.1155
0 0.05766667 0.756 0. 0.078
0 0.0395 0.859 0.01233333 0.109
0 0.2795 0.10725 0.045 0.1335
0 0.252 0.0715 0.03866667 0.089
0 0.20933333 0.01875 0.02 0.0375
0 0.15316667 0.03025 0.01366667 0.0605
0 0.26633333 0.1625 0.03133333 0.085
0 0.31083333 0.47575 0.063 0.0565
0 0.297 0.504 0.04933333 0.035
0 0.35666667 0.42525 0.086 0.0095
0 0.55166667 0.39825 0.00533333 0.1905
0 0.94933333 0.857 0.00266667 0.105
0 0.98833333 0.8975 0.02133333 0.086
0 0.90983333 0.85175 0.071 0.1055
0 0.9735 0.96825 0.053 0.0525
0 0.877 0.83625 0.04666667 0.0715
0 0.81183333 0.49525 0.04566667 0.0635
0 0.01983333 0.50875 0.01966667 0.0605
0 0.01566667 0.54575 0.008 0.0455
0 0.16316667 0.1725 0.02233333 0.049
