0 0.40833333 0.64875 0.05466667 0.0605
0 0.45283333 0.791 0.03433333 0.046
0 0.41016667 0.85175 0.04233333 0.0355
0 0.70533333 0.43325 0.07533333 0.0825
0 0.72816667 0.19475 0.02966667 0.0685
0 0.74083333 0.27375 0.02966667 0.0915
0 0.96083333 0.3005 0.07833333 0.003
0 0.96316667 0.254 0.07366667 0.007
0 0.947 0.23925 0.106 0.0015
0 0.95016667 0.041 0.019 0.069
0 0.8235 0.2795 0.04766667 0.023
0 0.87683333 0.79575 0.097 0.0365
0 0.67883333 0.93875 0.09233333 0.0685
0 0.7475 0.97175 0.06633333 0.0565
0 0.1685 0.92375 0.00833333 0.1225
0 0.21466667 0.80375 0.04666667 0.0715
0 0.20116667 0.8155 0.043 0.062
0 0.293 0.71825 0.01266667 0.0675
0 0.4505 0.0755 0.05833333 0.038
0 0.36783333 0.03975 0.02233333 0.0795
0 0.3895 0.025 0.015 0.05
0 0.32166667 0.09025 0.016 0.0865
0 0.302 0.17575 0.02333333 0.0555
0 0.94466667 0.938 0.04933333 0.03
0 0.88683333 0.91025 0.05233333 0.0015
0 0.929 0.8125 0.04333333 0.019
0 0.926 0.7285 0.05666667 0.004
0 0.92283333 0.34975 0.151 0.0795
