0 0.17066667 0.44675 0.07733333 0.0555
0 0.35266667 0.44525 0.082 0.0985
0 0.251 0.5635 0.062 0.054
0 0.19733333 0.67125 0.04933333 0.0215
0 0.11583333 0.57675 0.10433333 0.0455
0 0.0755 0.7035 0.061 0.03
0 0.058 0.78425 0.06 0.0245
0 0.02433333 0.74875 0.04866667 0.0335
0 0.3945 0.11875 0.063 0.0485
0 0.386 0.1505 0.026 0.031
0 0.3985 0.182 0.02766667 0.054
0 0.50816667 0.62125 0.02966667 0.0725
0 0.55883333 0.57075 0.10033333 0.0685
0 0.28166667 0.81 0.03333333 0.024
0 0.23133333 0.758 0.08333333 0.004
0 0.20216667 0.78375 0.03966667 0.0015
0 0.159 0.80125 0.04333333 0.0475
0 0.17433333 0.83225 0.052 0.0095
0 0.18333333 0.84575 0.052 0.0095
0 0.16983333 0.913 0.03033333 0.001
0 0.221 0.9305 0.072 0.039
0 0.252 0.81475 0.01333333 0.0095
0 0.02833333 0.48575 0.05666667 0.0175
0 0.3885 0.3275 0.035 0.116
0 0.39266667 0.376 0.00733333 0.059
0 0.16216667 0.95275 0.03833333 0.0055
0 0.244 0.01975 0.03333333 0.0095
0 0.1275 0.01675 0.05033333 0.0285
0 0.47483333 0.83225 0.00633333 0.0745
0 0.252 0.34775 0.026 0.0325
0 0.01933333 0.79525 0.024 0.0325
0 0.0275 0.8 0.019 0.031
0 0.0095 0.78225 0.019 0.0285
