0 0.779 0.06075 0.14533333 0.0865
0 0.9555 0.25525 0.089 0.0095
0 0.9565 0.2885 0.087 0.003
0 0.7255 0.484 0.01366667 0.07
0 0.708 0.5735 0.036 0.082
0 0.363 0.674 0.122 0.124
0 0.35683333 0.71025 0.05033333 0.0455
0 0.16083333 0.54175 0.03966667 0.0595
0 0.02283333 0.50675 0.01166667 0.1055
0 0.07233333 0.91525 0.026 0.1295
0 0.0495 0.91975 0.025 0.1145
0 0.02033333 0.8505 0.008 0.062
0 0.00133333 0.9225 0.00266667 0.09
0 0.05083333 0.516 0.019 0.143
0 0.76233333 0.8005 0.008 0.097
0 0.74933333 0.756 0.002 0.062
0 0.42816667 0.1915 0.00966667 0.07
