0 0.472 0.42175 0.08533333 0.0295
0 0.77666667 0.47775 0.06733333 0.0555
0 0.7045 0.9205 0.081 0.132
0 0.48383333 0.69275 0.055 0.0865
0 0.32083333 0.961 0.01433333 0.078
0 0.37016667 0.95275 0.01233333 0.0405
0 0.33333333 0.8275 0.002 0.089
0 0.349 0.81875 0.01 0.0845
0 0.14733333 0.9015 0.106 0.197
0 0.13516667 0.9645 0.04233333 0.066
0 0.03466667 0.74 0.03133333 0.081
0 0.03966667 0.16975 0.00533333 0.1105
0 0.017 0.1935 0.00533333 0.104
0 0.91283333 0.33025 0.099 0.0485
0 0.86566667 0.33225 0.14466667 0.0905
0 0.17333333 0.14675 0.04133333 0.0565
0 0.14416667 0.558 0.035 0.005
