0 0.0365 0.06975 0.03833333 0.0755
0 0.08533333 0.04175 0.06133333 0.0805
0 0.146 0.09025 0.03133333 0.0015
0 0.143 0.12425 0.02133333 0.0035
0 0.13183333 0.14625 0.03966667 0.0075
0 0.17116667 0.12175 0.013 0.0015
0 0.17783333 0.106 0.01433333 0.
0 0.22166667 0.10375 0.03133333 0.1315
0 0.21366667 0.24925 0.03333333 0.0775
0 0.06983333 0.37275 0.097 0.0875
0 0.33633333 0.618 0.022 0.1
0 0.31366667 0.65075 0.01333333 0.0745
0 0.201 0.778 0.026 0.065
0 0.38083333 0.6615 0.077 0.059
0 0.39483333 0.73775 0.04233333 0.0485
0 0.38533333 0.90375 0.082 0.0255
0 0.38283333 0.938 0.109 0.003
0 0.23383333 0.88725 0.001 0.1045
0 0.198 0.95975 0.002 0.0805
0 0.36816667 0.46825 0.04166667 0.1605
0 0.28333333 0.303 0.05733333 0.194
0 0.42566667 0.0455 0.04333333 0.064
