0 0.544 0.88625 0.01866667 0.0955
0 0.505 0.698 0.016 0.113
0 0.16533333 0.3895 0.04466667 0.094
0 0.15366667 0.4055 0.04666667 0.07
0 0.14183333 0.337 0.06833333 0.027
0 0.04983333 0.283 0.091 0.032
0 0.04616667 0.31525 0.08166667 0.0375
0 0.03633333 0.231 0.06933333 0.015
0 0.01483333 0.24725 0.02966667 0.0125
0 0.0305 0.18725 0.061 0.0325
0 0.0925 0.0445 0.01433333 0.089
0 0.17333333 0.03375 0.06466667 0.0025
0 0.54 0.118 0.038 0.007
0 0.59016667 0.118 0.027 0.012
0 0.57633333 0.08375 0.044 0.0135
0 0.59933333 0.221 0.03933333 0.043
0 0.60116667 0.26275 0.043 0.0455
0 0.58633333 0.21975 0.028 0.0295
0 0.6185 0.32275 0.141 0.1415
0 0.72416667 0.397 0.07033333 0.047
0 0.71516667 0.366 0.06633333 0.042
0 0.71783333 0.3355 0.131 0.097
0 0.71333333 0.26825 0.054 0.0375
0 0.78166667 0.20675 0.00533333 0.0285
0 0.6595 0.194 0.097 0.097
0 0.65766667 0.13 0.04466667 0.007
0 0.72416667 0.08275 0.00566667 0.1525
0 0.79883333 0.06125 0.00366667 0.1225
0 0.827 0.07875 0.03133333 0.0065
0 0.89266667 0.07 0.096 0.011
0 0.90616667 0.04575 0.123 0.0105
0 0.80016667 0.6205 0.04033333 0.144
0 0.79833333 0.67925 0.01333333 0.0485
0 0.75383333 0.58025 0.027 0.0445
0 0.73233333 0.597 0.052 0.065
0 0.78933333 0.781 0.09066667 0.101
0 0.832 0.72775 0.036 0.0405
0 0.9145 0.62075 0.133 0.1575
0 0.8715 0.53975 0.10233333 0.1095
0 0.98916667 0.6505 0.02166667 0.031
0 0.95383333 0.64625 0.053 0.0525
0 0.74133333 0.8275 0.04666667 0.054
0 0.69866667 0.8105 0.02066667 0.05
0 0.66983333 0.851 0.019 0.031
0 0.6905 0.95275 0.00833333 0.0945
0 0.61733333 0.94425 0.00533333 0.0715
0 0.58716667 0.96225 0.00833333 0.0645
0 0.63066667 0.81 0.02866667 0.135
0 0.59516667 0.8215 0.02433333 0.074
0 0.58766667 0.7695 0.03066667 0.086
0 0.60333333 0.659 0.07266667 0.164
0 0.60383333 0.618 0.03766667 0.093
0 0.566 0.618 0.01266667 0.047
0 0.44783333 0.87075 0.00633333 0.0645
0 0.416 0.81325 0.04133333 0.0795
0 0.39533333 0.7515 0.016 0.109
0 0.3895 0.6375 0.04433333 0.194
0 0.35666667 0.6005 0.01066667 0.152
0 0.20933333 0.53625 0.02133333 0.0595
0 0.1015 0.6415 0.05766667 0.054
0 0.05216667 0.70275 0.03233333 0.0175
0 0.02383333 0.7285 0.04766667 0.001
0 0.16883333 0.83825 0.01433333 0.0565
0 0.1545 0.83425 0.007 0.0515
0 0.3985 0.469 0.02633333 0.059
0 0.43583333 0.47925 0.099 0.1955
0 0.44033333 0.44675 0.11133333 0.2255
0 0.4645 0.4655 0.047 0.085
0 0.521 0.02025 0.04133333 0.0325
0 0.54133333 0.0175 0.03133333 0.035
0 0.51 0.93675 0.01533333 0.0645
0 0.78483333 0.11175 0.019 0.1885
0 0.465 0.15225 0.03333333 0.0025
