0 0.07633333 0.644 0.09 0.233
0 0.2965 0.87125 0.05766667 0.0125
0 0.37183333 0.42575 0.03033333 0.1575
0 0.33583333 0.22875 0.011 0.1155
0 0.57233333 0.0825 0.098 0.083
0 0.5385 0.041 0.03833333 0.082
0 0.704 0.19175 0.04466667 0.0285
0 0.58133333 0.341 0.02133333 0.094
0 0.48783333 0.787 0.077 0.035
0 0.73833333 0.85075 0.06866667 0.0465
0 0.62983333 0.75925 0.05166667 0.1395
0 0.9 0.41125 0.04666667 0.0075
0 0.8955 0.36875 0.04966667 0.0075
0 0.955 0.38775 0.02733333 0.1275
0 0.448 0.2455 0.02333333 0.112
