0 0.327 0.7985 0.00733333 0.123
0 0.35616667 0.77425 0.00633333 0.1385
0 0.34866667 0.68 0.034 0.101
0 0.50316667 0.60175 0.025 0.0495
0 0.548 0.3275 0.054 0.062
0 0.5765 0.26625 0.02966667 0.1175
0 0.57866667 0.38125 0.016 0.1295
0 0.64733333 0.38825 0.08733333 0.0995
0 0.8055 0.11525 0.143 0.0015
0 0.84366667 0.2115 0.09866667 0.008
0 0.8755 0.5445 0.04233333 0.07
0 0.96 0.70875 0.08 0.0565
0 0.28533333 0.207 0.05666667 0.023
0 0.22633333 0.1555 0.052 0.039
0 0.34533333 0.16975 0.08533333 0.0455
0 0.31316667 0.34025 0.00433333 0.2065
0 0.29833333 0.37075 0. 0.1025
0 0.15866667 0.26075 0.028 0.0225
0 0.17216667 0.19125 0.05833333 0.0485
0 0.39366667 0.636 0.04133333 0.027
0 0.34366667 0.568 0.01333333 0.061
0 0.32966667 0.5175 0.052 0.032
0 0.3905 0.52275 0.09966667 0.0135
0 0.38533333 0.48125 0.106 0.0025
0 0.38233333 0.45625 0.10333333 0.0015
0 0.28883333 0.421 0.11766667 0.085
0 0.31166667 0.46425 0.07733333 0.0445
0 0.12216667 0.954 0.05233333 0.027
0 0.0715 0.9455 0.089 0.066
0 0.02416667 0.978 0.02166667 0.031
0 0.85666667 0.78975 0.00466667 0.1105
0 0.72416667 0.033 0.05033333 0.02
0 0.60016667 0.27625 0.009 0.0945
0 0.38266667 0.02975 0.02333333 0.0595
