0 0.66133333 0.58475 0.13133333 0.0675
0 0.722 0.63525 0.08533333 0.0255
0 0.7265 0.66975 0.07633333 0.0025
0 0.7385 0.78775 0.05566667 0.0605
0 0.79566667 0.7785 0.04933333 0.058
0 0.77183333 0.859 0.05766667 0.066
0 0.68916667 0.95625 0.12766667 0.0635
0 0.97166667 0.6145 0.042 0.21
0 0.97433333 0.48725 0.05133333 0.0095
0 0.87883333 0.021 0.03766667 0.042
0 0.78166667 0.041 0.02666667 0.082
0 0.61466667 0.45625 0.07 0.0175
0 0.51583333 0.50925 0.10433333 0.0135
0 0.63116667 0.69875 0.11233333 0.0065
0 0.943 0.7965 0.03666667 0.119
0 0.90383333 0.78225 0.05566667 0.1065
0 0.947 0.65775 0.02533333 0.1075
0 0.47166667 0.9535 0.06266667 0.047
0 0.48083333 0.97175 0.07366667 0.0435
0 0.3195 0.7205 0.04766667 0.139
0 0.23133333 0.46825 0.12333333 0.0475
0 0.19583333 0.34425 0.095 0.0765
0 0.08116667 0.53625 0.053 0.1645
0 0.019 0.55175 0.018 0.0635
0 0.02333333 0.48175 0.03066667 0.1095
0 0.01483333 0.428 0.02966667 0.101
0 0.026 0.23175 0.052 0.0645
0 0.28333333 0.137 0.026 0.101
0 0.93183333 0.59025 0.03766667 0.0295
