0 0.2875 0.63075 0.03033333 0.0435
0 0.51083333 0.89825 0.03166667 0.1255
0 0.48833333 0.89275 0.024 0.0905
0 0.544 0.91775 0.05866667 0.1645
0 0.63933333 0.62075 0.062 0.0175
0 0.54483333 0.624 0.143 0.027
0 0.58 0.682 0.26666667 0.073
0 0.8935 0.57825 0.01366667 0.1755
0 0.95133333 0.3525 0.02333333 0.039
0 0.86083333 0.1545 0.08433333 0.147
0 0.8375 0.2325 0.027 0.125
0 0.70216667 0.062 0.089 0.121
0 0.67333333 0.1415 0.09266667 0.183
0 0.82383333 0.328 0.05033333 0.012
0 0.78166667 0.35725 0.07733333 0.2235
0 0.853 0.49125 0.00266667 0.1035
0 8.42333333e-01 6.52250000e-01 6.66666667e-04 6.75000000e-02
0 0.925 0.35725 0.05866667 0.0755
0 0.91916667 0.4045 0.045 0.124
0 0.88283333 0.3395 0.06366667 0.054
0 0.9815 0.79725 0.01166667 0.1525
0 0.95183333 0.67175 0.01166667 0.0795
0 0.8275 0.9015 0.025 0.086
