0 0.0535 0.6585 0.107 0.05
0 0.08533333 0.78275 0.104 0.0955
0 0.21816667 0.5925 0.05233333 0.079
0 0.391 0.438 0.12333333 0.079
0 0.447 0.5265 0.05333333 0.071
0 0.35516667 0.5395 0.07166667 0.073
0 0.28483333 0.79775 0.125 0.0135
0 0.445 0.65375 0.04333333 0.0955
0 0.38883333 0.7795 0.02233333 0.062
0 0.41566667 0.26975 0.05333333 0.0545
0 0.446 0.27275 0.076 0.0725
0 0.8395 0.93575 0.03233333 0.0925
0 0.90716667 0.928 0.095 0.044
0 0.97316667 0.1335 0.05366667 0.003
0 0.60716667 0.8055 0.093 0.044
0 0.457 0.803 0.03533333 0.003
