0 0.37833333 0.48575 0.106 0.0605
0 0.0315 0.72725 0.063 0.1065
0 0.10333333 0.77425 0.056 0.0875
0 0.18283333 0.89675 0.033 0.0605
0 0.16266667 0.91925 0.07 0.1215
0 0.23716667 0.882 0.027 0.074
0 0.26816667 0.90975 0.02233333 0.0725
0 0.0615 0.405 0.123 0.036
0 0.017 0.02225 0.034 0.0095
0 0.43883333 0.124 0.019 0.248
0 0.5745 0.2505 0.04033333 0.132
0 0.6815 0.4865 0.11033333 0.03
0 0.90516667 0.27275 0.09966667 0.0015
0 0.96216667 0.089 0.07366667 0.089
0 0.9785 0.09575 0.043 0.0435
0 0.63033333 0.0945 0.04933333 0.016
0 0.68383333 0.0345 0.06833333 0.023
0 0.703 0.0545 0.064 0.055
0 0.469 0.09975 0.00866667 0.1995
0 0.97116667 0.508 0.05766667 0.054
0 0.9825 0.5795 0.035 0.043
0 0.929 0.59975 0.10066667 0.0865
0 0.96816667 0.33625 0.06033333 0.0175
0 0.83833333 0.35975 0.09866667 0.0565
0 0.93566667 0.32 0.08533333 0.02
0 0.96933333 0.24725 0.05933333 0.0015
0 0.982 0.27625 0.036 0.0025
0 0.823 0.318 0.072 0.016
