0 0.12933333 0.764 0.072 0.062
0 0.17516667 0.7555 0.10766667 0.104
0 0.0585 0.80475 0.043 0.1185
0 0.11766667 0.55775 0.06666667 0.1375
0 0.08883333 0.535 0.05033333 0.129
0 0.0405 0.30875 0.081 0.1185
0 0.3995 0.62675 0.089 0.0165
0 0.36883333 0.6685 0.10166667 0.019
0 0.46683333 0.65775 0.05833333 0.0215
0 0.48966667 0.62725 0.09733333 0.0335
0 0.619 0.907 0.06266667 0.084
0 0.67333333 0.7475 0.03666667 0.023
0 0.699 0.75675 0.02866667 0.0045
0 0.83866667 0.96775 0.00466667 0.0645
0 0.6945 0.95275 0.045 0.0485
0 0.8845 0.22575 0.017 0.1875
0 0.29783333 0.8295 0.04233333 0.061
0 0.09383333 0.01625 0.02233333 0.0325
0 0.70716667 0.96975 0.03966667 0.0475
0 0.08533333 0.843 0.01066667 0.101
0 0.5925 0.98375 0.03166667 0.0325
0 0.56566667 0.95075 0.00266667 0.0985
0 0.92183333 0.36275 0.029 0.0755
