0 0.2785 0.7715 0.10766667 0.158
0 0.21433333 0.72375 0.05666667 0.0565
0 0.09983333 0.64425 0.061 0.0565
0 0.07233333 0.78225 0.04066667 0.1035
0 0.08183333 0.2015 0.099 0.053
0 0.018 0.61525 0.036 0.0415
0 0.67066667 0.73575 0.05466667 0.0135
0 0.703 0.86725 0.06 0.0525
0 0.74616667 0.944 0.05833333 0.058
0 0.91383333 0.552 0.07366667 0.012
0 0.79516667 0.40225 0.03033333 0.0765
0 0.77983333 0.38 0.05033333 0.081
0 0.85316667 0.21575 0.07833333 0.1265
0 0.906 0.281 0.062 0.117
0 0.9435 0.221 0.01966667 0.03
0 0.97716667 0.18875 0.04566667 0.0515
0 0.88633333 0.035 0.07666667 0.07
0 0.634 0.2155 0.026 0.073
0 0.3795 0.23975 0.07633333 0.0675
0 0.38016667 0.21575 0.09166667 0.0645
0 0.82566667 0.5295 0.08466667 0.019
0 0.9425 0.892 0.115 0.105
0 0.97166667 0.8895 0.05466667 0.046
0 0.71916667 0.08475 0.02766667 0.0835
