0 0.24883333 0.73675 0.097 0.0175
0 0.18466667 0.225 0.05466667 0.03
0 0.18283333 0.2035 0.04766667 0.03
0 0.67516667 0.10125 0.02766667 0.0835
0 0.66166667 0.054 0.01 0.108
0 0.71466667 0.09975 0.05133333 0.1155
0 0.75966667 0.01625 0.02066667 0.0325
0 0.7375 0.11775 0.05566667 0.1495
0 0.77183333 0.039 0.045 0.078
0 0.80133333 0.38225 0.072 0.1415
0 0.7345 0.471 0.02766667 0.16
0 0.67783333 0.28775 0.04233333 0.1115
0 0.66266667 0.34775 0.03666667 0.1075
0 0.55566667 0.1705 0.05666667 0.058
0 0.90516667 0.13225 0.09966667 0.2075
0 0.77216667 0.26275 0.04033333 0.0245
0 0.62266667 0.85325 0.07533333 0.0755
0 0.5435 0.95475 0.07366667 0.0825
0 0.5525 0.90975 0.03766667 0.0405
0 0.0135 0.595 0.027 0.023
