0 0.60916667 0.191 0.03633333 0.03
0 0.7535 0.27725 0.05633333 0.0335
0 0.65566667 0.0455 0.06266667 0.085
0 0.62516667 0.05925 0.03633333 0.0575
0 0.04083333 0.27875 0.07366667 0.1365
0 0.045 0.319 0.05533333 0.08
0 0.049 0.397 0.06133333 0.112
0 0.10816667 0.32425 0.04233333 0.1035
0 0.0475 0.45825 0.04033333 0.0745
0 0.26016667 0.85675 0.06366667 0.0835
0 0.28116667 0.93725 0.06966667 0.1015
0 0.33166667 0.92425 0.03533333 0.0245
0 0.42966667 0.7865 0.102 0.021
0 0.497 0.79175 0.07266667 0.0135
0 0.55866667 0.806 0.06266667 0.021
0 0.3945 0.838 0.04966667 0.006
0 0.46816667 0.81975 0.05366667 0.0245
0 0.51116667 0.8165 0.03633333 0.006
0 0.4965 0.8455 0.08366667 0.033
0 0.547 0.88025 0.02733333 0.1185
0 0.62166667 0.82725 0.02733333 0.0515
0 0.6445 0.8485 0.05233333 0.039
0 0.98433333 0.96675 0.03133333 0.0215
0 0.78883333 0.85375 0.01833333 0.0595
