0 0.12083333 0.5515 0.06166667 0.042
0 0.17633333 0.58325 0.15466667 0.1425
0 0.12983333 0.80975 0.04366667 0.0195
0 0.19083333 0.878 0.085 0.047
0 0.07416667 0.8545 0.05566667 0.039
0 0.0505 0.847 0.101 0.07
0 0.5485 0.828 0.17366667 0.311
0 0.4885 0.797 0.14233333 0.206
0 0.72233333 0.7485 0.14133333 0.097
0 0.77066667 0.65825 0.12133333 0.0775
0 0.38383333 0.52275 0.01233333 0.0605
0 0.4035 0.3885 0.019 0.159
0 0.43283333 0.3335 0.025 0.185
0 0.70966667 0.272 0.16066667 0.077
0 0.71416667 0.19375 0.25233333 0.0545
0 0.8 0.11075 0.14333333 0.0605
0 0.78133333 0.05975 0.078 0.0285
0 0.7 0.09675 0.09666667 0.1515
0 0.58783333 0.08925 0.077 0.1305
0 0.1895 0.09175 0.12633333 0.0225
0 0.50416667 0.603 0.03633333 0.085
0 0.4625 0.58875 0.03833333 0.0075
0 0.06616667 0.6915 0.06966667 0.059
0 0.01566667 0.8075 0.03133333 0.015
