0 0.08433333 0.5645 0.02333333 0.071
0 0.07166667 0.2515 0.05466667 0.033
0 0.07833333 0.272 0.02933333 0.02
0 0.12333333 0.3925 0.006 0.079
0 0.1115 0.3885 0.009 0.05
0 0.27566667 0.2545 0.06666667 0.03
0 0.36216667 0.20525 0.04366667 0.0045
0 0.38483333 0.23125 0.03633333 0.0045
0 0.47633333 0.23175 0.106 0.0185
0 0.46366667 0.31975 0.12333333 0.0275
0 0.24183333 0.31125 0.05366667 0.0255
0 0.37416667 0.8925 0.06166667 0.021
0 0.4485 0.87575 0.093 0.0395
0 0.5585 0.91875 0.03233333 0.0105
0 0.497 0.92275 0.198 0.0815
0 0.51266667 0.978 0.094 0.044
0 0.8905 0.10525 0.07966667 0.1375
0 0.864 0.1835 0.096 0.215
