0 0.297 0.531 0.05133333 0.051
0 0.18466667 0.4575 0.07266667 0.098
0 0.20183333 0.8045 0.02966667 0.043
0 0.269 0.89875 0.03866667 0.0485
0 0.48433333 0.7735 0.04866667 0.011
0 0.70166667 0.936 0.09866667 0.042
0 0.717 0.8375 0.054 0.004
0 0.7845 0.717 0.079 0.059
0 0.94783333 0.80125 0.027 0.0745
0 0.96983333 0.895 0.06033333 0.027
0 0.97616667 0.33975 0.04766667 0.0755
0 0.87116667 0.072 0.05833333 0.02
0 0.64366667 0.3425 0.09066667 0.07
0 0.59983333 0.35975 0.11766667 0.0995
0 0.566 0.35225 0.07 0.0445
0 0.69416667 0.275 0.06366667 0.043
0 0.76383333 0.21425 0.05566667 0.0455
0 0.76633333 0.1935 0.06466667 0.055
0 0.752 0.27425 0.07933333 0.0665
