0 0.53233333 0.676 0.078 0.155
0 0.60566667 0.65375 0.02333333 0.0595
0 0.6155 0.715 0.043 0.104
0 0.62266667 0.8375 0.038 0.109
0 0.68466667 0.3545 0.04466667 0.073
0 0.8935 0.16175 0.10166667 0.1185
0 0.95466667 0.151 0.03333333 0.086
0 0.89216667 0.04175 0.03433333 0.0405
0 0.83816667 0.03425 0.00366667 0.0685
0 0.98833333 0.28175 0.02133333 0.0455
0 0.97883333 0.211 0.037 0.093
0 0.93933333 0.79425 0.03533333 0.2385
0 0.98466667 0.822 0.02333333 0.089
0 0.4115 0.61975 0.047 0.0135
0 0.1455 0.6845 0.025 0.062
0 0.198 0.6375 0.044 0.092
0 0.059 0.34975 0.062 0.0095
0 0.8095 0.09825 0.07166667 0.1185
0 0.91633333 0.254 0.04666667 0.028
0 0.0095 0.7655 0.019 0.043
