0 0.18333333 0.03625 0.092 0.0485
0 0.11216667 0.247 0.115 0.021
0 0.13533333 0.25975 0.11333333 0.0195
0 0.139 0.3 0.03533333 0.009
0 0.17516667 0.282 0.06566667 0.
0 0.28683333 0.2485 0.19166667 0.006
0 0.33533333 0.27125 0.09066667 0.0095
0 0.23583333 0.30225 0.12233333 0.0225
0 0.27683333 0.34925 0.02633333 0.0565
0 0.01916667 0.9295 0.00633333 0.117
0 0.1445 0.80375 0.04433333 0.0985
0 0.297 0.834 0.04866667 0.162
0 0.0495 0.681 0.03633333 0.035
0 0.42866667 0.944 0.1 0.024
0 0.42983333 0.921 0.14033333 0.003
0 0.85166667 0.0795 0.06666667 0.08
0 0.77116667 0.03325 0.04566667 0.0665
0 0.8505 0.29775 0.107 0.1165
0 0.20416667 0.8045 0.03433333 0.106
