0 0.3535 0.68725 0.051 0.1725
0 0.292 0.535 0.02333333 0.097
0 0.23483333 0.7945 0.01166667 0.093
0 0.28133333 0.8605 0.018 0.15
0 0.14916667 0.702 0.007 0.097
0 0.05916667 0.09025 0.03233333 0.1615
0 0.065 0.0565 0.02066667 0.113
0 0.52916667 0.63925 0.05033333 0.0795
0 0.4815 0.6295 0.05566667 0.054
0 0.5135 0.725 0.02633333 0.086
0 0.80283333 0.96975 0.06366667 0.0605
0 0.89083333 0.275 0.071 0.132
0 0.86166667 0.1535 0.016 0.108
0 0.84183333 0.15825 0.025 0.0875
0 0.783 0.27575 0.07266667 0.1525
0 0.97666667 0.44275 0.04666667 0.0825
0 0.98116667 0.39625 0.03766667 0.0485
0 0.96533333 0.349 0.00466667 0.07
0 0.9865 0.3685 0.027 0.031
0 0.95066667 0.37125 0.01066667 0.0845
0 0.74316667 0.38075 0.03766667 0.0225
