0 0.36566667 0.4375 0.06133333 0.136
0 0.38283333 0.5055 0.025 0.051
0 0.1955 0.6785 0.125 0.19
0 0.124 0.7525 0.06666667 0.12
0 0.07783333 0.76875 0.08166667 0.1575
0 0.19766667 0.8355 0.04666667 0.105
0 0.128 0.95225 0.04066667 0.0875
0 0.24316667 0.83025 0.04766667 0.0725
0 0.40966667 0.736 0.11133333 0.124
0 0.51616667 0.58425 0.05833333 0.0715
0 0.4195 0.783 0.05033333 0.016
0 0.35616667 0.2795 0.04233333 0.077
0 0.20383333 0.5735 0.05566667 0.077
0 0.16366667 0.5775 0.14733333 0.168
0 0.75216667 0.25 0.19766667 0.123
0 0.82566667 0.36275 0.15266667 0.0755
0 0.5755 0.10975 0.04766667 0.0365
0 0.491 0.31925 0.08333333 0.0915
0 0.18733333 0.94125 0.07666667 0.1175
0 0.15316667 0.96625 0.04033333 0.0645
0 0.37216667 0.431 0.05966667 0.126
0 0.11933333 0.7515 0.06666667 0.112
0 0.19183333 0.68475 0.113 0.1725
0 0.406 0.73325 0.11733333 0.1245
0 0.7455 0.244 0.17766667 0.118
0 0.8415 0.3705 0.087 0.038
0 0.197 0.584 0.05866667 0.074
0 0.3525 0.294 0.03833333 0.082
