0 0.23033333 0.18925 0.04933333 0.1955
0 0.34233333 0.45425 0.01266667 0.1215
0 0.315 0.44275 0.026 0.1035
0 0.32883333 0.9015 0.17633333 0.038
0 0.2435 0.8605 0.10766667 0.015
0 0.345 0.839 0.15266667 0.026
0 0.48916667 0.89025 0.195 0.0985
0 0.44516667 0.38675 0.09633333 0.0165
0 0.60916667 0.30475 0.17966667 0.0055
0 0.57333333 0.39075 0.052 0.0295
0 0.54316667 0.4145 0.04766667 0.02
0 0.55966667 0.50325 0.14733333 0.1305
0 0.43883333 0.44475 0.159 0.0165
0 0.48066667 0.54725 0.08466667 0.0865
0 0.73183333 0.07625 0.06366667 0.0255
0 0.611 0.41775 0.06466667 0.0485
