0 0.47616667 0.2945 0.05366667 0.074
0 0.45233333 0.34425 0.00266667 0.0605
0 0.46083333 0.46475 0.08433333 0.0135
0 0.81716667 0.55875 0.11233333 0.0985
0 0.8415 0.023 0.02966667 0.043
0 0.56116667 0.0565 0.05833333 0.113
0 0.39166667 0.48925 0.04133333 0.1295
0 0.40966667 0.48325 0.06266667 0.2575
0 0.349 0.6045 0.01533333 0.158
0 0.36116667 0.746 0.081 0.058
0 0.3175 0.81075 0.053 0.1225
0 0.2975 0.7875 0.03766667 0.093
0 0.25383333 0.97225 0.015 0.0555
0 0.07733333 0.69 0.052 0.081
0 0.13166667 0.6125 0.02266667 0.039
0 0.03733333 0.494 0.044 0.034
0 0.23316667 0.08 0.069 0.093
0 0.32833333 0.18925 0.026 0.1035
0 0.75933333 0.78975 0.036 0.1345
0 0.65716667 0.738 0.035 0.015
0 0.611 0.6395 0.072 0.009
0 0.61766667 0.612 0.06533333 0.016
0 0.85266667 0.24875 0.124 0.0285
0 0.25833333 0.59975 0.04733333 0.0215
0 0.207 0.62875 0.05666667 0.0205
0 0.178 0.29525 0.03066667 0.0675
0 0.49516667 0.1645 0.03233333 0.027
0 0.642 0.13875 0.042 0.0185
