0 0.17966667 0.82025 0.086 0.0175
0 0.21783333 0.7015 0.051 0.166
0 0.093 0.67575 0.044 0.0905
0 0.036 0.5755 0.04866667 0.062
0 0.02283333 0.023 0.04566667 0.046
0 0.3675 0.03175 0.063 0.0635
0 0.41833333 0.0195 0.03866667 0.039
0 0.55916667 0.24525 0.035 0.0995
0 0.62216667 0.31475 0.001 0.0875
0 0.88333333 0.5015 0.05933333 0.329
0 0.74083333 0.53225 0.04566667 0.0945
0 0.73316667 0.6625 0.02366667 0.093
0 0.96716667 0.10175 0.06566667 0.0845
0 0.625 0.9165 0.03866667 0.129
0 0.68333333 0.77 0.02266667 0.128
0 0.35683333 0.6105 0.05566667 0.081
0 0.28216667 0.51075 0.04833333 0.0805
0 0.2215 0.35375 0.04233333 0.1095
0 0.17516667 0.417 0.08633333 0.069
0 0.29066667 0.66775 0.12466667 0.0765
0 0.6645 0.938 0.019 0.054
0 0.74616667 0.229 0.01166667 0.108
0 0.02616667 0.2825 0.02166667 0.085
0 0.07 0.316 0.02333333 0.077
0 0.018 0.59775 0.036 0.0365
