0 0.1995 0.126 0.007 0.252
0 0.16633333 0.13675 0.01266667 0.2685
0 0.04716667 0.31475 0.02966667 0.2815
0 0.01916667 0.26 0.02966667 0.202
0 0.0135 0.826 0.027 0.097
0 0.33333333 0.80725 0.08466667 0.0995
0 0.403 0.80275 0.15 0.1495
0 0.44016667 0.884 0.19766667 0.232
0 0.37383333 0.6375 0.079 0.054
0 0.33566667 0.47975 0.01333333 0.1375
0 0.8185 0.7285 0.01633333 0.163
0 0.77233333 0.96425 0.03133333 0.0715
0 0.809 0.95625 0.03333333 0.0875
0 0.66233333 0.17725 0.04133333 0.0825
0 0.354 0.696 0.072 0.058
0 0.41783333 0.75675 0.043 0.0525
0 0.39383333 0.69475 0.13566667 0.1095
0 0.16533333 0.26625 0.02333333 0.1605
0 0.34233333 0.1185 0.04133333 0.073
0 0.32583333 0.2095 0.035 0.007
