0 0.64883333 0.30325 0.097 0.1485
0 0.70066667 0.1625 0. 0.136
0 0.845 0.0235 0.01533333 0.047
0 0.857 0.02625 0.02333333 0.0495
0 0.91683333 0.215 0.09433333 0.042
0 0.83516667 0.427 0.02233333 0.062
0 0.79783333 0.531 0.03766667 0.1
0 0.833 0.5055 0.054 0.078
0 0.18233333 0.94475 0.03066667 0.1105
0 0.0765 0.2675 0.05566667 0.155
0 0.15366667 0.18925 0.016 0.0985
0 0.26766667 0.054 0.02866667 0.046
0 0.40833333 0.02975 0.008 0.0595
0 0.39366667 0.02025 0.00533333 0.0405
0 0.4325 0.12875 0.035 0.1495
0 0.813 0.44275 0.054 0.1795
0 0.81533333 0.374 0.02266667 0.163
0 0.92633333 0.451 0.09533333 0.039
0 0.982 0.28575 0.036 0.0165
0 0.98466667 0.608 0.02333333 0.151
0 0.98383333 0.7195 0.01433333 0.089
0 0.81483333 0.0385 0.03766667 0.077
0 0.79916667 0.031 0.033 0.062
