0 0.27166667 0.4245 0.04933333 0.065
0 0.30583333 0.40375 0.05833333 0.0905
0 0.2705 0.49725 0.113 0.0785
0 0.40116667 0.40975 0.07966667 0.0645
0 0.385 0.25075 0.062 0.1915
0 0.43766667 0.12525 0.02866667 0.1025
0 0.40866667 0.0385 0.02333333 0.074
0 0.55483333 0.203 0.07833333 0.066
0 0.57783333 0.24525 0.06833333 0.0535
0 0.77716667 0.50275 0.14166667 0.0565
0 0.73 0.5315 0.08 0.004
0 0.81266667 0.56325 0.12866667 0.0835
0 0.8935 0.5915 0.107 0.
0 0.898 0.47175 0.078 0.0135
0 0.87783333 0.44275 0.08633333 0.0225
0 0.88916667 0.3235 0.071 0.216
0 0.8455 0.22775 0.03433333 0.1755
0 0.79016667 0.2385 0.02433333 0.119
0 0.91966667 0.1185 0.09066667 0.019
0 0.96266667 0.134 0.046 0.012
0 0.831 0.116 0.13666667 0.132
0 0.56633333 0.3545 0.14466667 0.17
0 0.52416667 0.3665 0.13033333 0.151
0 0.68766667 0.3995 0.21466667 0.112
0 0.54633333 0.64225 0.04866667 0.0875
0 0.44733333 0.7715 0.052 0.074
0 0.43383333 0.702 0.03766667 0.078
0 0.50266667 0.57425 0.05666667 0.0865
0 0.36383333 0.475 0.10233333 0.063
0 0.33433333 0.734 0.054 0.101
0 0.9725 0.9085 0.01166667 0.089
0 0.944 0.88075 0.02066667 0.1955
0 0.97166667 0.75675 0.05666667 0.1115
0 0.98066667 0.63475 0.03866667 0.0785
0 0.9255 0.647 0.05766667 0.105
0 0.92733333 0.717 0.088 0.183
0 0.79433333 0.6165 0.21733333 0.131
0 0.80683333 0.75 0.029 0.233
0 0.8365 0.77475 0.01433333 0.1375
0 0.88233333 0.8315 0.02133333 0.178
0 0.6605 0.572 0.01433333 0.117
0 0.557 0.5485 0.088 0.14
