0 0.52066667 0.649 0.09066667 0.069
0 0.47216667 0.677 0.051 0.031
0 0.6905 0.6235 0.08166667 0.012
0 0.61366667 0.22175 0.13466667 0.0525
0 0.543 0.21425 0.08 0.0215
0 0.536 0.318 0.07266667 0.035
0 0.51483333 0.28775 0.065 0.0175
0 0.67066667 0.22975 0.04933333 0.0225
0 0.97483333 0.62275 0.05033333 0.0835
0 0.788 0.82675 0.09333333 0.0605
0 0.17933333 0.05725 0.00266667 0.1145
0 0.15366667 0.04925 0.002 0.0985
0 0.13016667 0.14625 0.01433333 0.0415
0 0.13933333 0.16775 0.016 0.0555
0 0.22416667 0.056 0.001 0.112
0 0.17733333 0.2175 0.008 0.066
0 0.06333333 0.50525 0.00466667 0.1025
0 0.548 0.516 0.09866667 0.019
