0 0.11233333 0.97025 0.06266667 0.0405
0 0.1855 0.6225 0.019 0.046
0 0.13533333 0.61375 0.05666667 0.0605
0 0.19816667 0.28025 0.06366667 0.0295
0 0.163 0.21625 0.05133333 0.0175
0 0.1855 0.196 0.053 0.007
0 0.09883333 0.29125 0.19766667 0.0915
0 0.57233333 0.039 0.03066667 0.078
0 0.53333333 0.0465 0.05666667 0.093
0 0.43933333 0.1575 0.01066667 0.116
0 0.523 0.56 0.04866667 0.001
0 0.4915 0.54375 0.05233333 0.0285
0 0.46 0.65825 0.018 0.0445
0 0.76383333 0.56475 0.06833333 0.0375
0 0.65983333 0.38075 0.04233333 0.1415
0 0.94566667 0.91375 0.1 0.0085
