0 0.1725 0.771 0.05233333 0.086
0 0.19733333 0.77225 0.044 0.0675
0 0.26266667 0.624 0.044 0.043
0 0.26716667 0.86275 0.035 0.0485
0 0.30683333 0.82075 0.09766667 0.1235
0 0.13466667 0.781 0.01266667 0.063
0 0.11283333 0.3415 0.00433333 0.128
0 0.84016667 0.81 0.03233333 0.089
0 0.79283333 0.81125 0.12833333 0.1755
0 0.65583333 0.24725 0.05566667 0.1255
0 0.61683333 0.05875 0.02766667 0.0685
0 0.91283333 0.37125 0.095 0.0745
0 0.95816667 0.5795 0.08366667 0.057
0 0.67733333 0.928 0.02866667 0.093
0 0.775 0.43475 0.028 0.1335
