0 0.03133333 0.15675 0.04666667 0.0075
0 0.191 0.22425 0.06866667 0.0335
0 0.31216667 0.11525 0.101 0.1725
0 0.28483333 0.319 0.087 0.038
0 0.31866667 0.25975 0.05933333 0.0165
0 0.36866667 0.318 0.06666667 0.012
0 0.435 0.32575 0.03133333 0.0035
0 0.42383333 0.272 0.05366667 0.011
0 0.52016667 0.33025 0.04833333 0.0155
0 0.54 0.29625 0.102 0.0225
0 0.56866667 0.2485 0.08866667 0.006
0 0.63583333 0.3075 0.023 0.203
0 0.66933333 0.191 0.03133333 0.179
0 0.81716667 0.31375 0.14566667 0.0245
0 0.81866667 0.26525 0.17266667 0.0395
0 0.72833333 0.37725 0.06266667 0.4755
0 0.85966667 0.019 0.07466667 0.023
0 0.904 0.16975 0.01 0.1635
0 0.97116667 0.05075 0.005 0.1015
0 0.61666667 0.57125 0.02933333 0.0185
0 0.598 0.5045 0.12933333 0.103
0 0.54083333 0.522 0.05766667 0.053
0 0.46816667 0.4635 0.05966667 0.079
0 0.38883333 0.378 0.05433333 0.065
0 0.3045 0.4015 0.05566667 0.027
0 0.47016667 0.6085 0.14633333 0.138
0 0.47683333 0.56425 0.085 0.0895
0 0.46416667 0.5235 0.07166667 0.089
0 0.57866667 0.7295 0.06466667 0.056
0 0.61266667 0.72575 0.1 0.0785
0 0.6015 0.6855 0.07566667 0.062
0 0.63433333 0.68175 0.182 0.1395
0 0.69183333 0.9205 0.085 0.129
0 0.6095 0.94775 0.011 0.1045
0 0.47533333 0.94175 0.03333333 0.1165
0 0.50716667 0.934 0.03433333 0.132
0 0.24133333 0.8045 0.05466667 0.1
0 0.27933333 0.78325 0.17866667 0.2725
0 0.5945 0.4145 0.07766667 0.056
0 0.1535 0.90675 0.02633333 0.1865
