0 0.44733333 0.37 0.10066667 0.082
0 0.44166667 0.285 0.08733333 0.069
0 0.43833333 0.134 0.01266667 0.144
0 0.04666667 0.58825 0.09333333 0.1385
0 0.06333333 0.72575 0.064 0.0095
0 0.0215 0.69475 0.043 0.0045
0 0.456 0.816 0.02266667 0.112
0 0.41416667 0.77025 0.01633333 0.1015
0 0.40566667 0.667 0.008 0.124
0 0.68116667 0.09375 0.05033333 0.0365
0 0.75416667 0.02225 0.053 0.0445
0 0.62583333 0.1515 0.123 0.031
0 0.57183333 0.176 0.09233333 0.031
0 0.14116667 0.2095 0.01966667 0.179
0 0.93266667 0.672 0.13466667 0.058
0 0.94066667 0.639 0.11866667 0.035
0 0.974 0.604 0.052 0.027
0 0.982 0.3095 0.036 0.004
0 0.91066667 0.0955 0.01533333 0.105
0 0.53066667 0.49325 0.06733333 0.0405
