0 0.06816667 0.3575 0.05366667 0.103
0 0.15916667 0.497 0.05166667 0.091
0 0.13933333 0.77725 0.05266667 0.0935
0 0.42216667 0.73475 0.16166667 0.1275
0 0.59333333 0.83925 0.096 0.0515
0 0.67866667 0.843 0.14133333 0.059
0 0.6375 0.77575 0.23033333 0.1155
0 0.54383333 0.6865 0.207 0.106
0 0.505 0.634 0.24466667 0.135
0 0.90416667 0.70075 0.17166667 0.0285
0 0.73333333 0.6985 0.30333333 0.13
0 0.8465 0.1015 0.095 0.2
0 0.897 0.16525 0.11533333 0.2515
0 0.7565 0.3675 0.15566667 0.265
0 0.9135 0.42575 0.13033333 0.2425
0 0.8495 0.36725 0.03633333 0.0895
0 0.38483333 0.915 0.075 0.088
