0 0.256 0.62275 0.08666667 0.2305
0 0.28783333 0.768 0.047 0.159
0 0.34466667 0.52325 0.02066667 0.0765
0 0.50666667 0.48375 0.02 0.0915
0 0.697 0.901 0.05733333 0.042
0 0.7575 0.88925 0.03566667 0.0695
0 0.87783333 0.69825 0.03633333 0.0935
0 0.8225 0.61675 0.033 0.0755
0 0.3225 0.18775 0.127 0.1625
0 0.10166667 0.15 0.07333333 0.06
0 0.03216667 0.1455 0.02833333 0.051
0 0.04166667 0.19375 0.03066667 0.1075
0 0.07216667 0.1395 0.05433333 0.051
0 0.38183333 0.87375 0.04166667 0.0945
0 0.6655 0.28075 0.069 0.1045
0 0.7255 0.02775 0.03233333 0.0555
0 0.907 0.56325 0.12533333 0.0335
0 0.96 0.64275 0.00733333 0.0855
0 0.952 0.48175 0.01933333 0.0715
0 0.96466667 0.47675 0.01933333 0.0775
0 0.95933333 0.42175 0.01933333 0.1005
0 0.92916667 0.47675 0.02366667 0.0775
0 0.87216667 0.60875 0.021 0.0775
0 0.90133333 0.64575 0.03333333 0.0755
0 0.945 0.37 0.008 0.061
0 0.793 0.85475 0.08666667 0.1105
0 0.84383333 0.934 0.05833333 0.132
0 0.87183333 0.8955 0.01233333 0.126
0 0.91966667 0.93025 0.01 0.1395
0 0.912 0.97075 0.004 0.0585
0 0.83783333 0.807 0.03166667 0.156
0 0.79966667 0.64775 0.03666667 0.1275
0 0.79333333 0.70775 0.036 0.1245
0 0.82283333 0.81375 0.03233333 0.0915
0 0.96733333 0.80975 0.01133333 0.0915
0 0.464 0.50825 0.00866667 0.0805
0 0.45766667 0.05175 0.00933333 0.1035
0 0.47883333 0.164 0.03433333 0.113
0 0.16383333 0.34025 0.051 0.0665
0 0.95666667 0.871 0.08666667 0.004
