0 0.26166667 0.61 0.18533333 0.149
0 0.21533333 0.7715 0.00533333 0.005
0 0.32266667 0.6915 0.20133333 0.149
0 0.34316667 0.91625 0.03833333 0.1675
0 0.09266667 0.89775 0.066 0.2045
0 0.06783333 0.90775 0.04833333 0.1845
0 0.02716667 0.886 0.05433333 0.228
0 0.75716667 0.691 0.04966667 0.011
0 0.7865 0.6925 0.04566667 0.018
0 0.85933333 0.48025 0.022 0.1145
0 0.78233333 0.18125 0.01133333 0.0985
0 0.79466667 0.16775 0.008 0.0835
0 0.449 0.10525 0.18933333 0.0315
0 0.31816667 0.073 0.08166667 0.029
0 0.26833333 0.142 0.08866667 0.044
0 0.32683333 0.2205 0.05633333 0.004
0 0.34866667 0.1495 0.08266667 0.021
0 0.98683333 0.6825 0.02633333 0.101
