0 0.32933333 0.686 0.096 0.038
0 0.1905 0.85575 0.077 0.0675
0 0.35266667 0.9385 0.1 0.101
0 0.39883333 0.68075 0.187 0.0915
0 0.48916667 0.655 0.073 0.043
0 0.4785 0.607 0.13566667 0.082
0 0.51333333 0.52025 0.044 0.0295
0 0.38716667 0.26475 0.043 0.0145
0 0.48066667 0.2475 0.05733333 0.101
0 0.5915 0.126 0.035 0.063
0 0.86116667 0.53775 0.04766667 0.1485
0 0.99366667 0.166 0.01066667 0.097
0 0.1995 0.6825 0.05766667 0.007
0 0.22233333 0.6565 0.082 0.008
0 0.37366667 0.4265 0.142 0.023
0 0.2735 0.43125 0.11766667 0.0295
