0 0.11933333 0.0295 0.06866667 0.056
0 0.28583333 0.06825 0.13966667 0.0725
0 0.38083333 0.1545 0.121 0.064
0 0.399 0.187 0.07866667 0.032
0 0.21316667 0.25225 0.083 0.0595
0 0.27333333 0.25925 0.092 0.0575
0 0.16716667 0.69025 0.04566667 0.0985
0 0.16916667 0.63475 0.05366667 0.1485
0 0.27583333 0.775 0.107 0.014
0 0.2915 0.81525 0.11833333 0.0305
0 0.351 0.80525 0.05933333 0.0135
0 0.31416667 0.72575 0.04833333 0.0335
0 0.4455 0.7635 0.119 0.
0 0.68483333 0.14775 0.02433333 0.0895
0 0.73033333 0.04025 0.01 0.0805
0 0.73383333 0.6145 0.013 0.135
0 0.83933333 0.47425 0.07066667 0.1755
0 0.90916667 0.34925 0.04633333 0.1195
0 0.92283333 0.37825 0.07166667 0.2015
0 0.97016667 0.31725 0.023 0.0925
0 0.4135 0.71525 0.06566667 0.0575
0 0.4575 0.7115 0.04433333 0.047
0 0.22833333 0.141 0.06266667 0.027
0 0.06316667 0.047 0.08166667 0.033
