0 0.57733333 0.6005 0.06 0.004
0 0.56333333 0.574 0.122 0.011
0 0.62583333 0.3445 0.11433333 0.12
0 0.75516667 0.2655 0.073 0.054
0 0.81983333 0.909 0.06366667 0.136
0 0.83066667 0.942 0.06533333 0.105
0 0.90383333 0.84375 0.027 0.0565
0 0.80416667 0.63875 0.03966667 0.2375
0 0.837 0.6855 0.026 0.128
0 0.78033333 0.86525 0.062 0.1505
0 0.76816667 0.85225 0.05566667 0.1335
0 0.91233333 0.95025 0.01 0.0995
0 0.96633333 0.934 0.01 0.127
0 0.51216667 0.07275 0.07366667 0.0185
0 0.85266667 0.29125 0.144 0.1025
0 0.75966667 0.31125 0.05666667 0.0325
0 0.94483333 0.4515 0.089 0.102
0 0.9065 0.45 0.10433333 0.135
0 0.87466667 0.448 0.082 0.093
