0 0.61333333 0.322 0.122 0.155
0 0.1215 0.1555 0.03233333 0.106
0 0.58416667 0.74125 0.077 0.0715
0 0.47033333 0.5225 0.00666667 0.219
0 0.502 0.2915 0.09266667 0.031
0 0.84833333 0.54225 0.074 0.0855
0 0.94833333 0.4355 0.03466667 0.132
0 0.9095 0.82925 0.04433333 0.0675
0 0.88283333 0.79675 0.01966667 0.0975
0 0.64566667 0.9005 0.09 0.057
0 0.556 0.96325 0.06666667 0.0685
0 0.503 0.903 0.03133333 0.036
0 0.28433333 0.92125 0.096 0.1005
0 0.561 0.70125 0.07533333 0.0655
0 0.294 0.1615 0.004 0.14
0 0.80166667 0.062 0.108 0.013
0 0.75 0.1015 0.08133333 0.
