0 0.44783333 0.481 0.141 0.132
0 0.474 0.5505 0.11933333 0.09
0 0.52916667 0.54575 0.10966667 0.0645
0 0.50666667 0.661 0.05733333 0.055
0 0.01566667 0.6205 0.01333333 0.117
0 0.06016667 0.44475 0.00166667 0.0835
0 0.20616667 0.37125 0.11766667 0.0125
0 0.57183333 0.0775 0.051 0.015
0 0.07983333 0.3395 0.03766667 0.046
0 0.9375 0.39025 0.01366667 0.0635
0 0.9385 0.492 0.053 0.035
0 0.94933333 0.1975 0.03133333 0.093
0 0.951 0.469 0.026 0.04
0 0.98916667 0.21625 0.02166667 0.0445
0 0.88133333 0.965 0.09866667 0.07
