0 0.297 0.67575 0.03133333 0.0605
0 0.31616667 0.682 0.045 0.086
0 0.08933333 0.6785 0.01533333 0.028
0 0.12083333 0.709 0.00633333 0.043
0 0.23716667 0.79375 0.03233333 0.0755
0 0.22466667 0.84775 0.00733333 0.0405
0 0.664 0.93075 0.07533333 0.1145
0 0.85216667 0.77175 0.08166667 0.0985
0 0.82083333 0.3525 0.01166667 0.09
0 0.77266667 0.378 0.01266667 0.093
0 0.8095 0.2055 0.011 0.082
0 0.83783333 0.159 0.015 0.127
0 0.86383333 0.041 0.01366667 0.082
0 0.89983333 0.05925 0.00433333 0.0785
0 0.955 0.0335 0.05933333 0.027
0 0.73283333 0.16575 0.02966667 0.0995
0 0.73583333 0.03425 0.01233333 0.0635
0 0.65283333 0.2445 0.017 0.117
0 0.64066667 0.136 0.002 0.07
0 0.59916667 0.12475 0.009 0.0875
0 0.52116667 0.10125 0.113 0.1995
0 0.21566667 0.39225 0.04333333 0.0325
0 0.2485 0.45025 0.035 0.0325
0 0.31933333 0.43275 0.044 0.0565
0 0.32483333 0.5505 0.06566667 0.063
0 0.06466667 0.61125 0. 0.0605
0 0.07466667 0.18125 0.072 0.0875
0 0.18333333 0.2575 0.02866667 0.178
0 0.19716667 0.29975 0.02766667 0.0175
0 0.61316667 0.4205 0.053 0.043
