0 0.1325 0.33875 0.12433333 0.0175
0 0.29866667 0.17575 0.11933333 0.0535
0 0.28733333 0.139 0.09533333 0.024
0 0.4125 0.068 0.131 0.136
0 0.49766667 0.55725 0.08133333 0.0175
0 0.61383333 0.55125 0.06233333 0.1175
0 0.157 0.748 0.11533333 0.038
0 0.0225 0.93325 0.045 0.0585
0 0.08766667 0.424 0.108 0.014
0 0.28483333 0.21225 0.171 0.0805
0 0.059 0.233 0.09666667 0.047
0 0.253 0.0635 0.12333333 0.117
0 0.253 0.0635 0.12333333 0.117
0 0.31283333 0.0715 0.06166667 0.048
0 0.31283333 0.0715 0.06166667 0.048
0 0.75983333 0.61 0.06033333 0.046
0 0.57083333 0.8885 0.061 0.114
