0 0.07533333 0.522 0.096 0.071
0 0.08233333 0.57575 0.04133333 0.0845
0 0.0505 0.49625 0.03233333 0.0255
0 0.1925 0.4955 0.05766667 0.088
0 0.21766667 0.6205 0.072 0.053
0 0.32366667 0.713 0.03533333 0.074
0 0.42116667 0.68625 0.119 0.0395
0 0.41766667 0.7205 0.092 0.041
0 0.41566667 0.6645 0.06333333 0.026
0 0.50766667 0.6605 0.03333333 0.024
0 0.595 0.73025 0.02 0.0785
0 0.54083333 0.50625 0.06366667 0.0455
0 0.413 0.48625 0.06466667 0.1275
0 0.27883333 0.29925 0.113 0.1375
0 0.36316667 0.2795 0.05966667 0.077
0 0.18333333 0.2945 0.074 0.05
0 0.4925 0.2545 0.14033333 0.012
0 0.67716667 0.24925 0.193 0.0195
0 0.71116667 0.316 0.089 0.029
0 0.67583333 0.16725 0.16166667 0.0105
0 0.87283333 0.47875 0.02433333 0.1215
0 0.8975 0.57125 0.019 0.1095
0 0.905 0.409 0.016 0.127
0 0.91616667 0.72725 0.101 0.0725
0 0.8945 0.7615 0.08566667 0.05
0 0.66466667 0.57425 0.08266667 0.1185
0 0.60916667 0.53575 0.03833333 0.0865
0 0.97316667 0.83425 0.04766667 0.0015
0 0.39133333 0.79625 0.04933333 0.0405
0 0.34483333 0.7645 0.07566667 0.05
0 0.06 0.969 0.02533333 0.062
