0 0.26516667 0.42725 0.045 0.0995
0 0.2445 0.40025 0.05033333 0.1535
0 0.35666667 0.13675 0.00333333 0.1365
0 0.38333333 0.18125 0.00266667 0.1795
0 0.34816667 0.2655 0.053 0.1
0 0.938 0.479 0.122 0.082
0 0.771 0.47625 0.04666667 0.0985
0 0.77983333 0.573 0.12566667 0.186
0 0.63266667 0.32225 0.08266667 0.1025
0 0.52966667 0.843 0.08866667 0.044
0 0.52366667 0.73775 0.124 0.0285
0 0.4115 0.65575 0.12233333 0.1575
0 0.3815 0.72725 0.14833333 0.1875
0 0.25516667 0.954 0.079 0.008
0 0.19533333 0.93875 0.16066667 0.0365
