0 0.58033333 0.2115 0.11133333 0.081
0 0.45816667 0.271 0.097 0.027
0 0.43033333 0.2365 0.124 0.039
0 0.42583333 0.57875 0.05033333 0.0095
0 0.45016667 0.5885 0.07033333 0.031
0 0.48483333 0.52475 0.035 0.0255
0 0.42 0.5315 0.044 0.023
0 0.45833333 0.52575 0.06466667 0.0135
0 0.59916667 0.44125 0.01966667 0.1305
0 0.618 0.7455 0.018 0.097
0 0.642 0.6805 0.03666667 0.073
0 0.6235 0.65225 0.011 0.0805
0 0.66033333 0.75875 0.016 0.0975
0 0.86033333 0.615 0.028 0.155
0 0.8815 0.59025 0.043 0.1695
0 0.556 0.58425 0.04133333 0.0175
