0 0.46316667 0.5835 0.00833333 0.21
0 0.37733333 0.90625 0.03933333 0.0875
0 0.39216667 0.97025 0.02966667 0.0595
0 0.3815 0.86525 0.06366667 0.1215
0 0.26683333 0.89075 0.03433333 0.1375
0 0.1815 0.938 0.027 0.094
0 0.37866667 0.61 0.01866667 0.05
0 0.341 0.5815 0.03133333 0.058
0 0.3105 0.59825 0.10166667 0.1535
0 0.3845 0.543 0.025 0.046
0 0.35933333 0.18925 0.054 0.0875
0 0.18633333 0.44475 0.026 0.0885
0 0.16216667 0.47225 0.051 0.0875
0 0.25383333 0.09975 0.05633333 0.0755
0 0.4475 0.06475 0.043 0.0945
0 0.35216667 0.1165 0.03766667 0.069
0 0.664 0.20425 0.038 0.0555
0 0.84266667 0.09725 0.08266667 0.1725
0 0.88866667 0.0875 0.07533333 0.175
0 0.96 0.17775 0.046 0.0835
0 0.96683333 0.335 0.01633333 0.131
0 0.9505 0.366 0.03766667 0.166
0 0.98433333 0.41575 0.03133333 0.0745
0 0.93966667 0.7405 0.036 0.112
0 0.9645 0.721 0.03166667 0.132
0 0.84416667 0.63125 0.08166667 0.0955
0 0.7965 0.58825 0.09433333 0.1095
0 0.72733333 0.6905 0.05866667 0.058
0 0.70083333 0.907 0.01633333 0.186
0 0.6645 0.8975 0.02233333 0.205
0 0.72683333 0.88475 0.02166667 0.0795
0 0.80366667 0.954 0.06533333 0.062
0 0.25283333 0.98125 0.02433333 0.0375
0 0.1245 0.752 0.07833333 0.03
0 0.05433333 0.74325 0.05466667 0.0335
0 0.69366667 0.24075 0.052 0.0715
0 0.71566667 0.3065 0.026 0.112
0 0.60016667 0.062 0.01233333 0.124
0 0.80866667 0.07675 0.06266667 0.1425
0 0.82433333 0.19275 0.008 0.0755
0 0.80183333 0.14975 0.01166667 0.1105
