0 0.5085 0.211 0.07033333 0.077
0 0.54316667 0.31075 0.02766667 0.0335
0 0.4505 0.20475 0.04766667 0.0485
0 0.425 0.132 0.086 0.086
0 0.41633333 0.09025 0.03133333 0.0455
0 0.2995 0.34975 0.02966667 0.0555
0 0.203 0.454 0.088 0.054
0 0.08 0.622 0.08266667 0.026
0 0.29883333 0.8715 0.05833333 0.039
0 0.143 0.87475 0.02333333 0.0565
0 0.10816667 0.7815 0.02966667 0.081
0 0.15416667 0.36125 0.04566667 0.0405
0 0.44833333 0.5305 0.052 0.058
0 0.45016667 0.5035 0.05366667 0.085
0 0.52383333 0.47825 0.05766667 0.0835
0 0.68966667 0.95825 0.05133333 0.0725
0 0.30516667 0.22225 0.035 0.0215
0 0.34716667 0.85525 0.06033333 0.0065
