0 0.29233333 0.69675 0.00266667 0.0865
0 0.26016667 0.7765 0.00433333 0.062
0 0.2245 0.82475 0.00366667 0.1155
0 0.21933333 0.90375 0.01266667 0.0525
0 0.2925 0.94075 0.02433333 0.1185
0 0.6335 0.22975 0.16166667 0.1115
0 0.756 0.28175 0.03666667 0.0165
0 0.841 0.09775 0.13666667 0.1115
0 0.939 0.0735 0.072 0.047
0 0.80583333 0.76025 0.081 0.1835
0 0.75116667 0.93875 0.10433333 0.0065
0 0.686 0.98125 0.07666667 0.0135
0 0.72316667 0.71825 0.05033333 0.0245
0 0.2965 0.24 0.01766667 0.1
0 0.3 0.32275 0.036 0.1605
0 0.06333333 0.56 0.082 0.036
0 0.451 0.47425 0.038 0.0755
0 0.39033333 0.57 0.01533333 0.035
0 0.531 0.5405 0.02866667 0.097
0 0.54266667 0.51475 0.07 0.2155
0 0.47183333 0.34025 0.05033333 0.1115
0 0.5545 0.054 0.07366667 0.054
0 0.46366667 0.06325 0.09333333 0.0135
0 0.94116667 0.5405 0.08366667 0.008
0 0.62833333 0.22575 0.15333333 0.1245
0 0.8395 0.097 0.107 0.097
0 0.56466667 0.06825 0.08066667 0.0635
0 0.2965 0.2425 0.019 0.103
0 0.81466667 0.77275 0.096 0.2245
0 0.746 0.93875 0.096 0.0105
0 0.293 0.6895 0.004 0.112
0 0.93633333 0.07275 0.06466667 0.0455
0 0.29683333 0.92975 0.03033333 0.1075
