0 0.44433333 0.8585 0.078 0.092
0 0.46316667 0.9745 0.07966667 0.019
0 0.381 0.971 0.04866667 0.02
0 0.35316667 0.98575 0.081 0.0065
0 0.13433333 0.78225 0.098 0.0255
0 0.08216667 0.9475 0.051 0.043
0 0.06433333 0.98525 0.05466667 0.0295
0 0.18283333 0.744 0.03166667 0.024
0 0.20266667 0.799 0.046 0.035
0 0.3015 0.746 0.12833333 0.026
0 0.29333333 0.825 0.062 0.
0 0.47566667 0.72825 0.096 0.0175
0 0.65716667 0.71625 0.053 0.0415
0 0.62566667 0.6975 0.08 0.02
0 0.86916667 0.8415 0.071 0.144
0 0.84366667 0.86525 0.04666667 0.1105
0 0.76466667 0.14625 0.15266667 0.0065
0 0.6545 0.058 0.08166667 0.081
0 0.606 0.02625 0.05866667 0.0525
0 0.29333333 0.058 0.04933333 0.113
0 0.15133333 0.1395 0.062 0.034
0 0.3935 0.8835 0.13633333 0.02
0 0.33566667 0.85775 0.10333333 0.0015
