0 0.5045 0.20275 0.07633333 0.0955
0 0.40116667 0.066 0.01366667 0.132
0 0.333 0.3395 0.098 0.081
0 0.25883333 0.59175 0.09166667 0.0135
0 0.23533333 0.67675 0.12933333 0.0135
0 0.1995 0.84025 0.061 0.0145
0 0.14333333 0.74875 0.09266667 0.0415
0 0.15766667 0.78225 0.21466667 0.0905
0 0.1005 0.8355 0.12033333 0.043
0 0.04266667 0.77675 0.06533333 0.0175
0 0.46083333 0.80475 0.043 0.0945
0 0.63433333 0.68 0.00333333 0.263
0 0.56833333 0.49125 0.00266667 0.1175
0 0.6635 0.80325 0.00833333 0.1405
0 0.69866667 0.707 0.02066667 0.182
0 0.71866667 0.94 0.00533333 0.12
0 0.748 0.92925 0.008 0.1415
0 0.73133333 0.83025 0.018 0.0865
0 0.94466667 0.94475 0.11066667 0.0915
0 0.94516667 0.98525 0.03566667 0.0295
0 0.94783333 0.6435 0.10433333 0.004
0 0.9295 0.61925 0.08166667 0.0015
0 0.8795 0.4285 0.09166667 0.046
0 0.73 0.32875 0.008 0.0865
0 0.56866667 0.91925 0.08066667 0.1615
0 0.5855 0.85975 0.01166667 0.1215
0 0.5145 0.92325 0.07633333 0.1535
0 0.56966667 0.692 0.00333333 0.055
0 0.34183333 0.008 0.10166667 0.016
0 0.59083333 0.38675 0.17166667 0.1425
