0 0.22816667 0.5195 0.095 0.026
0 0.264 0.50275 0.018 0.0325
0 0.23316667 0.47775 0.087 0.0415
0 0.252 0.44 0.03333333 0.023
0 0.31 0.25875 0.00733333 0.1055
0 0.34316667 0.2285 0.011 0.096
0 0.26683333 0.0605 0.00166667 0.105
0 0.04583333 0.1865 0.02166667 0.085
0 0.02116667 0.3565 0.04033333 0.12
0 0.07633333 0.3075 0.034 0.097
0 0.071 0.374 0.02133333 0.061
0 0.05083333 0.63675 0.08366667 0.0605
0 0.09933333 0.6975 0.07266667 0.12
0 0.231 0.857 0.02866667 0.043
0 0.32433333 0.71475 0.016 0.0445
0 0.26333333 0.6865 0.02866667 0.085
0 0.21833333 0.63425 0.05933333 0.0445
0 0.4015 0.5425 0.03766667 0.104
0 0.53583333 0.58625 0.02966667 0.0055
0 0.53333333 0.606 0.028 0.039
0 0.60233333 0.659 0.09266667 0.04
0 0.63516667 0.65025 0.08966667 0.0225
0 0.57333333 0.95475 0.07733333 0.0905
0 0.571 0.979 0.03333333 0.042
0 0.67833333 0.82075 0.052 0.0865
0 0.58983333 0.872 0.03833333 0.057
0 0.76633333 0.6915 0.072 0.019
0 0.76233333 0.66175 0.07466667 0.0055
0 0.853 0.924 0.062 0.031
0 0.88816667 0.45475 0.105 0.0365
0 0.67333333 0.54975 0.01333333 0.0755
0 0.85033333 0.26 0.15 0.054
0 0.88633333 0.61525 0.05466667 0.0475
