0 0.382 0.304 0.14733333 0.077
0 0.517 0.3295 0.008 0.098
0 0.4825 0.39575 0.095 0.0095
0 0.39616667 0.43475 0.133 0.0905
0 0.35266667 0.39625 0.082 0.0725
0 0.297 0.545 0.046 0.039
0 0.21066667 0.6295 0.05666667 0.051
0 0.14166667 0.70225 0.062 0.0375
0 0.36516667 0.24075 0.161 0.1065
0 0.35483333 0.19325 0.133 0.0335
0 0.34366667 0.21575 0.09266667 0.0405
0 0.10016667 0.2775 0.09233333 0.043
0 0.81533333 0.306 0.22733333 0.051
0 0.8325 0.1975 0.105 0.004
0 0.942 0.83775 0.098 0.0095
0 0.36066667 0.83575 0.17333333 0.0325
0 0.44733333 0.77575 0.04133333 0.0095
0 0.632 0.28975 0.03666667 0.0355
0 0.92633333 0.5905 0.02533333 0.124
0 0.2045 0.78925 0.089 0.0095
