0 0.09666667 0.47975 0.04933333 0.0675
0 0.124 0.4265 0.068 0.031
0 0.079 0.57875 0.04866667 0.1175
0 0.10333333 0.58825 0.07733333 0.1815
0 0.12983333 0.579 0.103 0.236
0 0.253 0.1335 0.10333333 0.038
0 0.25966667 0.161 0.072 0.015
0 0.32783333 0.0345 0.045 0.015
0 0.32666667 0.167 0.078 0.038
0 0.26466667 0.06325 0.04933333 0.0215
0 0.53816667 0.91375 0.08633333 0.0705
0 0.70883333 0.833 0.045 0.073
0 0.734 0.888 0.03933333 0.081
0 0.65583333 0.573 0.05033333 0.035
0 0.60466667 0.56475 0.05733333 0.0455
0 0.60516667 0.4205 0.04566667 0.003
0 0.638 0.3895 0.054 0.003
0 0.78933333 0.095 0.02266667 0.152
0 0.82166667 0.085 0.03666667 0.17
0 0.8285 0.19875 0.01433333 0.0715
0 0.86433333 0.14825 0.01266667 0.1505
0 0.93583333 0.4145 0.107 0.004
0 0.8635 0.4375 0.08633333 0.039
0 0.95016667 0.51625 0.069 0.1405
0 0.97716667 0.56475 0.04233333 0.0835
0 0.21516667 0.845 0.06766667 0.097
0 0.557 0.7985 0.03066667 0.036
0 0.58266667 0.84225 0.062 0.0645
0 0.74883333 0.2985 0.035 0.168
