0 0.12833333 0.55125 0.124 0.0295
0 0.10783333 0.579 0.10233333 0.023
0 0.164 0.47575 0.14266667 0.0245
0 0.084 0.48325 0.07066667 0.0415
0 0.04216667 0.27625 0.081 0.0675
0 0.256 0.3705 0.036 0.027
0 0.36083333 0.3175 0.06566667 0.074
0 0.3805 0.38225 0.09633333 0.1225
0 0.37283333 0.43325 0.05566667 0.0745
0 0.31133333 0.531 0.15733333 0.051
0 0.40866667 0.70225 0.088 0.0675
0 0.2875 0.6235 0.09366667 0.012
0 0.49816667 0.7465 0.055 0.054
0 0.54216667 0.781 0.09633333 0.053
0 0.53866667 0.84375 0.116 0.0165
0 0.70166667 0.78975 0.07733333 0.0535
0 0.82116667 0.53025 0.09366667 0.0015
0 0.96233333 0.57875 0.054 0.2225
0 0.94833333 0.37675 0.03533333 0.0015
0 0.8725 0.3465 0.13833333 0.
0 0.74483333 0.3755 0.13833333 0.039
0 0.6375 0.337 0.02433333 0.073
0 0.49133333 0.15625 0.018 0.0325
0 0.5045 0.1665 0.01166667 0.028
0 0.421 0.196 0.062 0.066
0 0.43933333 0.20575 0.04466667 0.0445
0 0.7775 0.182 0.07633333 0.07
0 0.9455 0.2305 0.07633333 0.143
0 0.84316667 0.95425 0.019 0.0645
