0 0.20266667 0.4645 0.05466667 0.19
0 0.07083333 0.789 0.009 0.058
0 0.06683333 0.95675 0.01166667 0.0485
0 0.115 0.75525 0.034 0.0715
0 0.3845 0.76425 0.17966667 0.0325
0 0.46483333 0.86175 0.07633333 0.0905
0 0.52516667 0.83475 0.04433333 0.0365
0 0.54583333 0.155 0.035 0.097
0 0.56283333 0.0815 0.001 0.093
0 0.8495 0.01475 0.02433333 0.0295
0 0.87916667 0.3995 0.15033333 0.074
0 0.82483333 0.641 0.03766667 0.066
0 0.5885 0.96175 0.063 0.0445
0 0.59266667 0.9825 0.044 0.024
0 0.8835 0.46225 0.09433333 0.0265
0 0.60783333 0.60225 0.08366667 0.0835
0 0.64383333 0.53375 0.06033333 0.0645
