0 0.49866667 0.40575 0.14733333 0.0645
0 0.5135 0.35775 0.08166667 0.0495
0 0.5745 0.289 0.05833333 0.05
0 0.4425 0.343 0.159 0.039
0 0.5225 0.30925 0.07833333 0.0685
0 0.38716667 0.20475 0.06633333 0.0595
0 0.3015 0.71175 0.04566667 0.0755
0 0.2525 0.76825 0.03233333 0.0755
0 0.33566667 0.901 0.05666667 0.055
0 0.33033333 0.717 0.062 0.119
0 0.33233333 0.75125 0.05933333 0.1035
0 0.98066667 0.6995 0.03866667 0.057
0 0.9685 0.96225 0.045 0.0165
0 0.68516667 0.01675 0.04566667 0.0335
0 0.5485 0.02975 0.04033333 0.0485
0 0.48833333 0.9535 0.078 0.053
