0 0.2835 0.19375 0.073 0.0295
0 0.16483333 0.2355 0.06366667 0.026
0 0.7135 0.1505 0.04966667 0.067
0 0.7105 0.065 0.05966667 0.126
0 0.74466667 0.02825 0.022 0.0565
0 0.68116667 0.24025 0.047 0.0835
0 0.47816667 0.13825 0.07966667 0.0975
0 0.549 0.2025 0.04666667 0.024
0 0.47283333 0.92225 0.07966667 0.0645
0 5.93666667e-01 8.62250000e-01 6.66666667e-04 1.23500000e-01
0 0.83416667 0.86125 0.071 0.0115
0 0.82033333 0.8925 0.09466667 0.009
0 0.81983333 0.9125 0.057 0.007
0 0.6705 0.67075 0.023 0.0675
0 0.6775 0.56725 0.02233333 0.0775
0 0.744 0.56625 0.03 0.0695
0 0.77283333 0.5395 0.05566667 0.123
0 0.8295 0.6215 0.11033333 0.134
0 0.81883333 0.68325 0.047 0.0735
0 0.84566667 0.71525 0.03733333 0.0235
0 0.86083333 0.69625 0.06766667 0.0495
0 0.95266667 0.05275 0.05733333 0.0855
0 0.25916667 0.33625 0.04966667 0.0285
0 0.241 0.31175 0.016 0.0555
0 0.32616667 0.2255 0.04566667 0.01
0 0.10616667 0.0555 0.06166667 0.024
0 0.1315 0.01975 0.11566667 0.0395
0 0.07983333 0.0125 0.08166667 0.025
0 0.06383333 0.4 0.04033333 0.156
0 0.17216667 0.9025 0.05433333 0.005
0 0.37583333 0.9235 0.091 0.001
0 0.322 0.9635 0.09666667 0.002
0 0.32383333 0.9865 0.097 0.004
0 0.63566667 0.7545 0.00666667 0.166
0 0.686 0.05575 0.00266667 0.0975
0 0.95566667 0.319 0.07133333 0.004
0 0.34966667 0.897 0.10733333 0.036
0 0.60683333 0.94075 0.06033333 0.0355
