0 0.47483333 0.65275 0.053 0.0095
0 0.43433333 0.6435 0.07266667 0.009
0 0.28433333 0.8585 0.024 0.1
0 0.04766667 0.7805 0.04866667 0.043
0 0.14466667 0.96425 0.07733333 0.0685
0 0.17383333 0.963 0.055 0.061
0 0.2355 0.223 0.07366667 0.004
0 0.48416667 0.26475 0.079 0.0635
0 0.94066667 0.12525 0.09 0.0755
0 0.88016667 0.143 0.02433333 0.078
0 0.94566667 0.607 0.05133333 0.077
0 0.94566667 0.86675 0.03866667 0.0565
0 0.43933333 0.74325 0.034 0.0415
0 0.42733333 0.74 0.03133333 0.027
0 0.37416667 0.78925 0.02966667 0.0445
