0 0.09683333 0.0765 0.03233333 0.05
0 0.11766667 0.21825 0.072 0.0455
0 0.1615 0.354 0.101 0.147
0 0.07683333 0.5635 0.05033333 0.1
0 0.2595 0.64625 0.03433333 0.1345
0 0.3435 0.66525 0.085 0.0425
0 0.45366667 0.57575 0.06666667 0.0545
0 0.53633333 0.46125 0.13333333 0.1775
0 0.53683333 0.50975 0.09166667 0.1225
0 0.60966667 0.612 0.09 0.024
0 0.6445 0.7135 0.111 0.082
0 0.57933333 0.07425 0.00933333 0.1485
0 0.62983333 0.0675 0.003 0.135
0 0.95266667 0.143 0.004 0.25
0 0.912 0.244 0.008 0.267
0 0.748 0.91 0.02333333 0.141
