0 0.3925 0.42875 0.13833333 0.0565
0 0.44516667 0.41575 0.087 0.0205
0 0.40066667 0.39075 0.072 0.0165
0 0.4835 0.3275 0.10966667 0.03
0 0.624 0.3895 0.15933333 0.043
0 0.67916667 0.10575 0.06633333 0.0635
0 0.72783333 0.2055 0.167 0.166
0 0.7785 0.74525 0.10166667 0.0675
0 0.855 0.796 0.03866667 0.093
0 0.81766667 0.9805 0.036 0.039
0 0.96466667 0.9805 0.062 0.039
0 0.88633333 0.06325 0.05466667 0.0105
0 0.41966667 0.96425 0.00733333 0.0715
0 0.044 0.62 0.052 0.019
0 0.668 0.21225 0.16266667 0.1735
