0 0.3715 0.78375 0.053 0.0635
0 0.53583333 0.57675 0.001 0.0995
0 0.271 0.05475 0.026 0.0795
0 0.29566667 0.089 0.04133333 0.132
0 0.32516667 0.7035 0.14033333 0.1
0 0.375 0.6975 0.044 0.028
0 0.39183333 0.70825 0.05033333 0.0475
0 0.55216667 0.4615 0.02966667 0.109
0 0.952 0.68575 0.096 0.0755
0 0.916 0.68675 0.04733333 0.0525
0 0.9475 0.64575 0.087 0.0565
0 0.88283333 0.564 0.037 0.058
0 0.89666667 0.521 0.03066667 0.031
0 0.5665 0.95075 0.04033333 0.0985
0 0.725 0.38275 0.04133333 0.0485
0 0.7165 0.3725 0.04233333 0.047
0 0.75883333 0.39575 0.06566667 0.1065
0 0.5935 0.18675 0.037 0.0635
0 0.252 0.8975 0.04933333 0.043
