0 0.36783333 0.51475 0.09433333 0.0135
0 0.41733333 0.49325 0.044 0.0565
0 0.7665 0.3485 0.03233333 0.05
0 0.62266667 0.8315 0.036 0.108
0 0.55266667 0.8725 0.13466667 0.012
0 0.6595 0.9165 0.047 0.062
0 0.66533333 0.93875 0.06933333 0.0765
0 0.75816667 0.86725 0.05033333 0.0495
0 0.57233333 0.9105 0.052 0.031
0 0.027 0.76825 0.04666667 0.0025
0 0.12666667 0.11375 0.02133333 0.0875
0 0.42133333 0.34175 0.04866667 0.0175
0 0.44166667 0.09175 0.07266667 0.0565
0 0.5175 0.68175 0.03233333 0.0215
0 0.49966667 0.63275 0.12933333 0.0575
0 0.52816667 0.6165 0.097 0.028
0 0.21833333 0.59625 0.07733333 0.0365
0 0.1335 0.73725 0.037 0.0215
