0 0.37866667 0.624 0.082 0.011
0 0.27083333 0.88275 0.06033333 0.0215
0 0.1845 0.8705 0.11233333 0.016
0 0.07366667 0.89425 0.09866667 0.0905
0 0.12083333 0.519 0.07833333 0.043
0 0.1815 0.6045 0.061 0.125
0 0.212 0.6205 0.04666667 0.004
0 0.41016667 0.0425 0.033 0.085
0 0.30333333 0.091 0.04933333 0.085
0 0.248 0.06275 0.07533333 0.1255
0 0.75966667 0.2515 0.008 0.128
0 0.841 0.395 0.086 0.089
0 0.98733333 0.00875 0.02333333 0.0175
0 0.76283333 0.841 0.095 0.011
0 0.876 0.87875 0.07733333 0.0105
0 0.62216667 0.84825 0.019 0.1335
0 0.6375 0.8755 0.01166667 0.109
0 0.65983333 0.8815 0.01166667 0.116
0 0.557 0.9475 0.052 0.105
0 0.41016667 0.79775 0.07966667 0.0055
0 0.61766667 0.582 0.05133333 0.097
0 0.83233333 0.60525 0.008 0.0675
0 0.943 0.94075 0.05133333 0.0105
