0 0.31416667 0.33825 0.04833333 0.0485
0 0.24666667 0.26775 0.14266667 0.0765
0 0.119 0.19425 0.09066667 0.0565
0 0.07116667 0.2115 0.06033333 0.044
0 0.1315 0.141 0.15833333 0.119
0 0.19833333 0.15425 0.116 0.0805
0 0.30633333 0.25925 0.124 0.0955
0 0.48266667 0.56375 0.00533333 0.2275
0 0.51066667 0.65725 0.004 0.1915
0 0.60433333 0.7565 0.018 0.146
0 0.54733333 0.7775 0.002 0.16
0 0.20966667 0.61675 0.02466667 0.0675
0 0.9635 0.2955 0.02366667 0.045
0 0.9575 0.33775 0.037 0.0775
0 0.91616667 0.38775 0.06566667 0.0645
0 0.90766667 0.35725 0.08 0.0885
0 0.652 0.88525 0.01266667 0.0995
0 0.6305 0.71825 0.01833333 0.1235
0 0.669 0.05275 0.00533333 0.0975
0 0.69266667 0.04975 0.00666667 0.0875
0 0.5535 0.447 0.04633333 0.089
0 0.9785 0.1085 0.043 0.004
