0 0.04183333 0.125 0.005 0.171
0 0.0915 0.16825 0.009 0.1185
0 0.14033333 0.184 0.006 0.159
0 0.13783333 0.39225 0.007 0.1635
0 0.21316667 0.44475 0.103 0.0285
0 0.22766667 0.59075 0.1 0.0515
0 0.2965 0.62275 0.08566667 0.0215
0 0.28933333 0.69 0.18066667 0.047
0 0.36716667 0.4205 0.03566667 0.174
0 0.458 0.63575 0.096 0.1045
0 0.5085 0.503 0.05566667 0.127
0 0.63033333 0.6765 0.13933333 0.186
0 0.601 0.70375 0.06466667 0.0775
0 0.76766667 0.84 0.06266667 0.168
0 0.8885 0.8455 0.06166667 0.221
0 0.81916667 0.97275 0.127 0.0545
0 0.698 0.92575 0.028 0.1275
0 0.69133333 0.8795 0.02133333 0.08
0 0.61616667 0.3735 0.05033333 0.083
0 0.76616667 0.44625 0.04366667 0.1225
0 0.88116667 0.4955 0.06366667 0.136
0 0.842 0.65375 0.096 0.1895
0 0.93633333 0.08725 0.08866667 0.0925
