0 0.394 0.241 0.042 0.186
0 0.368 0.65225 0.05133333 0.1185
0 0.2835 0.93725 0.04766667 0.1065
0 0.327 0.9325 0.02333333 0.135
0 0.3225 0.8585 0.01433333 0.089
0 0.17466667 0.77025 0.03866667 0.0685
0 0.115 0.653 0.106 0.131
0 0.0435 0.281 0.087 0.187
0 0.2135 0.04775 0.00633333 0.0955
0 0.3365 0.03025 0.015 0.0605
0 0.4075 0.15625 0.08166667 0.3125
0 0.41783333 0.14825 0.045 0.1325
0 0.40333333 0.0585 0.00533333 0.093
0 0.36833333 0.06275 0.034 0.1255
0 0.4815 0.31475 0.03966667 0.2355
0 0.7155 0.5835 0.089 0.105
0 0.7115 0.83675 0.07366667 0.1025
0 0.717 0.79925 0.06266667 0.1105
0 0.71966667 0.91575 0.052 0.0665
0 0.78933333 0.9345 0.082 0.109
0 0.56466667 0.8335 0.078 0.096
0 0.59883333 0.91175 0.06166667 0.1065
0 0.58666667 0.93 0.072 0.14
0 0.24583333 0.79175 0.09966667 0.1495
0 0.4155 0.7035 0.02766667 0.038
0 0.46733333 0.688 0.04666667 0.02
0 0.5585 0.7635 0.071 0.139
0 0.64233333 0.8295 0.06466667 0.074
0 0.632 0.78775 0.10333333 0.1035
0 0.63566667 0.763 0.10666667 0.116
0 0.61233333 0.5615 0.00266667 0.101
0 0.32383333 0.766 0.019 0.074
0 0.40483333 0.94875 0.02433333 0.0165
0 0.58166667 0.421 0.098 0.112
