0 0.093 0.2935 0.092 0.168
0 0.04666667 0.143 0.06 0.125
0 0.011 0.03975 0.022 0.0255
0 0.011 0.0685 0.022 0.018
0 0.1225 0.132 0.06766667 0.175
0 0.44033333 0.1345 0.114 0.001
0 0.43566667 0.088 0.10066667 0.007
0 0.63383333 0.13125 0.06366667 0.0575
0 0.72716667 0.213 0.08233333 0.114
0 0.81466667 0.0735 0.11133333 0.143
0 0.8415 0.03425 0.06433333 0.0685
0 0.731 0.722 0.09133333 0.018
0 0.57683333 0.768 0.143 0.01
0 0.55866667 0.717 0.12533333 0.002
0 0.503 0.6885 0.12266667 0.008
0 0.09216667 0.44025 0.04633333 0.0835
0 0.041 0.42325 0.082 0.1215
0 0.03766667 0.49975 0.07533333 0.1055
0 0.94633333 0.92725 0.01733333 0.1455
