0 0.34583333 0.22425 0.10766667 0.0365
0 0.05033333 0.35025 0.10066667 0.0565
0 0.06516667 0.85375 0.06366667 0.0415
0 0.124 0.89025 0.07533333 0.0015
0 0.32083333 0.9635 0.10433333 0.073
0 0.2965 0.938 0.081 0.059
0 0.91733333 0.8875 0.088 0.036
0 0.90466667 0.3975 0.10066667 0.237
0 0.84416667 0.483 0.069 0.136
0 0.83566667 0.41575 0.04666667 0.1065
0 0.762 0.37125 0.13666667 0.0255
0 0.6285 0.18275 0.18966667 0.1415
0 0.76733333 0.155 0.06133333 0.054
0 0.8015 0.19075 0.06833333 0.0495
0 0.70166667 0.04975 0.11333333 0.0675
0 0.69583333 0.02975 0.06566667 0.0595
0 0.53383333 0.165 0.097 0.085
0 0.5385 0.22175 0.13566667 0.1035
0 0.4745 0.347 0.03766667 0.034
0 0.57183333 0.34225 0.13566667 0.0455
0 0.678 0.55325 0.18066667 0.0175
0 0.36383333 0.3405 0.07166667 0.039
0 0.42 0.302 0.044 0.035
0 0.21966667 0.01825 0.05466667 0.0365
0 0.072 0.12075 0.10066667 0.0335
0 0.775 0.6745 0.08 0.031
0 0.65766667 0.73 0.038 0.031
0 0.59783333 0.79375 0.04766667 0.0405
0 0.545 0.7735 0.026 0.065
0 0.5055 0.77625 0.04766667 0.0455
0 0.9025 0.13275 0.05833333 0.0415
0 0.9425 0.134 0.113 0.074
0 0.9025 0.2345 0.00633333 0.075
0 0.1595 0.812 0.073 0.009
0 0.22233333 0.93125 0.06733333 0.0355
0 0.27683333 0.91725 0.03766667 0.0605
