0 0.5145 0.49525 0.071 0.1175
0 0.52333333 0.312 0.03666667 0.166
0 0.42233333 0.1435 0.13133333 0.015
0 0.48483333 0.05175 0.089 0.0365
0 0.309 0.11325 0.088 0.0055
0 0.28883333 0.095 0.069 0.012
0 0.26916667 0.13475 0.071 0.0025
0 0.40483333 0.254 0.02233333 0.096
0 0.446 0.24675 0.028 0.1455
0 0.209 0.7235 0.008 0.089
0 0.199 0.15625 0.03866667 0.0165
0 0.22183333 0.17575 0.03233333 0.0015
0 0.691 0.9125 0.04666667 0.086
0 0.68816667 0.8085 0.04833333 0.081
0 0.57233333 0.7035 0.02 0.164
0 0.565 0.328 0.018 0.112
0 0.67416667 0.35725 0.089 0.2155
0 0.72366667 0.94 0.02266667 0.12
0 0.97166667 0.5795 0.05666667 0.057
