0 0.4575 0.33525 0.053 0.1085
0 0.7185 0.54075 0.07033333 0.0725
0 0.6885 0.48825 0.06166667 0.0645
0 0.77283333 0.45925 0.07833333 0.0765
0 0.80533333 0.48525 0.078 0.1245
0 0.84766667 0.456 0.05933333 0.093
0 0.897 0.33175 0.04066667 0.0915
0 0.90066667 0.24475 0.06866667 0.0385
0 0.9735 0.608 0.021 0.111
0 0.95 0.6555 0.02866667 0.167
0 0.70566667 0.064 0.088 0.025
0 0.309 0.026 0.10933333 0.002
0 0.05983333 0.73425 0.04966667 0.0835
0 0.40916667 0.51225 0.06233333 0.0505
0 0.59583333 0.02525 0.051 0.0365
0 0.88716667 0.125 0.063 0.02
0 0.82016667 0.95075 0.059 0.0815
0 0.78116667 0.96325 0.04566667 0.0685
0 0.77416667 0.8865 0.085 0.154
0 0.7715 0.93125 0.049 0.0885
0 0.01616667 0.69375 0.03233333 0.0585
