0 0.40516667 0.374 0.03433333 0.128
0 0.45633333 0.36925 0.036 0.0675
0 0.29016667 0.38875 0.045 0.0495
0 0.19933333 0.3505 0.018 0.097
0 0.1895 0.27075 0.00166667 0.0295
0 0.2435 0.058 0.011 0.035
0 0.03916667 0.93875 0.07833333 0.0875
0 0.2285 0.8585 0.053 0.086
0 0.24483333 0.8685 0.07433333 0.147
0 0.398 0.86925 0.018 0.1155
0 0.37966667 0.9515 0.03133333 0.097
0 0.35483333 0.98175 0.01966667 0.0365
0 0.47933333 0.752 0.012 0.065
0 0.07283333 0.52625 0.03033333 0.0285
0 0.018 0.57875 0.036 0.0285
