0 0.19933333 0.61175 0.138 0.0875
0 0.06383333 0.94675 0.04566667 0.0755
0 0.14033333 0.94775 0.02933333 0.0555
0 0.73183333 0.80025 0.033 0.1085
0 0.812 0.57625 0.02 0.0795
0 0.8295 0.65675 0.01233333 0.0815
0 0.84466667 0.4505 0.03533333 0.152
0 0.5075 0.5195 0.03766667 0.213
0 0.50466667 0.0995 0.02133333 0.147
0 0.25883333 0.18575 0.05566667 0.0655
0 0.40166667 0.8685 0.13466667 0.003
0 0.40783333 0.8885 0.14833333 0.001
0 0.53216667 0.834 0.051 0.009
0 0.53083333 0.96625 0.06166667 0.0585
0 0.446 0.71475 0.02066667 0.1425
