0 0.04 0.76875 0.08 0.0015
0 0.02016667 0.48175 0.04033333 0.0365
0 0.02116667 0.45825 0.04233333 0.0165
0 0.00866667 0.246 0.01533333 0.066
0 0.2565 0.29975 0.09766667 0.0065
0 0.21783333 0.54375 0.04566667 0.0125
0 0.59616667 0.5815 0.13033333 0.069
0 0.60783333 0.51475 0.109 0.0515
0 0.505 0.721 0.08266667 0.129
0 0.56466667 0.73125 0.03866667 0.0255
0 0.74583333 0.90575 0.063 0.0325
0 0.611 0.85925 0.06466667 0.0525
0 0.35133333 0.21175 0.09533333 0.0485
0 0.3505 0.25125 0.079 0.0205
0 0.729 0.4865 0.00266667 0.054
