0 0.08683333 0.2755 0.09966667 0.131
0 0.09933333 0.3315 0.06733333 0.119
0 0.17216667 0.4035 0.02433333 0.039
0 0.12816667 0.43125 0.053 0.0915
0 0.20533333 0.50625 0.01333333 0.0445
0 0.26316667 0.5245 0.02166667 0.062
0 0.24433333 0.446 0.016 0.038
0 0.2425 0.30725 0.03966667 0.1295
0 0.2435 0.35575 0.01966667 0.0645
0 0.29116667 0.26975 0.027 0.1025
0 0.2965 0.1815 0.01633333 0.093
0 0.27183333 0.161 0.01166667 0.063
0 0.42633333 0.04725 0.17333333 0.0105
0 0.43216667 0.0095 0.081 0.
0 0.4075 0.10525 0.00833333 0.0915
0 0.354 0.1625 0.00733333 0.05
0 0.37433333 0.23725 0.00266667 0.1995
0 0.38766667 0.2475 0.008 0.093
0 0.3585 0.37725 0.05766667 0.0245
0 0.35933333 0.407 0.052 0.024
0 0.353 0.6355 0.04133333 0.047
0 0.33283333 0.70025 0.06366667 0.0445
0 0.19583333 0.82875 0.045 0.0995
0 0.22416667 0.93125 0.03833333 0.0885
0 0.17033333 0.8215 0.03666667 0.101
0 0.1195 0.6725 0.061 0.159
0 0.10283333 0.69 0.02433333 0.078
0 0.01566667 0.49 0.01533333 0.039
0 0.14916667 0.1495 0.04833333 0.038
0 0.17066667 0.08375 0.016 0.0405
0 0.19183333 0.296 0.04033333 0.12
0 0.14766667 0.2135 0.02066667 0.058
0 0.10916667 0.081 0.02966667 0.081
0 0.115 0.145 0.06266667 0.198
0 0.52466667 0.703 0.10266667 0.093
0 0.67066667 0.8425 0.028 0.043
0 0.77666667 0.81875 0.07266667 0.0205
0 0.7965 0.85975 0.06033333 0.0135
0 0.81716667 0.8045 0.033 0.019
0 0.77316667 0.78775 0.02966667 0.0175
0 0.74516667 0.68875 0.02966667 0.1135
0 0.6865 0.7465 0.06833333 0.011
0 0.628 0.68 0.05733333 0.136
0 0.49766667 0.27825 0.02866667 0.0715
0 0.4695 0.27975 0.069 0.1605
0 0.46216667 0.337 0.04766667 0.1
0 0.52783333 0.0715 0.051 0.008
0 0.62433333 0.12325 0.088 0.1495
0 0.34916667 0.8115 0.035 0.035
0 0.36666667 0.8525 0.034 0.05
0 0.35533333 0.76425 0.05466667 0.0565
0 0.1315 0.496 0.04766667 0.032
0 0.3315 0.6395 0.06633333 0.039
0 0.596 0.93125 0.06733333 0.0885
0 0.60416667 0.903 0.037 0.043
0 0.70133333 0.9765 0.028 0.042
