0 0.541 0.1385 0.196 0.273
0 0.24 0.17275 0.02733333 0.0975
0 0.249 0.0835 0.03466667 0.167
0 0.27616667 0.0795 0.005 0.159
0 0.30566667 0.04975 0.00466667 0.0995
0 0.4275 0.11975 0.039 0.1145
0 0.45633333 0.78325 0.11133333 0.0725
0 0.71233333 0.87125 0.18866667 0.0915
0 0.67933333 0.97475 0.098 0.0505
0 0.886 0.75875 0.11266667 0.0675
0 0.78983333 0.63425 0.15966667 0.1655
0 0.4225 0.371 0.06366667 0.088
0 0.45883333 0.3545 0.05433333 0.129
0 0.37683333 0.2925 0.04633333 0.114
0 0.3745 0.25225 0.03366667 0.1055
0 0.32183333 0.3 0.01966667 0.097
0 0.23866667 0.48525 0.002 0.1405
0 0.15966667 0.31475 0.00933333 0.0855
0 0.17983333 0.27125 0.04833333 0.0435
0 0.12016667 0.27975 0.04033333 0.1005
0 0.0275 0.19725 0.01366667 0.1225
0 0.03183333 0.1 0.021 0.17
0 0.01066667 0.11675 0.01066667 0.1265
0 0.09966667 0.13625 0.01666667 0.0835
0 0.12216667 0.081 0.06433333 0.104
0 0.54033333 0.407 0.10466667 0.458
0 0.53016667 0.6235 0.06033333 0.273
0 0.53933333 0.074 0.09066667 0.124
0 0.3605 0.09525 0.063 0.0975
0 0.39633333 0.10375 0.088 0.1265
0 0.50733333 0.02875 0.094 0.0575
0 0.61583333 0.3735 0.04233333 0.048
0 0.61016667 0.43125 0.05633333 0.0675
0 0.32816667 0.32725 0.02033333 0.1185
