0 0.17233333 0.522 0.108 0.008
0 0.21516667 0.541 0.17966667 0.021
0 0.27716667 0.5605 0.05966667 0.003
0 0.23733333 0.579 0.13733333 0.
0 0.18333333 0.5985 0.074 0.003
0 0.13083333 0.607 0.06766667 0.056
0 0.046 0.606 0.092 0.109
0 0.33683333 0.76075 0.15033333 0.0455
0 0.348 0.68175 0.14066667 0.0545
0 0.57016667 0.776 0.15433333 0.1
0 0.52016667 0.838 0.18166667 0.088
0 0.68733333 0.92125 0.05133333 0.0155
0 0.56666667 0.682 0.13133333 0.1
0 0.6445 0.55 0.099 0.012
0 0.95866667 0.95225 0.06666667 0.0285
