0 0.19216667 0.53975 0.345 0.1495
0 0.09566667 0.5345 0.14266667 0.077
0 0.2835 0.4535 0.197 0.082
0 0.066 0.52075 0.132 0.0635
0 0.02916667 0.50275 0.05833333 0.0245
0 0.1005 0.721 0.133 0.
0 0.14683333 0.7635 0.04766667 0.012
0 0.36033333 0.27475 0.05733333 0.0135
0 0.72866667 0.35525 0.016 0.1305
0 0.64116667 0.134 0.02966667 0.147
0 0.89166667 0.09975 0.07466667 0.0245
0 0.894 0.06525 0.06666667 0.0285
0 0.56016667 0.41775 0.051 0.0295
0 0.49366667 0.49525 0.03666667 0.0605
0 0.50366667 0.32975 0.062 0.2035
0 0.41733333 0.53575 0.03533333 0.1065
0 0.3675 0.5735 0.04833333 0.155
