0 0.32666667 0.6745 0.06733333 0.074
0 0.186 0.9035 0.04666667 0.042
0 0.181 0.92175 0.134 0.1185
0 0.05483333 0.4395 0.03766667 0.054
0 0.36916667 0.18725 0.00366667 0.1265
0 0.37633333 0.03575 0.018 0.0715
0 0.2525 0.2245 0.05233333 0.042
0 0.91283333 0.62325 0.01966667 0.0875
0 0.94066667 0.6555 0.02133333 0.136
0 0.056 0.43475 0.05133333 0.0395
0 0.19 0.925 0.12333333 0.098
0 0.18683333 0.90075 0.04433333 0.0405
0 0.2085 0.79925 0.05766667 0.0435
0 0.94133333 0.6515 0.012 0.115
0 0.9075 0.6205 0.007 0.077
