0 0.13033333 0.0265 0.06266667 0.053
0 0.10516667 0.68325 0.03633333 0.0815
0 0.13583333 0.5925 0.06166667 0.085
0 0.15566667 0.7355 0.05866667 0.05
0 0.25566667 0.64625 0.06066667 0.0375
0 0.33833333 0.43025 0.11533333 0.2485
0 0.39833333 0.35975 0.03533333 0.0955
0 0.39533333 0.41125 0.02533333 0.0805
0 0.33683333 0.5475 0.08766667 0.147
0 0.17433333 0.92025 0.102 0.0045
0 0.2075 0.9485 0.05566667 0.009
0 0.6 0.522 0.04466667 0.08
0 0.66566667 0.24625 0.006 0.1105
0 0.87566667 0.8295 0.05666667 0.12
0 0.8965 0.83575 0.06166667 0.1195
0 0.88733333 0.89925 0.04533333 0.0565
0 0.949 0.81425 0.04333333 0.0835
0 0.96866667 0.6955 0.024 0.094
0 0.48083333 0.825 0.04033333 0.108
0 0.51566667 0.6945 0.03133333 0.053
