0 0.42416667 0.3395 0.081 0.043
0 0.43933333 0.3995 0.08266667 0.015
0 0.4245 0.61525 0.00433333 0.0745
0 0.37816667 0.81325 0.009 0.0605
0 0.36116667 0.7525 0.00166667 0.085
0 0.358 0.89425 0.026 0.2085
0 0.34816667 0.94475 0.017 0.1025
0 0.09566667 0.8625 0.098 0.14
0 0.04316667 0.94625 0.07366667 0.0675
0 0.17566667 0.833 0.05866667 0.
0 0.0185 0.248 0.037 0.086
0 0.05966667 0.173 0.008 0.074
0 0.22516667 0.0285 0.08166667 0.027
0 0.15466667 0.25875 0.07733333 0.0055
0 0.0875 0.44075 0.01166667 0.0485
0 0.7825 0.09625 0.009 0.0955
0 0.91633333 0.267 0.018 0.143
0 0.752 0.58825 0.04133333 0.1525
0 0.518 0.632 0.02266667 0.127
0 0.5075 0.51775 0.01433333 0.0755
0 0.52966667 0.52625 0.05666667 0.1465
0 0.74483333 0.95425 0.01233333 0.0915
0 0.97883333 0.1725 0.04233333 0.073
