0 0.45783333 0.46825 0.15366667 0.0985
0 0.1365 0.20425 0.03433333 0.0555
0 0.07983333 0.04525 0.03233333 0.0445
0 0.11016667 0.06075 0.02433333 0.0295
0 0.07816667 0.0215 0.02166667 0.043
0 0.09583333 0.75825 0.09433333 0.0875
0 0.1995 0.81275 0.08966667 0.0595
0 0.10566667 0.65775 0.026 0.0565
0 0.09566667 0.574 0.008 0.159
0 0.06116667 0.4885 0.00366667 0.101
0 0.75116667 0.94075 0.00166667 0.1105
0 0.84983333 0.942 0.045 0.116
0 0.71066667 0.5545 0.054 0.152
0 0.7795 0.552 0.04233333 0.171
0 0.8445 0.22925 0.01633333 0.0915
0 0.34466667 0.52675 0.05666667 0.0135
0 0.33916667 0.5855 0.04033333 0.004
0 0.2785 0.581 0.043 0.008
0 0.26816667 0.614 0.073 0.023
0 0.2295 0.531 0.06033333 0.065
0 0.114 0.14275 0.03066667 0.0485
