0 0.115 0.49525 0.088 0.1415
0 0.11766667 0.53225 0.054 0.0915
0 0.07866667 0.51325 0.03866667 0.0755
0 0.07183333 0.608 0.01966667 0.054
0 0.18516667 0.68925 0.06633333 0.1175
0 0.40933333 0.94675 0.03666667 0.1065
0 0.59133333 0.9805 0.02333333 0.039
0 0.74433333 0.63275 0.078 0.0175
0 0.804 0.6335 0.08266667 0.024
0 0.6725 0.587 0.073 0.034
0 0.6765 0.57475 0.063 0.0285
0 0.62633333 0.5635 0.054 0.062
0 0.85233333 0.9285 0.06733333 0.135
0 0.832 0.936 0.038 0.117
0 0.86566667 0.86575 0.03333333 0.0335
0 0.8845 0.73375 0.01366667 0.0715
0 0.90783333 0.682 0.019 0.043
0 0.85483333 0.22125 0.29033333 0.0755
0 0.64333333 0.07125 0.106 0.0485
0 0.60116667 0.19275 0.06833333 0.0375
0 0.5605 0.15425 0.05033333 0.0685
0 0.58716667 0.03225 0.03833333 0.0515
0 0.30233333 0.2755 0.062 0.047
0 0.09483333 0.2075 0.177 0.027
0 0.05716667 0.11725 0.089 0.1325
0 0.14416667 0.248 0.04966667 0.022
0 0.19983333 0.05675 0.019 0.0835
0 0.331 0.73575 0.02066667 0.0485
