0 0.07883333 0.52575 0.15766667 0.2185
0 0.048 0.56975 0.096 0.1365
0 0.02933333 0.11975 0.05866667 0.0455
0 0.0435 0.18625 0.087 0.0605
0 0.08183333 0.2485 0.107 0.067
0 0.35466667 0.72725 0.06466667 0.0905
0 0.32816667 0.828 0.17166667 0.235
0 0.31066667 0.8885 0.108 0.162
0 0.845 0.1925 0.03933333 0.127
0 0.71566667 0.15375 0.17666667 0.0655
0 0.58133333 0.18875 0.076 0.0895
0 0.45 0.2265 0.04733333 0.056
0 0.46016667 0.24625 0.04766667 0.0405
0 0.53033333 0.17125 0.06066667 0.0425
0 0.60316667 0.494 0.03633333 0.073
0 0.61516667 0.5885 0.04033333 0.059
