0 0.143 0.43475 0.16533333 0.0645
0 0.31266667 0.3195 0.08733333 0.013
0 0.26216667 0.84825 0.06633333 0.0995
0 0.23166667 0.94175 0.10466667 0.0535
0 0.3245 0.956 0.12966667 0.009
0 0.35316667 0.81975 0.04966667 0.0795
0 0.341 0.71375 0.09 0.1145
0 0.5245 0.47075 0.01833333 0.0775
0 0.55766667 0.48325 0.016 0.1205
0 0.50366667 0.63875 0.00866667 0.2105
0 0.5745 0.90175 0.06566667 0.1965
0 0.67016667 0.87 0.05033333 0.26
0 0.6105 0.32425 0.053 0.0805
0 0.64466667 0.217 0.08533333 0.15
0 0.70366667 0.1445 0.08266667 0.17
0 0.91383333 0.47075 0.16166667 0.0895
0 0.893 0.43625 0.12533333 0.1015
0 0.96583333 0.35325 0.06833333 0.0485
0 0.9775 0.371 0.045 0.043
0 0.18683333 0.10275 0.03166667 0.1205
0 0.03866667 0.293 0.07733333 0.036
0 0.06 0.601 0.12 0.032
0 0.13283333 0.5995 0.07233333 0.037
0 0.39016667 0.517 0.06233333 0.041
0 0.44433333 0.0745 0.036 0.149
0 0.4745 0.067 0.02966667 0.134
0 0.42383333 0.0735 0.017 0.089
0 0.7185 0.31125 0.06366667 0.0905
0 0.65933333 0.1515 0.006 0.071
0 0.64166667 0.45725 0.02133333 0.0765
0 0.3295 0.62825 0.071 0.0845
0 0.25183333 0.51125 0.051 0.0645
0 0.0755 0.63625 0.03566667 0.0705
0 0.48516667 0.84525 0.047 0.0615
