0 0.16566667 0.71125 0.07866667 0.1135
0 0.1015 0.6 0.06566667 0.079
0 0.2415 0.563 0.02433333 0.156
0 0.06816667 0.41275 0.04366667 0.1225
0 0.03583333 0.3955 0.06566667 0.164
0 0.04033333 0.257 0.08066667 0.15
0 0.17533333 0.25775 0.094 0.0485
0 0.32933333 0.26825 0.11733333 0.0515
0 0.37666667 0.224 0.05866667 0.
0 0.363 0.2985 0.16666667 0.058
0 0.55566667 0.76975 0.05666667 0.2245
0 0.64933333 0.8115 0.06666667 0.162
0 0.69733333 0.78875 0.03733333 0.1045
0 0.894 0.57575 0.05866667 0.0095
0 0.77466667 0.578 0.07666667 0.023
0 0.92283333 0.897 0.07366667 0.015
0 0.82766667 0.0485 0.03533333 0.097
0 0.191 0.8675 0.05266667 0.077
