0 0.20466667 0.587 0.074 0.008
0 0.15366667 0.602 0.07533333 0.034
0 0.09866667 0.41375 0.09933333 0.0265
0 0.1305 0.92725 0.05433333 0.0505
0 0.28083333 0.94725 0.08633333 0.0225
0 0.28933333 0.70425 0.12066667 0.0395
0 0.25233333 0.7435 0.074 0.013
0 0.17116667 0.7295 0.043 0.033
0 0.93466667 0.11175 0.01266667 0.1285
0 0.92066667 0.04425 0.004 0.0885
0 0.23716667 0.03325 0.061 0.0365
0 0.25633333 0.04025 0.06733333 0.0425
0 0.1545 0.12175 0.047 0.0405
0 0.7205 0.823 0.02366667 0.094
0 0.9555 0.72575 0.05433333 0.0885
0 0.735 0.28825 0. 0.0615
0 0.708 0.3735 0.004 0.119
0 0.516 0.612 0.08733333 0.032
0 0.11166667 0.19075 0.02466667 0.0575
0 0.102 0.24525 0.00666667 0.0975
