0 0.3595 0.57425 0.01433333 0.0835
0 0.2655 0.783 0.00433333 0.051
0 0.25333333 0.74325 0.00733333 0.1015
0 0.3095 0.46225 0.04766667 0.2425
0 0.26683333 0.2925 0.07366667 0.078
0 0.19716667 0.3415 0.06566667 0.074
0 0.07766667 0.422 0.15533333 0.14
0 0.0835 0.3785 0.15833333 0.186
0 0.0265 0.41175 0.053 0.0795
0 0.014 0.39825 0.028 0.0365
0 0.0875 0.2925 0.07633333 0.078
0 0.173 0.2055 0.08 0.077
0 0.31183333 0.14275 0.079 0.0485
0 0.346 0.1545 0.03066667 0.031
0 0.11183333 0.80925 0.035 0.1385
0 0.01616667 0.6105 0.01433333 0.113
0 0.65133333 0.03225 0.036 0.0645
0 0.761 0.58825 0.018 0.2415
0 0.83783333 0.72425 0.04766667 0.1335
0 0.876 0.88 0.07933333 0.059
0 0.80816667 0.8235 0.08366667 0.124
0 0.721 0.72025 0.10133333 0.1955
0 0.7435 0.82025 0.02966667 0.0445
0 0.8145 0.975 0.02966667 0.05
0 0.991 0.61525 0.018 0.0575
0 0.96 0.4995 0.042 0.12
0 0.3855 0.95675 0.099 0.0865
