0 0.92516667 0.922 0.04433333 0.123
0 0.55866667 0.35825 0.07666667 0.0195
0 0.5995 0.206 0.08166667 0.033
0 0.58683333 0.03475 0.087 0.0545
0 0.48883333 0.10225 0.04833333 0.0895
0 0.42466667 0.416 0.02133333 0.08
0 0.399 0.312 0.03866667 0.094
0 0.22116667 0.32875 0.03433333 0.1215
0 0.16666667 0.57425 0.08866667 0.0305
0 0.22016667 0.472 0.16166667 0.111
0 0.158 0.275 0.03733333 0.186
0 0.1545 0.07275 0.03633333 0.1215
0 0.18633333 0.081 0.02533333 0.05
0 0.4515 0.61975 0.04433333 0.0875
0 0.51916667 0.79625 0.04833333 0.1315
