0 0.168 0.50625 0.11666667 0.0445
0 0.25883333 0.50725 0.06633333 0.0365
0 0.2515 0.574 0.06833333 0.043
0 0.145 0.7165 0.08533333 0.252
0 0.2995 0.93875 0.035 0.1225
0 0.35366667 0.769 0.03866667 0.109
0 0.32533333 0.75 0.034 0.096
0 0.44066667 0.55375 0.03333333 0.0565
0 0.50216667 0.6745 0.03966667 0.074
0 0.48383333 0.5135 0.00833333 0.108
0 0.167 0.041 0.11133333 0.007
0 0.2825 0.01775 0.08166667 0.0135
0 0.36033333 0.01025 0.04333333 0.0175
0 0.69 0.874 0.02866667 0.044
0 0.96266667 0.1645 0.046 0.035
0 0.94783333 0.13475 0.06833333 0.0725
