0 0.28033333 0.82025 0.02 0.1145
0 0.56416667 0.67925 0.167 0.0055
0 0.60783333 0.94725 0.11433333 0.0135
0 0.885 0.168 0.08066667 0.101
0 0.24433333 0.1855 0.14533333 0.004
0 0.27316667 0.1395 0.201 0.02
0 0.86833333 0.932 0.16266667 0.096
0 0.91333333 0.8915 0.08733333 0.042
0 0.8635 0.949 0.043 0.035
0 0.84333333 0.9765 0.05666667 0.039
0 0.9025 0.82225 0.06033333 0.0025
0 0.95066667 0.7885 0.09866667 0.008
0 0.87333333 0.78575 0.054 0.0215
0 0.9385 0.6315 0.105 0.004
0 0.93983333 0.678 0.12033333 0.008
0 0.87283333 0.31725 0.055 0.0525
