0 0.32983333 0.25075 0.09166667 0.0215
0 0.08133333 0.10725 0.006 0.0985
0 0.10433333 0.1005 0.018 0.201
0 0.1185 0.0775 0.01433333 0.155
0 0.11583333 0.231 0.00366667 0.039
0 0.08583333 0.23375 0.015 0.0555
0 0.1515 0.44325 0.001 0.1025
0 0.176 0.688 0.00533333 0.15
0 0.15633333 0.729 0.016 0.086
0 0.124 0.721 0.04666667 0.097
0 0.09883333 0.7095 0.077 0.112
0 0.058 0.6335 0.028 0.1
0 0.01666667 0.5775 0.01866667 0.053
0 0.207 0.5935 0.01533333 0.341
0 0.22016667 0.7905 0.03766667 0.042
0 0.62 0.53425 0.02333333 0.0095
0 0.75433333 0.4745 0.06733333 0.078
0 0.814 0.384 0.018 0.038
0 0.73633333 0.20425 0.028 0.0145
0 0.67983333 0.1085 0.071 0.058
0 0.67883333 0.0755 0.05833333 0.059
0 0.593 0.0365 0.068 0.062
0 0.58933333 0.0675 0.106 0.108
0 0.3585 0.14825 0.09166667 0.1725
0 0.4075 0.4145 0.071 0.034
0 0.4865 0.39425 0.06766667 0.0335
0 0.288 0.3195 0.12466667 0.051
0 0.5 0.75475 0.01733333 0.0455
0 0.58933333 0.8295 0.09866667 0.098
0 0.79516667 0.87875 0.05766667 0.1025
0 0.8405 0.822 0.02966667 0.054
0 0.77233333 0.72225 0.05133333 0.0915
0 0.66716667 0.5795 0.053 0.003
0 0.8055 0.3995 0.00633333 0.034
0 0.686 0.15025 0.06733333 0.0475
0 0.36383333 0.07425 0.027 0.0405
