0 0.46716667 0.1265 0.23966667 0.089
0 0.53083333 0.19925 0.08766667 0.0105
0 0.63233333 0.11525 0.06466667 0.0515
0 0.73983333 0.18775 0.05166667 0.0515
0 0.754 0.0795 0.082 0.159
0 0.96816667 0.04025 0.04566667 0.0745
0 0.83683333 0.24075 0.06166667 0.0545
0 0.791 0.8705 0.002 0.253
0 0.83833333 0.89025 0.012 0.2105
0 0.29333333 0.59325 0.17266667 0.1285
0 0.22116667 0.509 0.02833333 0.179
0 0.18633333 0.47025 0.02133333 0.0985
0 0.18016667 0.9 0.005 0.191
0 0.14333333 0.8985 0.002 0.194
0 0.54283333 0.7425 0.05566667 0.003
0 0.52366667 0.806 0.108 0.012
