0 0.51216667 0.2695 0.09366667 0.108
0 0.68766667 0.161 0.08533333 0.085
0 0.77316667 0.18125 0.123 0.1365
0 0.80733333 0.3025 0.06933333 0.077
0 0.822 0.083 0.04666667 0.058
0 0.88133333 0.14575 0.04133333 0.0135
0 0.70583333 0.0235 0.02966667 0.047
0 0.66033333 0.027 0.052 0.054
0 0.655 0.06475 0.122 0.1295
0 0.589 0.0215 0.03333333 0.043
0 0.412 0.2855 0.05133333 0.035
0 0.45016667 0.3505 0.03033333 0.035
0 0.41833333 0.54375 0.03133333 0.0255
0 0.43883333 0.5965 0.04566667 0.012
0 0.327 0.5895 0.176 0.077
0 0.239 0.4665 0.10933333 0.07
0 0.0185 0.4145 0.037 0.166
0 0.089 0.3745 0.002 0.062
0 0.17566667 0.9015 0.044 0.062
0 0.64783333 0.8255 0.07033333 0.042
0 0.76783333 0.634 0.02966667 0.069
0 0.7345 0.57275 0.04966667 0.0105
0 0.884 0.576 0.052 0.004
0 0.8355 0.886 0.07366667 0.066
0 0.545 0.58025 0.03333333 0.0335
