0 0.11133333 0.18925 0.05733333 0.0555
0 0.169 0.147 0.054 0.046
0 0.17616667 0.1625 0.06833333 0.074
0 0.2255 0.18875 0.07166667 0.0785
0 0.251 0.20825 0.04933333 0.1095
0 0.1235 0.33625 0.06566667 0.0665
0 0.04133333 0.55125 0.08266667 0.0865
0 0.0255 0.6435 0.035 0.036
0 0.12266667 0.85425 0.06733333 0.0135
0 0.68833333 0.89875 0.176 0.0215
0 0.83866667 0.85175 0.09066667 0.0515
0 0.80733333 0.841 0.08733333 0.04
0 0.956 0.853 0.088 0.086
0 0.81266667 0.546 0.08 0.062
0 0.725 0.5685 0.05733333 0.062
0 0.64916667 0.2305 0.037 0.183
0 0.651 0.17525 0.02066667 0.0805
0 0.6195 0.182 0.04233333 0.143
0 0.61683333 0.0735 0.04766667 0.085
0 0.7165 0.304 0.02233333 0.174
0 0.25516667 0.74125 0.065 0.0705
0 0.421 0.39 0.05133333 0.015
