0 0.28116667 0.36125 0.05566667 0.1025
0 0.32033333 0.31875 0.082 0.0335
0 0.177 0.3045 0.02 0.081
0 0.10866667 0.6415 0.036 0.159
0 0.04766667 0.6535 0.09533333 0.035
0 0.27583333 0.8425 0.043 0.089
0 0.59033333 0.53725 0.03933333 0.1765
0 0.57816667 0.41375 0.00833333 0.1375
0 0.67333333 0.8065 0.01533333 0.074
0 0.75033333 0.60425 0.02333333 0.1415
0 0.81316667 0.825 0.02166667 0.07
0 0.74933333 0.98125 0.04866667 0.0295
0 0.34816667 0.155 0.04033333 0.011
0 0.31483333 0.12275 0.00633333 0.0645
0 0.10416667 0.51125 0.00366667 0.0525
0 0.026 0.47525 0.052 0.0525
0 0.04633333 0.19 0.09266667 0.016
0 0.05533333 0.1025 0.028 0.051
0 0.21916667 0.111 0.01966667 0.066
0 0.5145 0.68 0.04766667 0.031
0 0.4565 0.706 0.05766667 0.054
0 0.52966667 0.961 0.1 0.016
0 0.58716667 0.97775 0.07833333 0.0335
0 0.8535 0.8545 0.03233333 0.035
0 0.942 0.90625 0.08 0.0635
