0 0.18333333 0.49725 0.054 0.0995
0 0.2355 0.47225 0.01966667 0.0445
0 0.24666667 0.42375 0.00466667 0.0555
0 0.243 0.502 0.028 0.026
0 0.10333333 0.341 0.104 0.005
0 0.18283333 0.30925 0.123 0.0175
0 0.30583333 0.32425 0.05833333 0.0175
0 0.35933333 0.32325 0.13133333 0.0405
0 0.38366667 0.28175 0.104 0.0245
0 0.62616667 0.409 0.08633333 0.007
0 0.62633333 0.4785 0.11333333 0.003
0 0.53866667 0.51275 0.12866667 0.0875
0 0.71016667 0.688 0.037 0.182
0 0.74666667 0.63275 0.00733333 0.0475
0 0.965 0.078 0.07 0.07
0 0.97533333 0.82275 0.04933333 0.0525
0 0.94783333 0.8935 0.07366667 0.065
0 0.8415 0.98525 0.02966667 0.0295
0 0.24133333 0.90425 0.10333333 0.1345
0 0.21833333 0.8525 0.034 0.047
0 0.2155 0.95475 0.05566667 0.0205
0 0.67333333 0.128 0.008 0.07
0 0.627 0.111 0.02333333 0.085
