0 0.18816667 0.624 0.10166667 0.054
0 0.2295 0.79525 0.10166667 0.0245
0 0.40616667 0.95825 0.025 0.0705
0 0.51483333 0.856 0.045 0.062
0 0.94166667 0.60775 0.07 0.2025
0 0.94116667 0.6825 0.073 0.174
0 0.96083333 0.47425 0.02966667 0.1185
0 0.90483333 0.558 0.03233333 0.105
0 0.91416667 0.446 0.033 0.108
0 0.59116667 0.04225 0.07366667 0.0715
0 0.24983333 0.0215 0.045 0.043
0 0.14383333 0.643 0.133 0.097
0 0.11716667 0.59375 0.053 0.0445
0 0.05533333 0.86925 0.078 0.0105
0 0.38733333 0.9635 0. 0.073
