0 0.25016667 0.62525 0.01366667 0.1565
0 0.2475 0.47525 0.017 0.0795
0 0.18866667 0.53775 0.03066667 0.1945
0 0.02966667 0.77375 0.056 0.0055
0 0.07633333 0.876 0.03066667 0.051
0 0.28833333 0.936 0.106 0.128
0 0.20166667 0.88825 0.08333333 0.0755
0 0.40883333 0.9015 0.03033333 0.197
0 0.42016667 0.737 0.035 0.089
0 0.55133333 0.65425 0.008 0.1735
0 0.52683333 0.5175 0.071 0.159
0 0.43183333 0.49125 0.04033333 0.0555
0 0.36616667 0.3235 0.11566667 0.156
0 0.71966667 0.3235 0.194 0.
0 0.15233333 0.74475 0.01866667 0.0525
