0 0.491 0.8005 0.026 0.086
0 0.44433333 0.9495 0.02066667 0.085
0 0.42 0.802 0.00266667 0.081
0 0.37333333 0.719 0.02266667 0.069
0 0.32666667 0.7655 0.03333333 0.059
0 0.252 0.537 0.026 0.09
0 0.25933333 0.4125 0.02066667 0.011
0 0.2915 0.39975 0.04033333 0.0015
0 0.1415 0.0445 0.04566667 0.027
0 0.1185 0.01875 0.043 0.0245
0 0.58933333 0.90825 0.02866667 0.0995
0 0.59533333 0.9205 0.02066667 0.067
0 0.60466667 0.98175 0.01066667 0.0365
0 0.7035 0.956 0.01766667 0.031
0 0.62166667 0.86925 0.016 0.0325
0 0.5035 0.04925 0.00633333 0.0685
0 0.12316667 0.38475 0.01433333 0.0285
0 0.97616667 0.38025 0.00833333 0.0755
