0 0.29333333 0.40375 0.04933333 0.0605
0 0.17916667 0.27275 0.11233333 0.2225
0 0.21383333 0.23875 0.08233333 0.1375
0 0.2745 0.3125 0.02966667 0.054
0 0.24483333 0.7655 0.105 0.022
0 0.22466667 0.829 0.07733333 0.016
0 0.12933333 0.4555 0.08266667 0.03
0 0.19183333 0.477 0.07833333 0.019
0 0.216 0.415 0.078 0.027
0 0.35266667 0.2885 0.028 0.07
0 0.33116667 0.2825 0.017 0.05
0 0.32166667 0.2985 0.018 0.053
0 0.55216667 0.459 0.02966667 0.042
0 0.72966667 0.543 0.07733333 0.035
0 0.91966667 0.4745 0.044 0.016
0 0.8405 0.3605 0.00966667 0.104
0 0.82433333 0.37525 0.01333333 0.0715
0 0.8065 0.3855 0.02433333 0.051
0 0.79016667 0.36325 0.00433333 0.0555
0 0.71516667 0.9825 0.029 0.035
0 0.483 0.9225 0.07266667 0.139
0 0.3045 0.84025 0.03766667 0.0495
0 0.1535 0.0505 0.01433333 0.074
0 0.3855 0.13725 0.097 0.0835
0 0.77716667 0.05125 0.02166667 0.1025
0 0.78983333 0.03375 0.01633333 0.0675
0 0.986 0.8605 0.028 0.026
0 0.5835 0.44125 0.04566667 0.1575
0 0.536 0.378 0.07466667 0.09
