0 0.323 0.7055 0.04933333 0.031
0 0.31183333 0.6745 0.03966667 0.039
0 0.32083333 0.77625 0.025 0.0325
0 0.439 0.682 0.17333333 0.086
0 0.4425 0.58025 0.01366667 0.0415
0 0.02466667 0.60175 0.04933333 0.0395
0 0.142 0.21375 0.08466667 0.0255
0 0.53333333 0.36075 0.062 0.1415
0 0.4295 0.029 0.15633333 0.004
0 0.52283333 0.868 0.099 0.062
0 0.62666667 0.85575 0.06733333 0.0675
0 0.76733333 0.66925 0.086 0.0985
0 0.82 0.657 0.00266667 0.069
0 0.969 0.73025 0.044 0.0755
0 0.4425 0.69175 0.17166667 0.0775
0 0.91833333 0.73775 0.002 0.1635
