0 0.35533333 0.59425 0.008 0.3075
0 0.425 0.407 0.02533333 0.051
0 0.509 0.48325 0.008 0.2115
0 0.52333333 0.52775 0.00266667 0.0955
0 0.5405 0.4885 0.00633333 0.139
0 0.55516667 0.47525 0.00366667 0.1145
0 0.57416667 0.527 0.07366667 0.197
0 0.62433333 0.424 0.02866667 0.066
0 0.6295 0.481 0.06566667 0.159
0 0.59616667 0.7035 0.051 0.089
0 0.783 0.70425 0.08533333 0.0255
0 0.5175 0.06 0.029 0.12
0 0.34366667 0.0425 0.024 0.085
0 0.27183333 0.18 0.02233333 0.047
0 0.13616667 0.16175 0.04233333 0.0105
0 0.06066667 0.2055 0.114 0.023
0 0.0355 0.28625 0.071 0.0095
0 0.0755 0.30675 0.061 0.0095
0 0.09566667 0.337 0.03866667 0.032
0 0.11633333 0.54725 0.01333333 0.0995
0 0.37333333 0.26825 0.044 0.0865
0 0.9385 0.92175 0.04033333 0.0105
