0 0.0985 0.02275 0.011 0.0455
0 0.12633333 0.075 0.014 0.071
0 0.24383333 0.454 0.003 0.047
0 0.26316667 0.35375 0.011 0.0865
0 0.21816667 0.7555 0.083 0.059
0 0.17316667 0.77125 0.05166667 0.0605
0 0.29083333 0.86425 0.14966667 0.0925
0 0.27083333 0.62725 0.03433333 0.1935
0 0.31466667 0.50225 0.02333333 0.0925
0 0.407 0.418 0.05866667 0.206
0 0.63216667 0.85625 0.16766667 0.0605
0 0.73083333 0.75625 0.08966667 0.0485
0 0.63983333 0.80775 0.14033333 0.0635
0 0.46983333 0.6705 0.23833333 0.153
0 0.42183333 0.5645 0.06766667 0.056
0 0.56316667 0.5355 0.07766667 0.041
0 0.758 0.51225 0.096 0.0485
0 0.81216667 0.51575 0.05433333 0.0165
0 0.57916667 0.03325 0.07166667 0.0575
0 0.691 0.5605 0.06466667 0.288
0 0.57233333 0.67025 0.02933333 0.1015
