0 0.69316667 0.71975 0.02233333 0.2505
0 0.695 0.91825 0.05466667 0.0715
0 0.94916667 0.2455 0.09966667 0.027
0 0.97433333 0.211 0.05133333 0.034
0 0.97566667 0.29225 0.04133333 0.0135
0 0.864 0.07825 0.044 0.0675
0 0.74483333 0.33025 0.041 0.0455
0 0.74616667 0.312 0.06033333 0.066
0 0.48616667 0.32025 0.063 0.0445
0 0.46716667 0.39675 0.03233333 0.0285
0 0.42633333 0.43125 0.02933333 0.0405
0 0.376 0.45025 0.042 0.0565
0 0.434 0.54925 0.05733333 0.0015
0 0.394 0.86775 0.07266667 0.0055
0 0.47933333 0.84225 0.01333333 0.0405
0 0.53333333 0.979 0.028 0.042
0 0.5265 0.967 0.043 0.066
0 0.5085 0.97425 0.03233333 0.0325
0 0.60066667 0.7715 0.00466667 0.061
0 0.58666667 0.72575 0.036 0.1465
0 0.02066667 0.7945 0.04133333 0.082
0 0.0185 0.72825 0.037 0.0715
0 0.14783333 0.3975 0.053 0.027
0 0.115 0.34575 0.016 0.0715
0 0.14233333 0.26825 0.01333333 0.0515
0 0.13833333 0.23175 0.038 0.0995
0 0.7345 0.41425 0.13233333 0.1955
0 0.94116667 0.3625 0.07633333 0.005
0 0.7665 0.2245 0.061 0.047
0 0.31133333 0.601 0.096 0.038
0 0.25283333 0.556 0.04233333 0.055
0 0.3225 0.8605 0.027 0.007
0 0.33333333 0.88075 0.02866667 0.0095
0 0.73133333 0.587 0.002 0.066
0 0.67283333 0.4425 0.027 0.058
