0 0.25433333 0.7225 0.108 0.
0 0.25783333 0.66025 0.10433333 0.0055
0 0.092 0.5665 0.02066667 0.093
0 0.079 0.53225 0.02333333 0.0835
0 0.142 0.93125 0.02333333 0.1375
0 0.43133333 0.46025 0.08266667 0.0555
0 0.59866667 0.39675 0.02066667 0.1415
0 0.63516667 0.39475 0.01433333 0.1185
0 0.6815 0.8975 0.05833333 0.024
0 0.6715 0.85125 0.071 0.0175
0 0.823 0.8685 0.05 0.007
0 0.61766667 0.72725 0.03133333 0.0255
0 0.61366667 0.70225 0.04133333 0.0245
0 0.47933333 0.76075 0.064 0.0475
0 0.37433333 0.62 0.008 0.105
0 0.3985 0.66575 0.02433333 0.1155
0 0.42983333 0.70825 0.02233333 0.1065
0 0.342 0.618 0.062 0.007
0 0.18866667 0.55475 0.02533333 0.0635
0 0.12633333 0.4185 0.186 0.09
0 0.11583333 0.4495 0.115 0.004
0 0.15583333 0.4105 0.13766667 0.093
0 0.03016667 0.33425 0.06033333 0.0355
0 0.09716667 0.175 0.03766667 0.097
0 0.58566667 0.22575 0.018 0.1195
0 0.602 0.2055 0.04133333 0.139
0 0.62583333 0.21425 0.02966667 0.1055
0 0.63516667 0.20275 0.03233333 0.1175
0 0.442 0.2465 0.06666667 0.046
0 0.44566667 0.1995 0.06266667 0.054
0 0.47 0.26625 0.072 0.0525
0 0.55 0.3295 0.018 0.061
0 0.50866667 0.0345 0.06466667 0.066
0 0.40933333 0.025 0.04933333 0.05
0 0.779 0.143 0.03066667 0.097
0 0.80183333 0.14225 0.02966667 0.0875
0 0.854 0.374 0.044 0.069
0 0.97166667 0.235 0.05666667 0.031
0 0.73816667 0.136 0.02966667 0.011
0 0.49683333 0.0175 0.05766667 0.016
0 0.55083333 0.20625 0.03766667 0.1105
