0 0.63466667 0.57325 0.13933333 0.0715
0 0.75966667 0.53025 0.07666667 0.0335
0 0.68366667 0.63625 0.07533333 0.0485
0 0.5925 0.72225 0.087 0.0645
0 0.5835 0.874 0.105 0.139
0 0.84683333 0.9225 0.14833333 0.096
0 0.792 0.97925 0.03333333 0.0365
0 0.90483333 0.616 0.097 0.038
0 0.9645 0.57275 0.05833333 0.0215
0 0.9825 0.7225 0.035 0.132
0 0.84016667 0.657 0.10966667 0.05
0 0.94116667 0.52625 0.073 0.0555
0 0.93716667 0.38275 0.12566667 0.0295
0 0.83783333 0.5585 0.04433333 0.004
0 0.814 0.1195 0.00733333 0.19
0 0.80183333 0.21225 0.02233333 0.2255
0 0.79333333 0.27075 0.01066667 0.1185
0 0.76916667 0.2635 0.03233333 0.179
0 0.75516667 0.269 0.04233333 0.174
0 0.4865 0.13275 0.06566667 0.0095
0 0.21516667 0.6995 0.037 0.148
0 0.15133333 0.661 0.01 0.128
0 0.17666667 0.51275 0.008 0.1445
0 0.1365 0.75475 0.01633333 0.0785
0 0.18466667 0.083 0.00466667 0.074
0 0.182 0.97925 0.064 0.0175
0 0.38583333 0.83425 0.053 0.0215
0 0.75833333 0.967 0.02666667 0.026
