0 0.80066667 0.93075 0.08266667 0.0445
0 0.801 0.979 0.06 0.042
0 0.89583333 0.95225 0.01966667 0.0955
0 0.77666667 0.38675 0.03133333 0.0455
0 0.7565 0.2 0.11166667 0.047
0 0.69216667 0.029 0.08166667 0.053
0 0.43633333 0.4955 0.09066667 0.004
0 0.6025 0.76675 0.06566667 0.1375
0 0.5085 0.8525 0.12033333 0.144
0 0.56916667 0.76875 0.069 0.1225
0 0.5575 0.54575 0.06033333 0.0945
0 0.63216667 0.093 0.09433333 0.067
0 0.5305 0.97375 0.00433333 0.0525
0 0.60033333 0.876 0.06466667 0.022
0 0.37016667 0.95975 0.04833333 0.0675
0 0.04933333 0.75475 0.034 0.0165
