0 0.47083333 0.60725 0.05366667 0.0525
0 0.47833333 0.6495 0.05133333 0.059
0 0.57866667 0.3875 0.04866667 0.071
0 0.56433333 0.42975 0.03066667 0.0485
0 0.562 0.84425 0.08866667 0.1495
0 0.62666667 0.54325 0.008 0.0945
0 0.61583333 0.5485 0.00433333 0.067
0 0.53766667 0.1165 0.062 0.034
0 0.2785 0.06925 0.05233333 0.0875
0 0.05166667 0.05175 0.10333333 0.0955
0 0.06183333 0.11575 0.07366667 0.0485
0 0.00633333 0.16025 0.01266667 0.0675
0 0.03866667 0.39025 0.07733333 0.0175
0 0.03233333 0.41575 0.06466667 0.0205
0 0.16266667 0.176 0.00533333 0.166
0 0.173 0.46975 0.008 0.0475
0 0.106 0.44275 0.00733333 0.0635
0 0.26366667 0.82075 0.12666667 0.0995
0 0.3185 0.829 0.08566667 0.07
0 0.5345 0.76475 0.03966667 0.1095
0 0.54 0.77575 0.01266667 0.0445
0 0.68383333 0.80125 0.00166667 0.1415
0 0.76016667 0.731 0.03233333 0.074
0 0.73816667 0.6645 0.017 0.132
0 0.73766667 0.84925 0.088 0.0405
0 0.85716667 0.94075 0.03566667 0.0325
0 0.974 0.43175 0.052 0.0875
0 0.81083333 0.21975 0.001 0.1485
0 0.78966667 0.17525 0.03066667 0.0595
0 0.46183333 0.1165 0.029 0.069
0 0.71416667 0.66225 0.01433333 0.0955
