0 0.33966667 0.411 0.17066667 0.089
0 0.43216667 0.4185 0.135 0.074
0 0.38316667 0.49 0.21633333 0.112
0 0.47216667 0.27425 0.051 0.1335
0 0.64683333 0.116 0.027 0.054
0 0.69816667 0.06725 0.05033333 0.0135
0 0.87683333 0.041 0.03233333 0.082
0 0.79966667 0.74325 0.13466667 0.0225
0 0.72683333 0.6825 0.095 0.004
0 0.59483333 0.74125 0.17433333 0.0135
0 0.55783333 0.674 0.13833333 0.008
0 0.4085 0.6335 0.11233333 0.003
0 0.3405 0.936 0.043 0.128
0 0.686 0.87325 0.08866667 0.0645
0 0.12766667 0.47975 0. 0.0915
0 0.10916667 0.287 0.04566667 0.043
0 0.06733333 0.8795 0.06266667 0.128
0 0.3365 0.387 0.069 0.035
0 0.21033333 0.44725 0.04866667 0.0485
0 0.8235 0.256 0.017 0.092
0 0.805 0.312 0.04133333 0.066
0 0.811 0.23125 0.02066667 0.1145
0 0.7875 0.29925 0.04766667 0.0645
