0 0.50266667 0.628 0.00466667 0.143
0 0.212 0.37675 0.25 0.0095
0 0.35533333 0.26225 0.13 0.0095
0 0.36966667 0.20225 0.064 0.0055
0 0.27533333 0.2735 0.062 0.011
0 0.21333333 0.26275 0.14266667 0.1725
0 0.178 0.13475 0.11866667 0.0455
0 0.2 0.081 0.09066667 0.027
0 0.1955 0.17775 0.035 0.0025
0 0.22316667 0.14675 0.053 0.0135
0 0.092 0.3045 0.04933333 0.
0 0.0885 0.339 0.04566667 0.001
0 0.1915 0.283 0.045 0.008
0 0.08133333 0.27425 0.03133333 0.0125
0 0.37383333 0.562 0.08966667 0.051
0 0.41833333 0.5235 0.03866667 0.066
0 0.4255 0.144 0.08166667 0.008
0 0.71916667 0.16375 0.053 0.0015
0 0.89816667 0.221 0.071 0.065
0 0.88366667 0.63675 0.05133333 0.0985
