0 0.3135 0.41775 0.03433333 0.0375
0 0.29166667 0.35775 0.05666667 0.0765
0 0.244 0.473 0.05133333 0.1
0 0.16266667 0.2945 0.04333333 0.063
0 0.59533333 0.57225 0.09066667 0.0015
0 0.48466667 0.5975 0.096 0.004
0 0.629 0.502 0.10066667 0.031
0 0.70166667 0.49725 0.07733333 0.0405
0 0.67933333 0.30925 0.02866667 0.1715
0 0.68416667 0.223 0.02966667 0.098
0 0.58183333 0.2945 0.04233333 0.074
0 0.62716667 0.329 0.043 0.081
0 0.87016667 0.364 0.015 0.178
0 0.90116667 0.725 0.045 0.135
0 0.94666667 0.90775 0.03866667 0.1415
0 0.8455 0.96975 0.08966667 0.0335
0 0.96033333 0.2055 0.036 0.09
0 0.68683333 0.03375 0.037 0.0675
0 0.739 0.01625 0.01866667 0.0325
0 0.588 0.03975 0.03866667 0.0335
0 0.61816667 0.0095 0.02166667 0.019
0 0.63216667 0.1185 0.02966667 0.046
0 0.45916667 0.392 0.081 0.132
0 0.33283333 0.28625 0.037 0.0955
0 0.32516667 0.3275 0.03966667 0.189
0 0.27316667 0.73925 0.043 0.0795
0 0.84266667 0.9165 0.106 0.019
0 0.78433333 0.43525 0.038 0.0485
0 0.98566667 0.47725 0.02866667 0.0135
0 0.98066667 0.149 0.03866667 0.085
0 0.74033333 0.3645 0.02133333 0.144
0 0.84283333 0.01675 0.02166667 0.0335
0 0.51083333 0.019 0.08166667 0.011
