0 0.31133333 0.5505 0.03533333 0.139
0 0.212 0.5195 0.06466667 0.139
0 0.1335 0.62125 0.04033333 0.1025
0 0.146 0.65225 0.03666667 0.0375
0 0.208 0.345 0.044 0.1
0 0.3285 0.1435 0.09433333 0.128
0 0.30183333 0.38525 0.027 0.0215
0 0.40516667 0.409 0.07566667 0.158
0 0.28266667 0.75875 0.01533333 0.1105
0 0.44833333 0.4965 0.036 0.109
0 0.478 0.56925 0.04333333 0.0985
0 0.49866667 0.81275 0.016 0.0565
0 0.58883333 0.723 0.13033333 0.136
0 0.69766667 0.67925 0.08533333 0.0705
0 0.58133333 0.82025 0.162 0.1335
0 0.54133333 0.66925 0.01 0.0335
0 0.71733333 0.444 0.044 0.082
0 0.606 0.5355 0.04066667 0.066
0 0.59883333 0.521 0.055 0.104
0 0.56566667 0.638 0.026 0.074
0 0.7035 0.31475 0.059 0.0495
0 0.7255 0.7535 0.019 0.151
0 0.74266667 0.705 0.00466667 0.078
0 0.76466667 0.7185 0.00733333 0.167
0 0.75866667 0.905 0.008 0.182
0 0.7705 0.94225 0.00433333 0.0485
0 0.73316667 0.9785 0.007 0.043
0 0.83383333 0.92575 0.007 0.1105
0 0.82933333 0.531 0.02333333 0.173
0 0.84466667 0.12325 0.09533333 0.0285
0 0.56966667 0.4535 0.06666667 0.071
0 0.26816667 0.2505 0.02233333 0.043
0 0.035 0.7055 0.07 0.071
0 0.91516667 0.107 0.04033333 0.023
