0 0.099 0.2075 0.06266667 0.07
0 0.18033333 0.33775 0.04333333 0.0575
0 0.314 0.335 0.13333333 0.212
0 0.5035 0.49 0.15633333 0.235
0 0.41666667 0.462 0.04533333 0.085
0 0.549 0.8455 0.04133333 0.127
0 0.58483333 0.8575 0.03433333 0.082
0 0.6045 0.8 0.04566667 0.182
0 0.545 0.9705 0.01533333 0.059
0 0.39133333 0.92275 0.04533333 0.0875
0 0.7885 0.90075 0.06366667 0.0775
0 0.71016667 0.853 0.02433333 0.185
0 0.61616667 0.54925 0.115 0.1565
0 0.62683333 0.49175 0.14833333 0.1985
0 0.48933333 0.3735 0.02133333 0.111
0 0.5345 0.0295 0.03233333 0.053
0 0.78733333 0.022 0.03733333 0.038
0 0.347 0.96525 0.05333333 0.0695
