0 0.221 0.345 0.052 0.148
0 0.19816667 0.42475 0.06366667 0.1995
0 0.11 0.62325 0.03133333 0.1115
0 0.4065 0.28325 0.04566667 0.0755
0 0.4165 0.091 0.10166667 0.166
0 0.46 0.064 0.04333333 0.074
0 0.67566667 0.53025 0.06466667 0.0555
0 0.87866667 0.42925 0.086 0.0045
0 0.98066667 0.575 0.03866667 0.058
0 0.98383333 0.5345 0.03233333 0.047
0 0.87416667 0.702 0.05566667 0.089
0 0.9475 0.8605 0.105 0.009
0 0.78933333 0.35025 0.186 0.1915
0 0.68283333 0.47575 0.15966667 0.0945
0 0.66666667 0.1995 0.038 0.062
0 0.38 0.02625 0.06666667 0.0525
0 0.65366667 0.57425 0.11933333 0.0915
