0 0.28483333 0.2965 0.117 0.019
0 0.1725 0.6045 0.065 0.061
0 0.1105 0.847 0.14366667 0.306
0 0.05483333 0.812 0.03566667 0.085
0 0.68466667 0.14425 0.034 0.2855
0 0.85266667 0.6475 0.00533333 0.179
0 0.94216667 0.9325 0.07633333 0.113
0 0.7205 0.83825 0.131 0.0375
0 0.51066667 0.887 0.026 0.089
0 0.5985 0.22225 0.045 0.0995
0 0.52016667 0.3415 0.045 0.101
0 0.526 0.033 0.03866667 0.066
0 0.4155 0.06 0.04566667 0.12
0 0.38533333 0.05925 0.02333333 0.0835
0 0.336 0.0945 0.05933333 0.035
0 0.01533333 0.60325 0.002 0.0605
0 0.03016667 0.591 0.017 0.047
0 0.97033333 0.727 0.05933333 0.004
