0 0.43716667 0.674 0.06033333 0.175
0 0.11283333 0.52475 0.107 0.1765
0 0.178 0.934 0.00533333 0.092
0 0.19866667 0.91775 0.00533333 0.0645
0 0.10866667 0.85925 0.10066667 0.0875
0 0.761 0.457 0.02666667 0.167
0 0.802 0.2675 0.08 0.028
0 0.81666667 0.22375 0.052 0.0185
0 0.79016667 0.23925 0.08366667 0.0395
0 0.95466667 0.4495 0.09066667 0.085
0 0.97566667 0.446 0.04866667 0.062
0 0.9875 0.50425 0.025 0.0215
0 0.91283333 0.459 0.047 0.039
0 0.66116667 0.267 0.08633333 0.07
0 0.1815 0.37525 0.029 0.0335
0 0.13733333 0.26225 0.036 0.0365
