0 0.23983333 0.593 0.09166667 0.108
0 0.3185 0.87325 0.13566667 0.0805
0 0.403 0.86125 0.17866667 0.1105
0 0.46666667 0.76625 0.10866667 0.0475
0 0.48833333 0.6685 0.078 0.008
0 0.55983333 0.62725 0.01633333 0.0445
0 0.85133333 0.5875 0.01733333 0.062
0 0.75866667 0.84575 0.04933333 0.0175
0 0.8005 0.84425 0.05033333 0.0365
0 0.94966667 0.88075 0.10066667 0.0605
0 0.68783333 0.73325 0.04233333 0.0245
0 0.65916667 0.8545 0.00633333 0.067
0 0.6465 0.868 0.01166667 0.07
0 0.22916667 0.96825 0.05766667 0.0635
0 0.28116667 0.872 0.03233333 0.024
0 0.22816667 0.9075 0.07366667 0.074
0 1.99000000e-01 7.92500000e-01 6.66666667e-04 1.21000000e-01
0 0.18016667 0.78175 0.015 0.0675
0 0.01566667 0.81075 0.03133333 0.0205
0 0.15766667 0.32475 0.062 0.0295
0 0.1685 0.3625 0.033 0.016
0 0.116 0.3935 0.11133333 0.03
0 0.1055 0.27825 0.08166667 0.0525
0 0.137 0.1045 0.03666667 0.015
0 0.18233333 0.138 0.11333333 0.015
0 0.12316667 0.14275 0.043 0.0325
0 0.032 0.24525 0.044 0.0055
0 0.28083333 0.124 0.053 0.005
0 0.41366667 0.14825 0.02066667 0.1325
0 0.47166667 0.11975 0.03933333 0.0835
0 0.39483333 0.143 0.00433333 0.043
0 0.27883333 0.04575 0.00633333 0.0915
0 0.5265 0.21825 0.097 0.0645
0 0.58666667 0.26 0.002 0.089
0 0.60416667 0.27 0.001 0.066
0 0.641 0.0755 0.02266667 0.097
0 0.65766667 0.13625 0.01066667 0.0565
0 0.748 0.06875 0.024 0.0705
0 0.898 0.2985 0.03866667 0.058
0 0.735 0.92975 0.016 0.0565
0 0.97983333 0.868 0.04033333 0.003
