0 0.62516667 0.57325 0.081 0.0555
0 0.68116667 0.5155 0.117 0.026
0 0.68666667 0.5395 0.082 0.026
0 0.60483333 0.79875 0.05366667 0.1175
0 0.55566667 0.92825 0.06866667 0.0285
0 0.5 0.86675 0.044 0.0785
0 0.401 0.78 0.02866667 0.163
0 0.42116667 0.93725 0.021 0.0865
0 0.25133333 0.92675 0.07466667 0.0655
0 0.18566667 0.95425 0.08266667 0.0705
0 0.18666667 0.87725 0.00933333 0.0495
0 0.17383333 0.70775 0.015 0.1385
0 0.1825 0.63025 0.02033333 0.0925
0 0.207 0.596 0.022 0.034
0 0.22283333 0.54725 0.02966667 0.0455
0 0.22416667 0.7295 0.019 0.128
0 0.23133333 0.84175 0.00466667 0.0425
0 0.03083333 0.3095 0.047 0.027
0 0.10633333 0.27175 0.08933333 0.0525
0 0.11633333 0.303 0.08666667 0.046
0 0.0465 0.2115 0.05166667 0.014
0 0.09416667 0.18425 0.04633333 0.0105
0 0.53683333 0.0685 0.047 0.113
0 0.747 0.10225 0.098 0.0315
0 0.87983333 0.25475 0.04433333 0.0325
0 0.78466667 0.34975 0.10733333 0.0275
0 0.82666667 0.3095 0.1 0.051
0 0.04083333 0.436 0.067 0.02
0 0.14933333 0.4045 0.05466667 0.006
0 0.21183333 0.47375 0.03033333 0.1135
0 0.25533333 0.49575 0.068 0.0375
0 0.34566667 0.38825 0.00133333 0.0695
0 0.41366667 0.3875 0.08666667 0.012
0 0.49266667 0.34275 0.216 0.0415
0 0.45616667 0.158 0.04366667 0.052
0 0.41416667 0.17775 0.04033333 0.0475
0 0.59283333 0.11625 0.05833333 0.0155
0 0.59833333 0.134 0.034 0.01
0 0.24833333 0.05375 0.04266667 0.1075
0 0.06783333 0.4625 0.079 0.013
0 0.01783333 0.358 0.03166667 0.031
0 0.0645 0.244 0.06833333 0.027
0 0.845 0.6035 0.07133333 0.049
0 0.96816667 0.07 0.06366667 0.019
0 0.18516667 0.435 0.039 0.016
