0 0.43116667 0.442 0.08633333 0.011
0 0.40566667 0.547 0.12133333 0.027
0 0.38633333 0.52775 0.11333333 0.0285
0 0.37966667 0.41625 0.09266667 0.0055
0 0.4995 0.31 0.043 0.046
0 0.425 0.1435 0.04466667 0.055
0 0.54083333 0.03225 0.061 0.0515
0 0.566 0.194 0.072 0.081
0 0.55833333 0.15775 0.05666667 0.0835
0 0.9285 0.55925 0.04033333 0.1965
0 0.93483333 0.80725 0.001 0.1025
0 0.2075 0.38425 0.21033333 0.0325
0 0.15583333 0.35975 0.13766667 0.0105
0 0.15933333 0.31325 0.20933333 0.0095
0 0.07 0.3375 0.14 0.004
0 0.434 0.32875 0.15466667 0.1025
0 0.6545 0.7715 0.017 0.074
0 0.65766667 0.54525 0.056 0.0825
0 0.97116667 0.68125 0.00366667 0.1015
0 0.94116667 0.02825 0.001 0.0565
0 0.95016667 0.1495 0.00966667 0.148
