0 0.0705 0.65175 0.04033333 0.1575
0 0.05333333 0.6895 0.01533333 0.093
0 0.0215 0.94675 0.009 0.1065
0 0.20116667 0.9005 0.03766667 0.159
0 0.14783333 0.71225 0.02233333 0.0745
0 0.172 0.3795 0.01333333 0.077
0 0.2385 0.42575 0.035 0.2155
0 0.35983333 0.271 0.033 0.326
0 0.36966667 0.27275 0.02266667 0.1335
0 0.33783333 0.46825 0.03566667 0.1335
0 0.29966667 0.124 0.08 0.113
0 0.31666667 0.19125 0.05666667 0.0835
0 0.15316667 0.01675 0.02433333 0.0335
0 0.09433333 0.03575 0.018 0.0715
0 0.07683333 0.01875 0.01166667 0.0375
0 0.34716667 0.02775 0.00633333 0.0555
0 0.34866667 0.12475 0.00733333 0.0905
0 0.531 0.14875 0.038 0.1415
0 0.58483333 0.46025 0.097 0.1445
0 0.634 0.552 0.026 0.104
0 0.50766667 0.45075 0.002 0.0875
0 0.51933333 0.55325 0.02 0.0905
0 0.5215 0.93 0.08166667 0.14
0 0.7265 0.473 0.035 0.183
0 0.80716667 0.1025 0.01166667 0.105
0 0.72466667 0.0405 0.042 0.078
0 0.836 0.1245 0.01333333 0.093
0 0.82033333 0.03975 0. 0.0795
0 0.8945 0.42525 0.037 0.0635
0 0.9645 0.306 0.02766667 0.046
0 0.96766667 0.4535 0.01266667 0.058
0 0.965 0.6375 0.034 0.059
0 0.41416667 0.4075 0.01433333 0.039
0 0.39883333 0.38675 0.01433333 0.0405
