0 0.92933333 0.8455 0.01533333 0.058
0 0.91066667 0.263 0.03333333 0.097
0 0.93483333 0.22025 0.04233333 0.0605
0 0.943 0.19425 0.05666667 0.0835
0 0.76633333 0.02025 0.03066667 0.0405
0 0.59433333 0.0195 0.026 0.039
0 0.3225 0.155 0.025 0.089
0 0.305 0.1525 0.01533333 0.07
0 0.28333333 0.147 0.044 0.1
0 0.253 0.12675 0.06733333 0.1405
0 0.16183333 0.08425 0.01966667 0.0365
0 0.058 0.159 0.04066667 0.027
0 0.0445 0.091 0.07433333 0.088
0 0.2665 0.36775 0.07633333 0.0565
0 0.27533333 0.351 0.06933333 0.082
0 0.22716667 0.28375 0.03233333 0.0365
0 0.284 0.469 0.04666667 0.086
0 0.07583333 0.66525 0.06366667 0.0175
0 0.12716667 0.63125 0.05833333 0.0015
0 0.169 0.6745 0.04866667 0.023
0 0.59616667 0.49525 0.02433333 0.1175
