0 0.09266667 0.614 0.00533333 0.163
0 0.06116667 0.591 0.03966667 0.028
0 0.02883333 0.59825 0.05766667 0.0405
0 0.0625 0.88075 0.04566667 0.0845
0 0.10283333 0.75275 0.019 0.1415
0 0.10883333 0.62675 0.009 0.1835
0 0.05133333 0.26025 0.02333333 0.0835
0 0.07683333 0.2055 0.00966667 0.069
0 0.00716667 0.386 0.01433333 0.082
0 0.18416667 0.10575 0.06633333 0.0065
0 0.38266667 0.62325 0.07733333 0.0445
0 0.448 0.4825 0.03866667 0.062
0 0.41783333 0.498 0.043 0.007
0 0.66 0.293 0.134 0.05
0 0.83166667 0.69075 0.12133333 0.0525
0 0.959 0.05175 0.08 0.0365
0 0.2175 0.878 0.149 0.082
0 0.17383333 0.93875 0.07433333 0.0335
0 0.208 0.973 0.06 0.024
0 0.02866667 0.88475 0.04133333 0.0715
0 0.03766667 0.963 0.06466667 0.074
0 0.00583333 0.30325 0.01166667 0.0375
0 0.00583333 0.1805 0.01166667 0.043
