0 0.2535 0.43575 0.17766667 0.0105
0 0.46666667 0.315 0.028 0.112
0 0.4935 0.33575 0.017 0.1165
0 0.51216667 0.23925 0.01033333 0.1545
0 0.66916667 0.2855 0.05566667 0.047
0 0.62066667 0.37275 0.078 0.0545
0 0.93583333 0.44625 0.06766667 0.0985
0 0.91966667 0.09775 0.03933333 0.1105
0 0.32516667 0.6105 0.04833333 0.082
0 0.23283333 0.8735 0.04766667 0.123
0 0.20416667 0.84775 0.02833333 0.0955
0 0.195 0.94475 0.07666667 0.1105
0 0.09433333 0.738 0.03333333 0.076
0 0.01866667 0.9075 0.03733333 0.088
0 0.2495 0.97575 0.02833333 0.0485
