0 0.49816667 0.87525 0.01366667 0.1035
0 0.3675 0.71275 0.01233333 0.1025
0 0.351 0.76425 0.044 0.0325
0 0.13516667 0.603 0.07633333 0.09
0 0.10916667 0.5445 0.04433333 0.054
0 0.12533333 0.52575 0.05133333 0.0835
0 0.16583333 0.55925 0.055 0.0515
0 0.09116667 0.347 0.05833333 0.05
0 0.08983333 0.374 0.043 0.047
0 0.039 0.32075 0.062 0.0375
0 0.1935 0.3665 0.05833333 0.046
0 0.33916667 0.50275 0.069 0.0515
0 0.381 0.037 0.002 0.074
0 0.28966667 0.0735 0.008 0.074
0 0.247 0.04975 0.034 0.0995
0 0.225 0.15025 0.05666667 0.1495
0 0.17016667 0.289 0.053 0.085
0 0.22466667 0.41575 0.054 0.0365
0 0.52116667 0.89625 0.025 0.0485
