0 0.33516667 0.27425 0.03966667 0.0415
0 0.31233333 0.32475 0.026 0.0945
0 0.1815 0.16925 0.05566667 0.0605
0 0.20483333 0.19675 0.03033333 0.0595
0 0.25783333 0.6865 0.03566667 0.031
0 0.24133333 0.7495 0.026 0.043
0 0.3105 0.7 0.107 0.112
0 0.3005 0.83475 0.04566667 0.0795
0 0.33033333 0.98125 0.00266667 0.0375
0 0.31433333 0.98325 0. 0.0335
0 0.78116667 0.79375 0.00433333 0.1105
0 0.5755 0.405 0.055 0.077
0 0.601 0.405 0.06466667 0.066
0 0.48666667 0.45225 0.08533333 0.0905
0 0.4075 0.51075 0.087 0.0915
0 0.72016667 0.13225 0.00833333 0.2425
0 0.84233333 0.1805 0.08866667 0.008
0 0.78433333 0.095 0.038 0.02
0 0.86116667 0.277 0.087 0.023
0 0.89133333 0.3295 0.09533333 0.036
0 0.96133333 0.32825 0.054 0.0205
0 0.97883333 0.2615 0.04233333 0.019
0 0.95733333 0.8625 0.026 0.019
0 0.43933333 0.18325 0.02 0.0645
0 0.46283333 0.23875 0.009 0.1105
0 0.96983333 0.08275 0.06033333 0.0175
