0 0.12633333 0.06975 0.05266667 0.1245
0 0.194 0.17275 0.05066667 0.0125
0 0.17583333 0.10675 0.02833333 0.0985
0 0.06416667 0.328 0.08166667 0.035
0 0.07166667 0.48725 0.06866667 0.0075
0 0.214 0.3675 0. 0.08
0 0.30616667 0.27875 0.04433333 0.0275
0 0.3875 0.17125 0.207 0.0155
0 0.51416667 0.1955 0.095 0.012
0 0.53633333 0.244 0.05866667 0.006
0 0.58433333 0.213 0.02333333 0.068
0 0.496 0.5485 0.14333333 0.012
0 0.07933333 0.71825 0.02333333 0.0725
0 0.09083333 0.80075 0.02033333 0.0745
0 0.12316667 0.7 0.01433333 0.155
0 0.28333333 0.69175 0.00933333 0.0985
0 0.67983333 0.87325 0.085 0.0015
0 0.66666667 0.9395 0.06466667 0.003
