0 0.48983333 0.35425 0.067 0.0785
0 0.4775 0.33725 0.04633333 0.0585
0 0.57616667 0.25925 0.05433333 0.0375
0 8.14333333e-01 6.43750000e-01 6.66666667e-04 1.96500000e-01
0 0.794 0.6585 0.01066667 0.171
0 0.77883333 0.55575 0.01833333 0.2095
0 0.83533333 0.54425 0.002 0.0975
0 0.59133333 0.8645 0.00666667 0.152
0 0.57666667 0.815 0.00266667 0.116
0 0.346 0.62625 0.00066667 0.2495
0 0.09933333 0.92475 0.01733333 0.0655
0 0.42283333 0.672 0.145 0.033
0 0.41283333 0.616 0.04966667 0.034
0 0.483 0.5905 0.08533333 0.045
0 0.66783333 0.71275 0.05633333 0.1045
0 0.80766667 0.4965 0.026 0.133
0 0.32316667 0.608 0.021 0.167
