0 0.52016667 0.41525 0.05766667 0.0875
0 0.53316667 0.439 0.05166667 0.101
0 0.593 0.571 0.03533333 0.016
0 0.58683333 0.595 0.033 0.012
0 0.53516667 0.64975 0.021 0.0635
0 0.48516667 0.83975 0.027 0.0945
0 0.70816667 0.75975 0.043 0.0795
0 0.63683333 0.18875 0.05766667 0.0695
0 0.36366667 0.76125 0.016 0.0885
0 0.3705 0.69 0.00966667 0.035
0 0.29866667 0.61975 0.01066667 0.0815
0 0.65416667 0.9135 0.04366667 0.047
0 0.65916667 0.93475 0.035 0.0315
0 0.84183333 0.668 0.03966667 0.007
0 0.67483333 0.5355 0.049 0.024
0 0.48933333 0.05025 0.07533333 0.0265
0 0.48816667 0.0875 0.053 0.002
0 0.7115 0.03725 0.04966667 0.0445
0 0.318 0.255 0.09933333 0.005
0 0.27783333 0.239 0.051 0.011
0 0.45033333 0.76025 0.03466667 0.0685
0 0.952 0.2975 0.02866667 0.043
