0 0.20216667 0.83475 0.133 0.1685
0 0.14733333 0.65025 0.04666667 0.1035
0 0.22816667 0.42325 0.06833333 0.0835
0 0.204 0.36725 0.11866667 0.1655
0 0.2475 0.081 0.11966667 0.011
0 0.186 0.14425 0.13133333 0.0025
0 0.07366667 0.1915 0.13133333 0.105
0 0.053 0.04575 0.088 0.0915
0 0.505 0.15975 0.18333333 0.3115
0 0.50366667 0.11175 0.132 0.2235
0 0.42766667 0.36525 0.03933333 0.0645
0 0.4735 0.481 0.26766667 0.267
0 0.4075 0.9305 0.16966667 0.05
0 0.45366667 0.96025 0.23 0.0715
0 0.56866667 0.808 0.088 0.042
0 0.637 0.73375 0.086 0.1385
0 0.63116667 0.83475 0.09433333 0.0525
0 0.76316667 0.65575 0.04233333 0.0765
0 0.7875 0.65025 0.02966667 0.0685
0 0.81533333 0.53025 0.03866667 0.0955
0 0.885 0.68075 0.02666667 0.0755
0 0.84233333 0.91425 0.046 0.1065
0 0.1545 0.82675 0.06833333 0.0635
