0 0.15516667 0.26125 0.05966667 0.2015
0 0.38583333 0.478 0.105 0.038
0 0.4105 0.406 0.06966667 0.088
0 0.548 0.415 0.082 0.006
0 0.5485 0.4575 0.079 0.024
0 0.699 0.59775 0.07666667 0.0135
0 0.76866667 0.57175 0.02 0.0955
0 0.786 0.5735 0.002 0.105
0 0.8025 0.57175 0.007 0.0955
0 0.804 0.122 0.14933333 0.023
0 0.92916667 0.06975 0.04033333 0.0365
0 0.97416667 0.4825 0.05166667 0.059
0 0.3405 0.515 0.03433333 0.
0 0.4455 0.55825 0.04633333 0.0105
0 0.4975 0.27275 0.10633333 0.0125
0 0.8045 0.8085 0.06766667 0.053
0 0.16966667 0.30925 0.05666667 0.1575
