0 0.3055 0.35375 0.05033333 0.0605
0 0.31533333 0.32625 0.04666667 0.0405
0 0.27816667 0.3725 0.07633333 0.128
0 0.49066667 0.564 0.072 0.088
0 0.51166667 0.56675 0.04933333 0.0525
0 0.51083333 0.516 0.09233333 0.116
0 0.66666667 0.93125 0.068 0.0265
0 0.56383333 0.94675 0.037 0.0095
0 0.40066667 0.9325 0.03933333 0.135
0 0.36033333 0.90775 0.06666667 0.1845
0 0.14466667 0.669 0.24466667 0.082
0 0.727 0.287 0.06466667 0.345
0 0.7255 0.35225 0.019 0.0715
0 0.721 0.562 0.05466667 0.059
0 0.80916667 0.5985 0.04033333 0.086
0 0.788 0.3835 0.02533333 0.349
0 0.774 0.3645 0.024 0.104
0 0.926 0.2945 0.062 0.104
0 0.95366667 0.19475 0.026 0.1035
0 0.9425 0.17325 0.02166667 0.1065
0 0.68016667 0.09975 0.03766667 0.1885
0 0.8265 0.48175 0.00366667 0.1655
0 0.84866667 0.47175 0.00266667 0.0485
0 0.8595 0.45425 0.001 0.0785
0 0.13533333 0.78225 0.08533333 0.1145
0 0.4205 0.07625 0.045 0.1035
