0 0.508 0.17725 0.06933333 0.0285
0 0.3495 0.01 0.16166667 0.02
0 0.45866667 0.2215 0.05333333 0.031
0 0.56733333 0.25125 0.062 0.0175
0 0.59333333 0.27825 0.07466667 0.0285
0 0.66616667 0.399 0.037 0.081
0 0.6455 0.407 0.017 0.051
0 0.63566667 0.43325 0.03333333 0.0715
0 0.70316667 0.47375 0.01166667 0.0445
0 0.58366667 0.65625 0.08 0.0295
0 0.80316667 0.7755 0.05033333 0.104
0 0.93483333 0.872 0.055 0.092
0 0.97033333 0.952 0.04333333 0.066
0 0.99016667 0.94475 0.01966667 0.0435
0 0.80683333 0.98175 0.00366667 0.0365
0 0.071 0.93675 0.11333333 0.0025
0 0.0885 0.62 0.123 0.116
0 0.86083333 0.0215 0.009 0.043
