0 0.33783333 0.405 0.059 0.028
0 0.36516667 0.44275 0.035 0.0395
0 0.30366667 0.41625 0.122 0.1025
0 0.28383333 0.42925 0.06633333 0.0395
0 0.24166667 0.915 0.036 0.038
0 0.32433333 0.7595 0.02666667 0.034
0 0.95283333 0.76425 0.09433333 0.0945
0 0.95016667 0.81275 0.09966667 0.0995
0 0.9285 0.857 0.02966667 0.027
0 0.911 0.835 0.03933333 0.05
0 0.82166667 0.62 0.14466667 0.078
0 0.86116667 0.84025 0.071 0.0065
0 0.88183333 0.79325 0.121 0.0715
0 0.76183333 0.872 0.08633333 0.04
0 0.70483333 0.8645 0.19833333 0.039
