0 0.21483333 0.496 0.045 0.027
0 0.07333333 0.415 0.10333333 0.07
0 0.0185 0.3705 0.037 0.054
0 0.08533333 0.61925 0.038 0.0605
0 0.17433333 0.95275 0.052 0.0945
0 0.27216667 0.97375 0.043 0.0525
0 0.41283333 0.83075 0.04033333 0.0525
0 0.48516667 0.9595 0.029 0.073
0 0.52283333 0.97375 0.027 0.0525
0 0.5585 0.899 0.02966667 0.059
0 0.57666667 0.816 0.02333333 0.085
0 0.64233333 0.746 0.13133333 0.093
0 0.742 0.66775 0.08266667 0.0365
0 0.7225 0.6235 0.09166667 0.012
0 0.6955 0.7675 0.05766667 0.02
0 0.73233333 0.86925 0.05733333 0.0435
0 0.685 0.8855 0.19866667 0.132
0 0.8895 0.2015 0.00566667 0.155
0 0.9255 0.33025 0.07366667 0.0405
0 0.96766667 0.397 0.06266667 0.058
0 0.87233333 0.116 0. 0.105
0 0.6545 0.529 0.037 0.15
0 0.68583333 0.382 0.09433333 0.271
0 0.579 0.2055 0.00266667 0.115
0 0.48233333 0.14775 0. 0.1495
0 0.4255 0.03375 0.00633333 0.0675
0 0.473 0.46975 0.02066667 0.1575
0 0.47533333 0.568 0.00733333 0.069
0 0.49816667 0.54225 0.00633333 0.0795
0 0.4595 0.504 0.01166667 0.132
0 0.43 0.5445 0.01 0.127
0 0.39166667 0.58825 0.04866667 0.0285
0 0.38133333 0.5485 0.044 0.032
0 0.22366667 0.795 0.04866667 0.019
0 0.32883333 0.733 0.043 0.019
0 0.31316667 0.72375 0.069 0.0405
0 0.15083333 0.52975 0.02166667 0.0565
0 0.0455 0.92775 0.071 0.0985
0 0.57416667 0.63275 0.03433333 0.1445
0 0.505 0.7195 0.054 0.054
0 0.59933333 0.5005 0.03066667 0.12
0 0.624 0.496 0.04733333 0.232
0 0.67116667 0.28725 0.045 0.1295
