0 0.40733333 0.645 0.08 0.02
0 0.36383333 0.67925 0.07566667 0.0265
0 0.4155 0.61925 0.177 0.0475
0 0.56516667 0.2265 0.077 0.224
0 0.97383333 0.4885 0.05033333 0.05
0 0.87466667 0.2215 0.03133333 0.101
0 0.91966667 0.15025 0.03333333 0.1035
0 0.66983333 0.324 0.015 0.082
0 0.4465 0.159 0.10233333 0.011
0 0.43316667 0.188 0.133 0.004
0 0.545 0.6935 0.03666667 0.055
0 0.55516667 0.66325 0.03766667 0.0755
0 0.50366667 0.56275 0.04933333 0.0205
0 0.60683333 0.8065 0.04766667 0.069
0 0.64783333 0.775 0.02166667 0.054
0 0.5185 0.06075 0.05566667 0.0595
