0 0.5 0.19675 0.134 0.0255
0 0.5 0.19675 0.134 0.0255
0 0.55233333 0.29 0.10333333 0.024
0 0.75233333 0.04675 0.04 0.0935
0 0.85166667 0.23225 0.036 0.0795
0 0.08516667 0.226 0.03233333 0.311
0 0.02416667 0.54025 0.023 0.2205
0 0.0625 0.6725 0.063 0.026
0 0.11433333 0.671 0.1 0.025
0 0.32416667 0.65425 0.03633333 0.0745
0 0.14433333 0.888 0.024 0.195
0 0.0685 0.71425 0.06166667 0.0135
0 0.10933333 0.71625 0.07 0.0215
0 0.009 0.5745 0.018 0.136
0 0.02116667 0.376 0.04233333 0.027
0 0.0775 0.3615 0.00633333 0.143
0 0.0165 0.13975 0.033 0.0825
0 0.0215 0.228 0.035 0.09
0 0.71533333 0.6955 0. 0.
0 0.77216667 0.72875 0.09166667 0.0425
0 0.2645 0.4255 0.02166667 0.136
0 0.23383333 0.50425 0.06766667 0.0905
0 0.297 0.40625 0.01133333 0.0935
0 0.297 0.40625 0.01133333 0.0935
