0 0.07133333 0.13475 0.03933333 0.0545
0 0.16266667 0.2735 0.06466667 0.071
0 0.06766667 0.3835 0.05066667 0.097
0 0.01166667 0.34 0.02333333 0.065
0 0.22883333 0.0335 0.06566667 0.006
0 0.19733333 0.0765 0.03533333 0.011
0 0.2015 0.09775 0.03966667 0.0165
0 0.2505 0.118 0.081 0.009
0 0.37266667 0.10225 0.07266667 0.1955
0 0.194 0.75075 0.002 0.0595
0 0.32883333 0.6575 0.04366667 0.076
0 0.3425 0.657 0.02833333 0.047
0 0.2385 0.85075 0.03633333 0.2045
0 0.52983333 0.7705 0.04566667 0.035
0 0.55316667 0.7985 0.06366667 0.018
0 0.495 0.85825 0.05466667 0.1075
0 0.70566667 0.87275 0.094 0.0575
0 0.191 0.82875 0.004 0.0635
0 0.13983333 0.8645 0.06766667 0.059
0 0.1545 0.68725 0.05633333 0.0015
0 0.307 0.37825 0.014 0.0955
0 0.256 0.3615 0.03533333 0.05
0 0.5985 0.23325 0.03966667 0.0545
0 0.6115 0.35225 0.06966667 0.0895
0 0.71116667 0.41875 0.089 0.1045
0 0.72016667 0.4865 0.05633333 0.091
0 0.81516667 0.591 0.03033333 0.079
0 0.87216667 0.19475 0.001 0.0655
0 0.85416667 0.262 0.005 0.094
0 0.9065 0.60775 0.005 0.1365
0 0.6025 0.10525 0.05366667 0.0745
0 0.3085 0.25475 0.003 0.0455
