0 0.41233333 0.56075 0.034 0.1345
0 0.49233333 0.75675 0.09866667 0.0685
0 0.55516667 0.814 0.045 0.07
0 0.7085 0.84375 0.06033333 0.0755
0 0.67933333 0.5545 0.052 0.058
0 0.674 0.341 0.04133333 0.237
0 0.6555 0.155 0.02966667 0.194
0 0.65233333 0.056 0.02133333 0.112
0 0.61416667 0.08625 0.02433333 0.1675
0 0.69683333 0.11725 0.035 0.2345
0 0.6865 0.05125 0.01433333 0.1025
0 0.95733333 0.22975 0.00266667 0.1365
0 0.98833333 0.36325 0.02 0.1465
0 0.69766667 0.589 0.134 0.143
0 0.62666667 0.614 0.01333333 0.104
0 0.28383333 0.87725 0.16366667 0.0675
0 0.25516667 0.92125 0.183 0.0985
0 0.19133333 0.98375 0.06666667 0.0325
0 0.0715 0.78825 0.11766667 0.0295
0 0.03866667 0.81475 0.07733333 0.0145
0 0.02383333 0.855 0.04766667 0.012
0 0.03016667 0.5175 0.06033333 0.03
0 0.1015 0.4905 0.04833333 0.027
0 0.02516667 0.454 0.05033333 0.027
0 0.02916667 0.57675 0.051 0.0025
0 0.21383333 0.544 0.03233333 0.031
0 0.517 0.946 0.00266667 0.108
0 0.60066667 0.969 0.008 0.062
0 0.55383333 0.607 0.00433333 0.112
0 0.70883333 0.2165 0.03233333 0.058
0 0.60733333 0.28025 0.016 0.0915
0 0.16 0.34775 0.32 0.1675
0 0.088 0.349 0.052 0.062
0 0.094 0.025 0.12666667 0.023
0 0.04266667 0.04725 0.07666667 0.0245
0 0.04816667 0.062 0.05833333 0.03
0 0.9415 0.2655 0.00166667 0.078
