0 0.05566667 0.10975 0.07066667 0.2195
0 0.02066667 0.081 0.03333333 0.068
0 0.37116667 0.05675 0.08166667 0.0285
0 0.2475 0.45075 0.081 0.0775
0 0.2505 0.544 0.083 0.1
0 0.08483333 0.6765 0.081 0.056
0 0.105 0.6045 0.06466667 0.024
0 0.97566667 0.10775 0.004 0.0545
0 0.956 0.1545 0.01533333 0.067
0 0.649 0.39925 0.04533333 0.0465
0 0.66983333 0.44475 0.03633333 0.0685
0 0.67266667 0.4015 0.07066667 0.106
0 0.654 0.3455 0.092 0.103
0 0.855 0.803 0.04533333 0.1
0 0.85816667 0.86525 0.003 0.0605
0 0.72366667 0.857 0.03533333 0.138
0 0.67383333 0.77425 0.04633333 0.0575
0 0.70866667 0.907 0.03733333 0.15
