0 0.47 0.771 0.018 0.113
0 0.51483333 0.83625 0.029 0.1985
0 0.48866667 0.63825 0.03066667 0.1065
0 0.5135 0.6535 0.00966667 0.07
0 0.5745 0.946 0.00633333 0.108
0 0.64233333 0.9555 0.00733333 0.089
0 0.66083333 0.93925 0.017 0.1025
0 0.6545 0.83575 0.033 0.1645
0 0.66566667 0.81525 0.02866667 0.1295
0 0.703 0.9615 0.026 0.077
0 0.7215 0.94875 0.03233333 0.1025
0 0.863 0.766 0.01866667 0.085
0 0.9035 0.72425 0.017 0.0635
0 0.93116667 0.65375 0.001 0.0945
0 0.99283333 0.876 0.01233333 0.081
0 0.87866667 0.911 0.002 0.178
0 0.85616667 0.9225 0.01433333 0.155
0 0.26866667 0.93525 0.07533333 0.0945
0 0.2315 0.9455 0.053 0.093
0 0.2115 0.85425 0.05833333 0.1455
0 0.13966667 0.7325 0.08 0.228
0 0.154 0.835 0.028 0.058
0 0.1715 0.688 0.00366667 0.117
0 0.21566667 0.7425 0.038 0.143
0 0.235 0.66375 0.02266667 0.0925
0 0.36566667 0.068 0.04866667 0.136
0 0.17483333 0.11325 0.06366667 0.0435
0 0.1455 0.06675 0.133 0.0715
0 0.19366667 0.0155 0.03333333 0.023
0 0.2025 0.23 0.017 0.066
0 0.15633333 0.55925 0.02133333 0.2235
0 0.487 0.96975 0.02 0.0605
0 0.1595 0.9595 0.017 0.081
