0 0.21066667 0.52575 0.02133333 0.1605
0 0.0475 0.0705 0.073 0.114
0 0.11666667 0.387 0.13466667 0.05
0 0.0495 0.51075 0.077 0.1545
0 0.06666667 0.6985 0.10333333 0.136
0 0.05716667 0.5985 0.07366667 0.091
0 0.31766667 0.60975 0.116 0.0255
0 0.3555 0.59525 0.107 0.0455
0 0.80416667 0.9515 0.107 0.058
0 0.92216667 0.8925 0.113 0.118
0 0.94083333 0.82425 0.07766667 0.0875
0 0.23533333 0.037 0.024 0.065
0 0.27533333 0.0425 0.04733333 0.085
0 0.5975 0.059 0.027 0.118
0 0.5945 0.17125 0.007 0.0785
0 0.57766667 0.1835 0.008 0.109
0 0.561 0.05075 0.02733333 0.1015
0 0.651 0.053 0.02933333 0.103
0 0.72333333 0.066 0. 0.132
0 0.96316667 0.44175 0.04966667 0.1195
