0 0.24716667 0.84025 0.05566667 0.0795
0 0.21783333 0.83625 0.02766667 0.0395
0 0.315 0.802 0.098 0.062
0 0.22283333 0.73925 0.01633333 0.0395
0 0.24566667 0.78975 0.03333333 0.0405
0 0.07783333 0.37275 0.11233333 0.0985
0 0.1095 0.0675 0.009 0.086
0 0.39583333 0.09575 0.02433333 0.1185
0 0.44466667 0.03375 0.00733333 0.0675
0 0.44966667 0.1245 0.01533333 0.066
0 0.45466667 0.153 0.01066667 0.082
0 0.77133333 0.886 0.04933333 0.101
0 0.78933333 0.90575 0.06733333 0.1075
0 0.806 0.89875 0.034 0.0755
0 0.75333333 0.80725 0.00466667 0.1615
0 0.85533333 0.42775 0.02666667 0.1685
0 0.85533333 0.568 0.00333333 0.147
0 0.78533333 0.16575 0.01266667 0.1295
0 0.36833333 0.91975 0.036 0.0205
0 0.394 0.9035 0.082 0.066
0 0.28716667 0.96625 0.04233333 0.0675
0 0.251 0.95275 0.044 0.0945
0 0.278 0.942 0.044 0.073
0 0.56016667 0.99 0.051 0.015
