0 0.18283333 0.341 0.05633333 0.291
0 0.25566667 0.31375 0.06466667 0.1575
0 0.314 0.15075 0.202 0.0955
0 0.3385 0.11525 0.109 0.0515
0 0.3575 0.085 0.15566667 0.091
0 0.51816667 0.229 0.19366667 0.106
0 0.57816667 0.2205 0.13233333 0.077
0 0.58233333 0.181 0.116 0.056
0 0.6935 0.229 0.04966667 0.003
0 0.81166667 0.32275 0.18666667 0.0905
0 0.86116667 0.29025 0.05966667 0.0105
0 0.42066667 0.40475 0.01733333 0.1425
0 0.4615 0.59075 0.04033333 0.1485
0 0.42516667 0.8385 0.113 0.071
0 0.5895 0.85675 0.05966667 0.0345
0 0.03133333 0.959 0.05466667 0.082
0 0.49033333 0.256 0.04933333 0.003
