0 0.394 0.37275 0.04666667 0.0065
0 0.36866667 0.43925 0.09066667 0.0425
0 0.02933333 0.4395 0.04466667 0.227
0 0.67583333 0.07875 0.03433333 0.0905
0 0.8505 0.24775 0.02433333 0.0835
0 0.863 0.23875 0.03333333 0.1255
0 0.87633333 0.21825 0.04133333 0.1605
0 0.945 0.46525 0.082 0.2635
0 0.97833333 0.47975 0.03733333 0.0985
0 0.91666667 0.52275 0.05933333 0.1635
0 0.898 0.70225 0.07266667 0.0135
0 0.92933333 0.684 0.14133333 0.032
0 0.83583333 0.61275 0.15433333 0.0925
0 0.897 0.612 0.196 0.109
0 0.64433333 0.76425 0.06466667 0.0865
0 0.52383333 0.5645 0.005 0.068
0 0.4485 0.47425 0.00833333 0.0875
