0 0.651 0.22425 0.04533333 0.0725
0 0.66466667 0.24325 0.08466667 0.1045
0 0.72266667 0.1205 0.05133333 0.18
0 0.956 0.36075 0.04333333 0.2575
0 0.909 0.78775 0.11933333 0.1665
0 0.751 0.906 0.11 0.079
0 0.77266667 0.95925 0.06466667 0.0395
0 0.68483333 0.82275 0.21433333 0.0845
0 0.6575 0.74625 0.16766667 0.0315
0 0.81266667 0.794 0.108 0.003
0 0.9435 0.794 0.05033333 0.07
0 0.896 0.88625 0.06466667 0.0605
0 0.759 0.66525 0.096 0.0575
0 0.359 0.8515 0.098 0.097
0 0.3045 0.78425 0.13233333 0.0955
0 0.36816667 0.59325 0.07566667 0.1985
0 0.66166667 0.7175 0.06066667 0.02
