0 0.06566667 0.2225 0.04266667 0.203
0 0.12533333 0.18725 0.06466667 0.1985
0 0.11016667 0.2915 0.03033333 0.162
0 0.26116667 0.1765 0.07766667 0.171
0 0.247 0.359 0.096 0.176
0 0.248 0.48175 0.03933333 0.0605
0 0.48133333 0.15675 0.02933333 0.0985
0 0.493 0.17875 0.018 0.0815
0 0.58433333 0.047 0.03333333 0.088
0 0.46066667 0.26575 0.13133333 0.0015
0 0.1985 0.693 0.04966667 0.038
0 0.29283333 0.60525 0.099 0.0865
0 0.31916667 0.63025 0.077 0.0575
0 0.18983333 0.7855 0.03433333 0.044
0 0.40716667 0.62125 0.04433333 0.0455
0 0.43333333 0.5545 0.13133333 0.124
0 0.62933333 0.40525 0.07066667 0.1045
0 0.646 0.522 0.05533333 0.147
0 0.63233333 0.6675 0.014 0.162
0 0.67833333 0.84475 0.05533333 0.0925
0 0.71216667 0.8395 0.05233333 0.118
0 0.7525 0.83325 0.03033333 0.0695
0 0.85 0.6235 0.084 0.168
0 0.91816667 0.7885 0.06233333 0.068
0 0.853 0.42575 0.14666667 0.2695
0 0.82383333 0.43725 0.12433333 0.2895
0 0.5385 0.55675 0.095 0.1015
