0 0.11366667 0.22575 0.04733333 0.0065
0 0.7925 0.725 0.09366667 0.03
0 0.87816667 0.93675 0.09966667 0.0595
0 0.8765 0.97225 0.07833333 0.0555
0 0.80866667 0.5365 0.06666667 0.078
0 0.7925 0.40225 0.08633333 0.0335
0 0.81 0.31825 0.12333333 0.0675
0 0.79833333 0.3505 0.134 0.073
0 0.72783333 0.0965 0.06833333 0.02
0 0.63783333 0.52425 0.01966667 0.1345
0 0.53016667 0.2615 0.06633333 0.105
0 0.45833333 0.13275 0.14733333 0.1655
0 0.3415 0.0835 0.06633333 0.124
0 0.98333333 0.2965 0.03333333 0.046
0 0.06483333 0.506 0.09166667 0.066
