0 0.13433333 0.74125 0.08 0.0565
0 0.24616667 0.62525 0.043 0.0375
0 0.05383333 0.7325 0.043 0.088
0 0.0665 0.87875 0.007 0.0835
0 0.36616667 0.80125 0.033 0.0635
0 0.71033333 0.6785 0.008 0.063
0 0.74483333 0.8315 0.00166667 0.086
0 0.90066667 0.8605 0.07466667 0.115
0 0.9425 0.42525 0.08633333 0.0145
0 0.93316667 0.3955 0.04233333 0.007
0 0.96266667 0.32425 0.07466667 0.0985
0 0.752 0.14025 0.05933333 0.0455
0 0.28916667 0.04325 0.03233333 0.0295
0 0.04583333 0.0445 0.009 0.089
0 0.1365 0.62475 0.02166667 0.0525
0 0.55533333 0.43725 0.04866667 0.0285
0 0.28483333 0.188 0.043 0.063
0 0.20483333 0.14075 0.00566667 0.1385
0 0.835 0.36075 0.05666667 0.0175
0 0.553 0.901 0.04933333 0.139
0 0.695 0.5795 0.03133333 0.04
