0 0.1115 0.23725 0.14233333 0.0925
0 0.1025 0.28625 0.09366667 0.0515
0 0.06466667 0.3 0.05466667 0.036
0 0.199 0.34775 0.06866667 0.0775
0 0.27483333 0.359 0.107 0.106
0 0.26866667 0.31375 0.07466667 0.0635
0 0.28883333 0.44475 0.05433333 0.0745
0 0.18883333 0.60075 0.03633333 0.0345
0 0.53533333 0.818 0.008 0.109
0 0.56866667 0.77125 0.012 0.2335
0 0.93733333 0.62025 0.06266667 0.0045
0 0.95516667 0.6795 0.07366667 0.038
0 0.954 0.09175 0.092 0.0165
0 0.91616667 0.166 0.15766667 0.074
0 0.7995 0.135 0.07766667 0.115
0 0.78533333 0.1175 0.082 0.117
0 0.48983333 0.4485 0.05033333 0.112
0 0.48583333 0.7265 0.00633333 0.162
0 0.45266667 0.657 0.004 0.138
0 0.61166667 0.06125 0.01133333 0.1225
