0 0.11516667 0.33425 0.097 0.1135
0 0.2005 0.65675 0.013 0.1285
0 0.17766667 0.737 0.006 0.059
0 0.1855 0.82725 0.003 0.0935
0 0.1495 0.83575 0.00433333 0.1105
0 0.36666667 0.90075 0.10533333 0.0015
0 0.36216667 0.968 0.14033333 0.012
0 0.43933333 0.922 0.12133333 0.02
0 0.90466667 0.75325 0.03133333 0.1485
0 0.85966667 0.622 0.016 0.083
0 0.97933333 0.62725 0.02533333 0.0845
0 0.63333333 0.2925 0.018 0.085
0 0.61816667 0.4305 0.04033333 0.1
0 0.56316667 0.168 0.007 0.109
0 0.81816667 0.89475 0.05833333 0.0045
