0 0.03283333 0.2695 0.031 0.191
0 0.0595 0.39025 0.04033333 0.1135
0 0.4455 0.46675 0.17566667 0.0515
0 0.458 0.55525 0.21933333 0.0655
0 0.50566667 0.6085 0.108 0.038
0 0.40516667 0.8515 0.04233333 0.082
0 0.34583333 0.8265 0.06366667 0.032
0 0.4505 0.87425 0.069 0.0875
0 0.205 0.8455 0.05666667 0.121
0 0.58533333 0.778 0.01333333 0.12
0 0.61566667 0.70375 0.01733333 0.1195
0 0.61466667 0.86075 0.01333333 0.1365
0 0.795 0.7515 0.022 0.07
0 0.68883333 0.41425 0.079 0.2165
0 0.72783333 0.453 0.08166667 0.324
0 0.61366667 0.1175 0.00733333 0.153
0 0.57416667 0.16125 0.009 0.1955
0 0.72716667 0.27425 0.02433333 0.0815
0 0.152 0.05625 0.02333333 0.0575
0 0.93383333 0.37425 0.05366667 0.0515
