0 0.62883333 0.374 0.019 0.06
0 0.538 0.85575 0.03266667 0.116
0 0.54441667 0.895 0.0155 0.052
0 0.53191667 0.981875 0.03116667 0.03625
0 0.47933333 0.943375 0.03333333 0.03675
0 0.17633333 0.47475 0.099 0.0375
0 0.19975 0.5435 0.05083333 0.059
0 0.8905 0.713875 0.05633333 0.00725
0 0.92333333 0.731625 0.04066667 0.04675
0 0.92025 0.682375 0.0495 0.02125
0 0.94741667 0.701125 0.03716667 0.03675
0 0.80291667 0.513875 0.04016667 0.07525
0 0.88508333 0.613125 0.01016667 0.05175
0 0.50175 0.97425 0.00883333 0.0515
