0 0.12983333 0.4635 0.037 0.081
0 0.08666667 0.49325 0.05666667 0.1325
0 0.02916667 0.4085 0.05833333 0.019
0 0.0175 0.665 0.02233333 0.066
0 0.3925 0.7 0.05566667 0.023
0 0.38133333 0.5325 0.044 0.008
0 0.48883333 0.347 0.05033333 0.039
0 0.53283333 0.368 0.03433333 0.035
0 0.40466667 0.21275 0.03133333 0.0485
0 0.168 0.337 0.02333333 0.065
0 0.65816667 0.96225 0.00966667 0.0535
0 0.82666667 0.6165 0.04666667 0.039
0 0.62133333 0.50875 0.05133333 0.0605
0 0.71433333 0.0115 0.05933333 0.004
0 0.46816667 0.6105 0.043 0.005
0 0.85183333 0.94925 0.00166667 0.0525
