0 0.47966667 0.7635 0.02866667 0.104
0 0.48366667 0.73725 0.02066667 0.0915
0 0.5485 0.95975 0.06033333 0.0405
0 0.61583333 0.94325 0.037 0.0025
0 0.67333333 0.872 0.03866667 0.032
0 0.6415 0.67525 0.08966667 0.0485
0 0.72233333 0.748 0.06133333 0.108
0 0.79433333 0.73325 0.07733333 0.0995
0 0.73683333 0.5095 0.08633333 0.016
0 0.77366667 0.2925 0.08266667 0.051
0 0.73816667 0.326 0.04233333 0.081
0 0.68116667 0.33425 0.05033333 0.0055
0 0.49866667 0.42175 0.18133333 0.0375
0 0.54266667 0.50325 0.07933333 0.0175
0 0.376 0.849 0.08 0.302
0 0.30683333 0.864 0.125 0.024
0 0.42183333 0.6355 0.015 0.074
0 0.116 0.971 0.088 0.012
0 0.0575 0.932 0.115 0.015
0 0.96766667 0.7775 0.02866667 0.046
0 0.94466667 0.6045 0.026 0.039
0 0.81183333 0.7885 0.055 0.059
