0 0.33683333 0.4595 0.097 0.092
0 0.29783333 0.46225 0.073 0.0725
0 0.42233333 0.42325 0.06266667 0.0375
0 0.19216667 0.341 0.10233333 0.065
0 0.13033333 0.55725 0.07533333 0.0415
0 0.04766667 0.38625 0.06266667 0.0875
0 0.05216667 0.27025 0.10433333 0.0765
0 0.15633333 0.281 0.07533333 0.039
0 0.208 0.18075 0.028 0.1265
0 0.22016667 0.072 0.061 0.058
0 0.1675 0.01825 0.037 0.0285
0 0.1415 0.023 0.04033333 0.046
0 0.319 0.2055 0.05733333 0.058
0 0.231 0.26425 0.052 0.0245
0 0.1155 0.74275 0.07633333 0.0945
0 0.151 0.76775 0.04333333 0.1415
0 0.25733333 0.791 0.15 0.197
0 0.853 0.56625 0.05666667 0.1725
0 0.88133333 0.6595 0.06666667 0.023
0 0.89483333 0.822 0.06833333 0.14
0 0.9565 0.6395 0.05833333 0.004
0 0.56366667 0.6605 0.03866667 0.054
0 0.24566667 0.62475 0.12133333 0.1255
0 0.05566667 0.795 0.06666667 0.108
