0 0.32883333 0.96825 0.077 0.0635
0 0.17033333 0.86775 0.08533333 0.0565
0 0.34266667 0.17925 0.03866667 0.0165
0 0.68683333 0.3065 0.177 0.12
0 0.63383333 0.18925 0.073 0.0525
0 0.65716667 0.097 0.07833333 0.092
0 0.75166667 0.494 0.05133333 0.015
0 0.7295 0.5315 0.05033333 0.004
0 0.7245 0.5605 0.053 0.027
0 0.91183333 0.6725 0.14366667 0.124
0 0.84366667 0.71025 0.04866667 0.0755
0 0.833 0.775 0.04666667 0.07
0 0.57633333 0.97175 0.05666667 0.0565
0 0.91833333 0.15425 0.10066667 0.0475
0 0.98116667 0.1065 0.03766667 0.03
0 0.89533333 0.089 0.04933333 0.005
0 0.974 0.50075 0.052 0.0255
0 0.90516667 0.51275 0.035 0.0065
0 0.09383333 0.78775 0.02966667 0.0145
