0 0.19183333 0.409 0.01166667 0.193
0 0.20666667 0.2655 0.002 0.07
0 0.159 0.252 0.018 0.164
0 0.14466667 0.4205 0.02333333 0.097
0 0.15583333 0.504 0.03166667 0.216
0 0.20383333 0.5255 0.01433333 0.097
0 0.4815 0.843 0.01633333 0.241
0 5.09000000e-01 9.07000000e-01 6.66666667e-04 1.32000000e-01
0 0.53633333 0.66175 0.016 0.0785
0 0.83783333 0.9075 0.035 0.182
0 0.94866667 0.08175 0.02333333 0.1145
0 0.33966667 0.20425 0.09333333 0.0335
0 0.36433333 0.58575 0.026 0.0875
0 0.31266667 0.34425 0.072 0.2115
