0 0.02933333 0.075 0.05866667 0.105
0 0.0415 0.1735 0.04233333 0.162
0 0.07983333 0.078 0.03233333 0.138
0 0.01416667 0.23475 0.02033333 0.0275
0 0.09083333 0.2515 0.04233333 0.1
0 0.10916667 0.47725 0.05033333 0.0335
0 0.07716667 0.49225 0.06566667 0.0635
0 0.13333333 0.5885 0.04266667 0.044
0 0.17316667 0.57725 0.009 0.0665
0 0.13233333 0.45975 0.06066667 0.2075
0 0.16316667 0.48775 0.05766667 0.1515
0 0.245 0.6115 0.086 0.032
0 0.239 0.73475 0.03133333 0.0605
0 0.28483333 0.70225 0.02633333 0.0075
0 0.11366667 0.67425 0.1 0.0665
0 0.13933333 0.7295 0.006 0.05
0 0.18083333 0.7135 0.04633333 0.097
0 0.19183333 0.79325 0.03833333 0.0895
0 0.03183333 0.85375 0.06366667 0.0655
0 0.03483333 0.9295 0.06966667 0.065
0 0.32016667 0.97425 0.02633333 0.0425
0 0.32216667 0.93275 0.083 0.1075
0 0.2505 0.813 0.01633333 0.044
0 0.22483333 0.52425 0.06966667 0.0455
0 0.31616667 0.5515 0.095 0.067
0 0.27716667 0.4835 0.25966667 0.194
0 0.43133333 0.553 0.014 0.064
0 0.409 0.43175 0.012 0.1185
0 0.308 0.36825 0.13133333 0.1725
0 0.33233333 0.219 0.04066667 0.153
0 0.306 0.29625 0.07866667 0.0775
0 0.3045 0.26425 0.06366667 0.0805
0 0.17016667 0.19025 0.05566667 0.0805
0 0.66983333 0.653 0.02833333 0.073
0 0.656 0.52425 0.02933333 0.0875
0 0.72616667 0.559 0.02433333 0.07
0 0.7475 0.29225 0.02833333 0.1485
0 0.77983333 0.26075 0.01433333 0.1575
0 0.81216667 0.11675 0.02233333 0.1725
0 0.83333333 0.1665 0.008 0.206
0 0.86666667 0.1175 0.002 0.235
0 0.4535 0.0735 0.04033333 0.047
0 0.48233333 0.463 0.05933333 0.062
0 0.61566667 0.54175 0.02933333 0.0985
