0 0.45816667 0.8005 0.025 0.154
0 0.61633333 0.901 0.086 0.198
0 0.72066667 0.75325 0.03066667 0.0995
0 0.67383333 0.96625 0.025 0.0675
0 0.82833333 0.92775 0.11333333 0.0095
0 0.946 0.9325 0.07533333 0.011
0 0.94516667 0.9665 0.07166667 0.
0 0.96583333 0.61725 0.047 0.0725
0 0.89216667 0.44075 0.099 0.0945
0 0.96716667 0.388 0.06566667 0.043
0 0.7085 0.413 0.04233333 0.093
0 0.69683333 0.4145 0.035 0.082
0 0.65816667 0.5235 0.04233333 0.082
0 0.646 0.49125 0.07933333 0.2005
0 0.56066667 0.601 0.02133333 0.086
0 0.51616667 0.6995 0.033 0.067
0 0.27266667 0.905 0.00266667 0.16
0 0.32583333 0.895 0.00633333 0.105
0 0.35266667 0.66425 0.07466667 0.1455
0 0.29966667 0.84775 0.00466667 0.1455
0 0.11583333 0.83825 0.05566667 0.1455
0 0.09666667 0.82075 0.026 0.0755
0 0.02916667 0.8425 0.05833333 0.124
0 0.013 0.932 0.026 0.042
0 0.40533333 0.1145 0.07733333 0.14
0 0.5075 0.064 0.06833333 0.104
0 0.477 0.1805 0.07 0.108
0 0.40483333 0.3915 0.02766667 0.131
0 0.4385 0.33825 0.011 0.0915
0 0.31766667 0.26225 0.044 0.1415
0 0.3245 0.22425 0.03233333 0.0955
0 0.358 0.2655 0.01866667 0.121
0 0.27933333 0.2965 0.02866667 0.084
0 0.17166667 0.0855 0.002 0.039
0 0.1555 0.11775 0.00166667 0.0605
0 0.1735 0.81625 0.079 0.0445
0 0.10866667 0.91575 0.11333333 0.0445
0 0.72366667 0.112 0.05466667 0.027
0 0.83516667 0.331 0.09633333 0.085
0 0.3975 0.1205 0.08966667 0.15
0 0.47216667 0.188 0.07566667 0.109
0 0.497 0.07875 0.07466667 0.0905
0 0.32933333 0.2675 0.04666667 0.165
0 0.354 0.25375 0.02333333 0.0925
0 0.40416667 0.403 0.03033333 0.112
0 0.96116667 0.38475 0.06566667 0.0455
0 0.89533333 0.4485 0.096 0.079
0 0.8385 0.32575 0.093 0.0875
0 0.96366667 0.62425 0.04866667 0.0785
0 0.72066667 0.759 0.03133333 0.124
0 0.62266667 0.891 0.094 0.215
0 0.68333333 0.9545 0.03733333 0.085
0 0.82733333 0.92425 0.12533333 0.0155
0 0.9505 0.9635 0.079 0.003
0 0.954 0.9295 0.076 0.02
0 0.4595 0.7985 0.02833333 0.185
0 0.56 0.6135 0.02333333 0.115
0 0.642 0.4925 0.086 0.218
0 0.70866667 0.42125 0.04733333 0.1155
0 0.6965 0.415 0.04366667 0.106
0 0.11766667 0.84 0.04133333 0.144
0 0.09583333 0.81975 0.03633333 0.1215
0 0.01966667 0.86275 0.03733333 0.0865
0 0.01516667 0.93625 0.03033333 0.0245
0 0.43783333 0.3325 0.005 0.068
