0 0.30233333 0.5075 0.12466667 0.05
0 0.0975 0.6165 0.02633333 0.063
0 0.12583333 0.527 0.01966667 0.062
0 0.0625 0.5775 0.037 0.101
0 0.06066667 0.6455 0.026 0.054
0 0.15266667 0.69075 0.158 0.1795
0 0.172 0.32675 0.02066667 0.0635
0 0.129 0.37 0.03133333 0.077
0 0.09116667 0.43 0.02766667 0.089
0 0.06033333 0.1875 0.02333333 0.089
0 0.03333333 0.04575 0.054 0.0915
0 0.221 0.19675 0.02 0.0515
0 0.2035 0.1995 0.017 0.057
0 0.56016667 0.65075 0.035 0.0565
0 0.67883333 0.752 0.035 0.057
0 0.95733333 0.5055 0.062 0.086
0 0.94416667 0.5715 0.07366667 0.086
0 0.877 0.58975 0.07 0.0795
0 0.81133333 0.54125 0.07933333 0.0365
0 0.7135 0.54575 0.03233333 0.0945
0 0.69766667 0.5485 0.024 0.097
0 0.95016667 0.31725 0.06566667 0.0015
0 0.92633333 0.287 0. 0.059
0 0.376 0.343 0.08333333 0.023
0 0.19533333 0.3565 0.05466667 0.055
0 0.438 0.74275 0.098 0.0135
0 0.46866667 0.77375 0.132 0.0405
0 0.77533333 0.5935 0.03066667 0.066
0 0.79016667 0.63675 0.06033333 0.0365
