0 0.309 0.1955 0.06466667 0.008
0 0.234 0.85725 0.044 0.0945
0 0.17833333 0.7095 0.09066667 0.028
0 0.15866667 0.737 0.07266667 0.035
0 0.05433333 0.2985 0.06733333 0.02
0 0.0225 0.39275 0.045 0.0255
0 0.36616667 0.94675 0.02233333 0.0825
0 0.424 0.94875 0.036 0.1025
0 0.406 0.946 0.018 0.043
0 0.56466667 0.81475 0.04066667 0.1575
0 0.83066667 0.8545 0.22733333 0.005
0 0.8085 0.89625 0.239 0.0105
0 0.69733333 0.96625 0.07733333 0.0675
0 0.7875 0.4285 0.09766667 0.089
0 0.819 0.40775 0.04933333 0.0445
0 0.92583333 0.413 0.07433333 0.128
0 0.90033333 0.2925 0.02533333 0.119
0 0.83516667 0.10575 0.04033333 0.0605
0 0.83866667 0.14825 0.028 0.0435
0 0.84816667 0.17925 0.03033333 0.0215
0 0.86083333 0.21625 0.01966667 0.0065
0 0.43983333 0.368 0.14633333 0.032
0 0.3755 0.40625 0.04833333 0.0255
0 0.3135 0.4535 0.043 0.061
0 0.3355 0.47375 0.04033333 0.0475
