0 0.56066667 0.5715 0.04466667 0.14
0 0.60883333 0.562 0.04766667 0.127
0 0.60433333 0.78375 0.026 0.0715
0 0.66316667 0.3395 0.03966667 0.027
0 0.403 0.25675 0.01733333 0.0525
0 0.26816667 0.132 0.073 0.059
0 0.30466667 0.093 0.02866667 0.038
0 0.156 0.0815 0.01533333 0.074
0 0.07183333 0.79325 0.05233333 0.0605
0 0.37866667 0.6565 0.01866667 0.097
0 0.266 0.967 0.01066667 0.066
0 0.52733333 0.023 0.034 0.046
0 0.331 0.58225 0.008 0.0595
0 0.20716667 0.3875 0.035 0.039
0 0.41866667 0.3375 0.002 0.082
