0 0.24083333 0.723 0.07366667 0.058
0 0.09033333 0.5735 0.15 0.028
0 0.0755 0.59025 0.06633333 0.0025
0 0.08266667 0.52775 0.14733333 0.0685
0 0.12983333 0.531 0.07833333 0.043
0 0.13516667 0.4335 0.01166667 0.066
0 0.1425 0.30925 0.017 0.1685
0 0.32933333 0.13275 0.008 0.1605
0 0.296 0.24675 0.028 0.0865
0 0.34266667 0.57025 0.00266667 0.1185
0 0.29016667 0.77425 0.061 0.0495
0 0.359 0.82525 0.04933333 0.0175
0 0.36966667 0.963 0.008 0.066
0 0.61316667 0.74925 0.055 0.1695
0 0.6825 0.537 0.04033333 0.063
0 0.76233333 0.40025 0.064 0.0865
0 0.86933333 0.82275 0.03333333 0.0335
0 0.8415 0.8235 0.04033333 0.027
0 0.766 0.86675 0.078 0.0295
0 0.818 0.82 0.05666667 0.039
0 0.78116667 0.8255 0.08166667 0.058
0 0.63933333 0.75475 0.026 0.0325
0 0.22866667 0.77425 0.00466667 0.0845
0 0.21666667 0.76025 0.00533333 0.0755
0 0.2165 0.84575 0.007 0.1115
0 0.2435 0.29925 0.025 0.1025
0 0.37766667 0.095 0.03866667 0.115
0 0.4735 0.6685 0.01633333 0.081
