0 0.5555 0.56775 0.04233333 0.1755
0 0.64533333 0.41825 0.064 0.0855
0 0.509 0.26425 0.08533333 0.0435
0 0.52783333 0.19225 0.11366667 0.0605
0 0.35166667 0.0135 0.10066667 0.021
0 0.4765 0.02575 0.08033333 0.0275
0 0.9615 0.143 0.07033333 0.036
0 0.94433333 0.31975 0.10466667 0.0495
0 0.71883333 0.78175 0.06833333 0.0935
0 0.4155 0.79925 0.05766667 0.0785
0 0.4155 0.79925 0.05766667 0.0785
0 0.47416667 0.88925 0.03566667 0.0635
0 0.23583333 0.8275 0.02233333 0.123
0 0.12983333 0.70775 0.07433333 0.0605
0 0.0185 0.1555 0.037 0.001
0 0.7735 0.79675 0.069 0.0935
0 0.76783333 0.59325 0.03366667 0.0855
0 0.64433333 0.3665 0.08466667 0.103
