0 0.1975 0.29775 0.115 0.0645
0 0.25333333 0.37725 0.14733333 0.0725
0 0.31133333 0.47375 0.10333333 0.0395
0 0.23533333 0.562 0.072 0.073
0 0.269 0.57875 0.15 0.1495
0 0.239 0.651 0.16533333 0.167
0 0.14383333 0.593 0.097 0.022
0 0.09833333 0.6025 0.14266667 0.054
0 0.03733333 0.90425 0.07466667 0.0105
0 0.34133333 0.764 0.11866667 0.078
0 0.3665 0.752 0.063 0.043
0 0.3755 0.0735 0.009 0.144
0 0.483 0.6225 0.06733333 0.027
0 0.726 0.924 0.018 0.074
0 0.86016667 0.57675 0.06566667 0.0785
0 0.855 0.669 0.01533333 0.077
0 0.92866667 0.03975 0.098 0.0665
0 0.84366667 0.1185 0.04466667 0.024
