0 0.53366667 0.2225 0.02533333 0.345
0 0.65766667 0.512 0.25533333 0.062
0 0.63883333 0.562 0.23366667 0.07
0 0.77083333 0.64975 0.117 0.0565
0 0.91683333 0.6725 0.14633333 0.027
0 0.8795 0.723 0.08633333 0.109
0 0.73733333 0.812 0.24533333 0.193
0 0.64283333 0.84825 0.14633333 0.1065
0 0.55516667 0.93725 0.03233333 0.1255
0 0.44433333 0.7765 0.02266667 0.159
0 0.53416667 0.6975 0.017 0.074
0 0.58 0.7305 0.04933333 0.051
0 0.06833333 0.0655 0.016 0.101
0 0.0445 0.0405 0.01166667 0.081
0 0.21166667 0.03775 0.08 0.0755
0 0.92816667 0.32275 0.081 0.1195
0 0.978 0.42725 0.042 0.1405
0 0.82933333 0.0675 0.06666667 0.135
