0 0.21833333 0.21225 0.122 0.0845
0 0.22866667 0.26 0.13933333 0.086
0 0.2665 0.312 0.105 0.096
0 0.146 0.23575 0.064 0.0675
0 0.17516667 0.18675 0.151 0.1225
0 0.48433333 0.30925 0.10066667 0.0635
0 0.51483333 0.066 0.043 0.019
0 0.51116667 0.03975 0.045 0.0125
0 0.899 0.3255 0.008 0.071
0 0.91516667 0.35725 0.019 0.0645
0 0.969 0.38725 0.03333333 0.1065
0 0.91783333 0.59775 0.035 0.0415
0 0.87183333 0.87275 0.053 0.0095
0 0.587 0.9435 0.062 0.113
0 0.50716667 0.18675 0.04766667 0.0095
0 0.47966667 0.171 0.09533333 0.035
0 0.9775 0.6415 0.045 0.008
0 0.986 0.659 0.01 0.03
0 0.99316667 0.50875 0.00633333 0.0495
