0 0.3795 0.87525 0.053 0.0955
0 0.36333333 0.80175 0.06733333 0.0215
0 0.48516667 0.86375 0.09366667 0.0915
0 0.45233333 0.93525 0.046 0.0105
0 0.59933333 0.6805 0.16333333 0.167
0 0.64066667 0.676 0.08266667 0.101
0 0.593 0.7675 0.09533333 0.066
0 0.56916667 0.81275 0.04966667 0.0865
0 0.729 0.83775 0.07466667 0.0285
0 0.792 0.8875 0.07666667 0.082
0 0.71116667 0.8105 0.105 0.031
0 0.8545 0.91975 0.063 0.0955
0 0.87116667 0.93525 0.06033333 0.0865
0 0.889 0.93925 0.07466667 0.1025
0 0.9065 0.94825 0.06633333 0.0955
0 0.97533333 0.932 0.01333333 0.093
0 0.97933333 0.82075 0.01066667 0.0915
0 0.9595 0.82475 0.009 0.0785
0 0.8275 0.32875 0.09366667 0.0325
0 0.944 0.355 0.08533333 0.012
0 0.73133333 0.19875 0.11666667 0.0095
0 0.66816667 0.035 0.11233333 0.07
0 0.714 0.037 0.062 0.042
0 0.6155 0.0505 0.10966667 0.088
0 0.43566667 0.053 0.08266667 0.031
0 0.465 0.155 0.114 0.046
0 0.18333333 0.48775 0.06266667 0.0755
0 0.13733333 0.8045 0.08266667 0.016
0 0.02566667 0.839 0.05133333 0.001
0 0.3455 0.9805 0.037 0.039
0 0.14966667 0.372 0.046 0.051
0 0.12083333 0.6685 0.109 0.027
0 0.42 0.7135 0.14466667 0.012
0 0.39433333 0.73725 0.06466667 0.0215
0 0.73083333 0.61175 0.035 0.0595
0 0.77983333 0.969 0.05566667 0.062
0 0.7965 0.08275 0.04033333 0.0955
0 0.86566667 0.13675 0.062 0.0985
0 0.5585 0.19125 0.053 0.0565
0 0.51433333 0.2655 0.026 0.054
