0 0.0355 0.4805 0.055 0.031
0 0.15233333 0.39425 0.01866667 0.0955
0 0.3555 0.25075 0.02966667 0.0725
0 0.54583333 0.09825 0.037 0.0675
0 0.70183333 0.176 0.027 0.042
0 0.73083333 0.36375 0.053 0.0995
0 0.81083333 0.3895 0.07633333 0.1
0 0.7175 0.4535 0.04766667 0.034
0 0.63833333 0.49325 0.01533333 0.0805
0 0.66483333 0.4695 0.01433333 0.058
0 0.614 0.5295 0.008 0.046
0 0.58183333 0.583 0.053 0.031
0 0.58583333 0.62875 0.061 0.0365
0 0.513 0.71075 0.06266667 0.0175
0 0.566 0.9495 0.02866667 0.098
0 0.6605 0.8235 0.045 0.081
0 0.62983333 0.9165 0.00566667 0.046
0 0.60916667 0.8255 0.01233333 0.05
0 0.71283333 0.678 0.04233333 0.
0 0.96533333 0.52575 0.06933333 0.0135
0 0.875 0.95025 0.04666667 0.0375
0 0.88183333 0.977 0.04766667 0.024
0 0.885 0.913 0.03066667 0.069
0 0.33366667 0.9555 0.02066667 0.089
0 0.24216667 0.758 0.08166667 0.007
0 0.266 0.78225 0.06666667 0.0065
0 0.22416667 0.7985 0.069 0.009
0 0.134 0.77025 0.08266667 0.0335
0 0.165 0.6995 0.062 0.019
0 0.19133333 0.6825 0.02533333 0.042
0 0.07133333 0.66375 0.132 0.0255
0 0.05033333 0.61125 0.08066667 0.0205
0 0.01433333 0.7255 0.02866667 0.031
0 0.26233333 0.72775 0.16 0.0185
0 0.3505 0.388 0.09166667 0.043
0 0.28166667 0.43525 0.05133333 0.0165
0 0.3175 0.35375 0.15366667 0.0365
0 0.35316667 0.366 0.079 0.039
0 0.23766667 0.4185 0.024 0.185
0 0.284 0.5755 0.08266667 0.154
0 0.30716667 0.512 0.061 0.019
0 0.45733333 0.2075 0.04466667 0.03
0 0.31533333 0.05525 0.002 0.0835
0 0.20766667 0.38 0.018 0.073
0 0.16583333 0.2815 0.04566667 0.008
0 0.76233333 0.51225 0.05133333 0.0025
0 0.71066667 0.54175 0.06266667 0.0215
0 0.717 0.56125 0.08266667 0.0145
