0 0.17416667 0.79475 0.26366667 0.1685
0 0.1565 0.72575 0.097 0.0725
0 0.16366667 0.68625 0.06466667 0.0665
0 0.08283333 0.64325 0.02433333 0.1015
0 0.13583333 0.5 0.05366667 0.03
0 0.12233333 0.4765 0.05666667 0.02
0 0.08983333 0.41 0.04833333 0.035
0 0.153 0.43725 0.04533333 0.0075
0 0.211 0.35475 0.2 0.0515
0 0.3485 0.403 0.14366667 0.018
0 0.32666667 0.46125 0.096 0.0045
0 0.37216667 0.488 0.11233333 0.015
0 0.49233333 0.46725 0.01933333 0.0865
0 0.46316667 0.49025 0.007 0.0775
0 0.47116667 0.43625 0.021 0.0725
0 0.401 0.328 0.10933333 0.144
0 0.23183333 0.172 0.08366667 0.177
0 0.26866667 0.12125 0.028 0.0575
0 0.22866667 0.066 0.03133333 0.068
0 0.56366667 0.77575 0.08066667 0.1305
0 0.91016667 0.46975 0.04833333 0.2275
0 0.95966667 0.2895 0.06266667 0.194
0 0.96866667 0.6485 0. 0.082
