0 0.4965 0.54775 0.07633333 0.1305
0 0.51133333 0.6205 0.036 0.066
0 0.4595 0.69625 0.08366667 0.0985
0 0.242 0.6575 0.062 0.089
0 0.23583333 0.74875 0.05833333 0.1175
0 0.213 0.8505 0.04133333 0.07
0 0.13116667 0.79525 0.05766667 0.0105
0 0.088 0.3195 0.108 0.024
0 0.20516667 0.0525 0.071 0.046
0 0.3275 0.382 0.02766667 0.074
0 0.43983333 0.09575 0.001 0.1345
0 0.68516667 0.2325 0.089 0.001
0 0.769 0.192 0.22466667 0.036
0 0.6545 0.19475 0.04766667 0.0495
0 0.615 0.248 0.05466667 0.016
0 0.61233333 0.30725 0.05666667 0.0455
0 0.9155 0.84025 0.07366667 0.1655
0 0.73766667 0.651 0.03933333 0.086
0 0.54316667 0.94675 0.13766667 0.1065
0 0.05133333 0.8565 0.07733333 0.02
0 0.261 0.459 0.08733333 0.093
