0 0.24033333 0.40975 0.042 0.1155
0 0.26783333 0.52425 0.03233333 0.1105
0 0.07233333 0.7655 0.08333333 0.178
0 0.13383333 0.2385 0.10233333 0.043
0 0.19366667 0.277 0.09066667 0.055
0 0.28083333 0.12325 0.06566667 0.0065
0 0.04266667 0.1235 0.08533333 0.023
0 0.02383333 0.105 0.04766667 0.035
0 0.36933333 0.09625 0.13133333 0.0365
0 0.47566667 0.2965 0.01333333 0.105
0 0.41883333 0.297 0.05033333 0.058
0 0.3665 0.43 0.079 0.108
0 0.36666667 0.46425 0.054 0.0745
0 0.49183333 0.85625 0.001 0.0795
0 0.43616667 0.52825 0.02233333 0.0645
0 0.60333333 0.6025 0.026 0.073
0 0.5755 0.73025 0.037 0.1645
0 0.58666667 0.51675 0.02333333 0.0685
0 0.60333333 0.515 0.046 0.097
0 0.70116667 0.53575 0.04033333 0.0685
0 0.74833333 0.51875 0.07533333 0.1565
0 0.95016667 0.77225 0.09433333 0.0055
0 0.75433333 0.081 0.152 0.019
0 0.349 0.38 0.03133333 0.032
