0 0.03533333 0.2955 0.07066667 0.
0 0.093 0.41125 0.13133333 0.0045
0 0.05316667 0.475 0.06166667 0.023
0 0.31516667 0.43025 0.26233333 0.1155
0 0.07533333 0.64175 0.15066667 0.0225
0 0.26816667 0.88275 0.08766667 0.0955
0 0.32116667 0.68575 0.05033333 0.0865
0 0.33183333 0.65075 0.04166667 0.0565
0 0.53383333 0.8985 0.009 0.191
0 0.63483333 0.85225 0.017 0.1165
0 0.68333333 0.1075 0.05533333 0.215
0 0.648 0.1165 0.04333333 0.206
0 0.63383333 0.27975 0.019 0.1925
0 0.67733333 0.334 0.03533333 0.223
0 0.5565 0.2645 0.083 0.065
0 0.92566667 0.10525 0.03933333 0.1135
0 0.709 0.6455 0.012 0.1
0 0.17016667 0.16075 0.05966667 0.0425
0 0.148 0.10075 0.092 0.0655
