0 0.3905 0.39475 0.01166667 0.0995
0 0.382 0.337 0.018 0.094
0 0.35366667 0.21075 0.026 0.0635
0 0.25333333 0.552 0.06266667 0.004
0 0.17516667 0.779 0.061 0.094
0 0.17933333 0.8195 0.05133333 0.062
0 0.10066667 0.9475 0.07533333 0.008
0 0.031 0.9635 0.00266667 0.073
0 0.07366667 0.5285 0.05 0.027
0 0.0635 0.494 0.053 0.02
0 0.05166667 0.463 0.05666667 0.028
0 0.02916667 0.42675 0.051 0.0175
0 0.15633333 0.30075 0.02866667 0.0835
0 0.15666667 0.349 0.06733333 0.151
0 0.48283333 0.17325 0.019 0.1495
0 0.52733333 0.258 0.02333333 0.139
0 0.601 0.297 0.00733333 0.093
0 0.49633333 0.3665 0.05133333 0.038
0 0.47216667 0.467 0.06033333 0.015
0 0.60466667 0.8355 0.06133333 0.089
0 0.5705 0.79375 0.06633333 0.0805
0 0.63466667 0.96075 0.01 0.0675
0 0.67433333 0.614 0.03133333 0.042
0 0.79466667 0.574 0.042 0.113
0 0.783 0.79025 0.04733333 0.1415
0 0.7665 0.90625 0.009 0.0765
0 0.82066667 0.905 0.028 0.069
0 0.04083333 0.5155 0.08166667 0.02
0 0.06833333 0.812 0.054 0.061
0 0.33616667 0.975 0.009 0.05
0 0.9465 0.30925 0.04233333 0.0525
0 0.596 0.15025 0.026 0.1195
