0 0.41966667 0.52425 0.18333333 0.0945
0 0.5055 0.515 0.04033333 0.035
0 0.55433333 0.49875 0.002 0.1025
0 0.56866667 0.551 0.034 0.062
0 0.58033333 0.5135 0.00733333 0.086
0 0.6505 0.52425 0.065 0.0295
0 0.66583333 0.49525 0.05033333 0.0475
0 0.6645 0.4695 0.037 0.039
0 0.69583333 0.5965 0.06366667 0.012
0 0.56516667 0.87475 0.14366667 0.0055
0 0.54666667 0.9105 0.20733333 0.004
0 0.5795 0.932 0.151 0.007
0 0.54183333 0.9745 0.08433333 0.051
0 0.22333333 0.16725 0.07266667 0.0135
0 0.3105 0.159 0.053 0.019
0 0.28583333 0.0235 0.027 0.047
0 0.4645 0.19 0.03766667 0.062
0 0.4025 0.642 0.07033333 0.039
0 0.35 0.64625 0.042 0.0065
0 0.3015 0.73925 0.06566667 0.0825
0 0.324 0.7535 0.06733333 0.078
0 0.28133333 0.854 0.05933333 0.093
0 0.185 0.9245 0.036 0.086
0 0.14366667 0.9015 0.03066667 0.078
0 0.20666667 0.796 0.02666667 0.074
0 0.17516667 0.77825 0.045 0.1415
0 0.10366667 0.72525 0.062 0.0215
0 0.02466667 0.73375 0.04933333 0.0175
0 0.027 0.75875 0.054 0.0165
0 0.08033333 0.63225 0.044 0.0135
0 0.132 0.49725 0.03066667 0.0805
0 0.11733333 0.49675 0.026 0.0635
0 0.13566667 0.9745 0.02133333 0.051
0 0.26183333 0.925 0.04766667 0.093
0 0.4335 0.488 0.10166667 0.051
0 0.55666667 0.3935 0.116 0.086
0 0.61983333 0.438 0.08633333 0.054
0 0.57183333 0.4245 0.051 0.03
0 0.978 0.41925 0.044 0.0025
0 0.40983333 0.0195 0.05033333 0.039
