0 0.21433333 0.22925 0.01533333 0.0835
0 0.10833333 0.316 0.01533333 0.128
0 0.1325 0.34025 0.017 0.0765
0 0.0915 0.34725 0.009 0.0525
0 0.22416667 0.39475 0.05633333 0.0025
0 0.27216667 0.38875 0.06833333 0.0335
0 0.29733333 0.35725 0.034 0.0215
0 0.28433333 0.31475 0.01733333 0.0145
0 0.44533333 0.308 0.08533333 0.023
0 0.31816667 0.2575 0.063 0.011
0 0.32516667 0.2745 0.14366667 0.031
0 0.42366667 0.517 0.06533333 0.012
0 0.4475 0.477 0.03966667 0.019
0 0.421 0.53725 0.06 0.0175
0 0.09666667 0.992 0.07266667 0.008
0 0.6055 0.50075 0.045 0.0335
0 0.68683333 0.4865 0.13033333 0.051
0 0.79833333 0.3995 0.09066667 0.02
0 0.74916667 0.3895 0.115 0.019
0 0.69366667 0.19525 0.018 0.0835
0 0.73266667 0.07475 0.03333333 0.0985
0 0.77683333 0.1525 0.08366667 0.
0 0.83366667 0.4745 0.036 0.054
0 0.806 0.4515 0.04666667 0.062
0 0.704 0.7735 0.028 0.089
0 0.681 0.767 0.02133333 0.081
0 0.65766667 0.855 0.01466667 0.128
0 0.50183333 0.979 0.04566667 0.042
0 0.34733333 0.90225 0.044 0.0685
0 0.34783333 0.9455 0.07366667 0.101
0 0.899 0.89025 0.062 0.0765
0 0.938 0.87 0.068 0.104
0 0.98666667 0.4765 0.018 0.074
0 0.96233333 0.3625 0.07533333 0.005
0 0.34633333 0.34975 0.05466667 0.0045
0 0.782 0.43675 0.062 0.0325
