0 0.46216667 0.2965 0.02433333 0.078
0 0.4475 0.31925 0.03966667 0.0945
0 0.52383333 0.18925 0.05566667 0.0175
0 0.492 0.15975 0.02066667 0.0635
0 0.47983333 0.14225 0.025 0.0475
0 0.8395 0.3005 0.017 0.113
0 0.8315 0.368 0.00433333 0.089
0 0.77133333 0.9765 0.01866667 0.047
0 0.526 0.7385 0.046 0.065
0 0.6815 0.44325 0.06366667 0.0295
0 0.62716667 0.7655 0.03233333 0.073
0 0.42083333 0.16575 0.02966667 0.1155
0 0.94566667 0.44 0.046 0.02
0 0.89483333 0.17025 0.01433333 0.0445
0 0.814 0.114 0.06266667 0.015
