0 0.2875 0.46175 0.07033333 0.0095
0 0.394 0.44725 0.10333333 0.0135
0 0.46766667 0.4035 0.026 0.05
0 0.4565 0.4885 0.043 0.09
0 0.43933333 0.566 0.01466667 0.062
0 0.7085 0.31475 0.053 0.2005
0 0.713 0.223 0.02266667 0.066
0 0.784 0.07875 0.06733333 0.0985
0 0.83916667 0.2285 0.05366667 0.125
0 0.87866667 0.233 0.034 0.124
0 0.9425 0.12525 0.079 0.0325
0 0.88133333 0.622 0.04133333 0.112
0 0.8865 0.698 0.02966667 0.081
0 0.92233333 0.63875 0.03133333 0.1105
0 0.93 0.41575 0.02866667 0.0905
0 0.90083333 0.4555 0.02433333 0.092
0 0.9735 0.3625 0.03166667 0.073
0 0.96083333 0.76825 0.07833333 0.1075
0 0.56566667 0.959 0.044 0.082
0 0.50083333 0.72025 0.017 0.0905
0 0.21966667 0.355 0.12133333 0.058
0 0.251 0.16375 0.062 0.0635
0 0.13833333 0.0625 0.07933333 0.101
0 0.09166667 0.223 0.01266667 0.093
0 0.04616667 0.26425 0.04033333 0.0645
0 0.02416667 0.31525 0.04033333 0.0645
0 0.1555 0.866 0.05766667 0.09
0 0.14066667 0.843 0.08 0.128
0 0.21283333 0.917 0.009 0.147
0 0.13116667 0.96425 0.02366667 0.0715
0 0.24983333 0.75125 0.02166667 0.0445
0 0.24583333 0.73775 0.02233333 0.0335
0 0.53416667 0.98125 0.02966667 0.0375
0 0.45516667 0.90825 0.035 0.0755
0 0.753 0.65225 0.02333333 0.0245
0 0.70066667 0.6745 0.05933333 0.007
0 0.15 0.70825 0.06266667 0.1035
0 0.13933333 0.75825 0.034 0.0635
0 0.09566667 0.66975 0.03866667 0.0865
