0 0.03633333 0.6475 0.026 0.096
0 0.39666667 0.49675 0.026 0.0685
0 0.33516667 0.3815 0.03033333 0.073
0 0.44016667 0.448 0.03766667 0.112
0 0.47216667 0.5175 0.04233333 0.057
0 0.814 0.76975 0.056 0.0755
0 0.72966667 0.67375 0.052 0.0755
0 0.69016667 0.558 0.009 0.051
0 0.66483333 0.504 0.011 0.051
0 0.601 0.4035 0.01266667 0.074
0 0.56783333 0.271 0.025 0.097
0 0.5175 0.19325 0.03966667 0.1225
0 0.496 0.19 0.036 0.1
0 0.56516667 0.38475 0.01633333 0.0525
0 0.51666667 0.56875 0.018 0.0785
0 0.49866667 0.55775 0.01466667 0.0755
0 0.78166667 0.0985 0.072 0.051
0 0.716 0.091 0.072 0.05
0 0.77533333 0.90625 0.04666667 0.0175
0 0.864 0.23975 0.008 0.1265
0 0.85766667 0.1435 0.028 0.117
0 0.51266667 0.49875 0.01333333 0.0755
