0 0.403 0.2445 0.00266667 0.101
0 0.38866667 0.1935 0.00466667 0.101
0 0.35183333 0.19425 0.001 0.1295
0 0.32983333 0.36875 0.03233333 0.2225
0 0.24066667 0.4905 0.142 0.078
0 0.1865 0.7205 0.089 0.05
0 0.17833333 0.957 0.062 0.046
0 0.054 0.686 0.036 0.089
0 0.0405 0.54925 0.03233333 0.0635
0 0.08933333 0.5255 0.05133333 0.043
0 0.0625 0.09575 0.089 0.0135
0 0.13383333 0.07275 0.05566667 0.0105
0 0.11716667 0.12525 0.07633333 0.0025
0 0.07 0.1665 0.11333333 0.031
0 0.84783333 0.16725 0.11233333 0.1455
0 0.87233333 0.04775 0.04666667 0.0825
0 0.84183333 0.037 0.03966667 0.066
0 0.89083333 0.221 0.06033333 0.057
0 0.9415 0.69425 0.05566667 0.0485
0 0.83233333 0.90975 0.116 0.1535
0 0.78616667 0.8045 0.14366667 0.194
0 0.88866667 0.556 0.04133333 0.077
0 0.837 0.5565 0.114 0.148
0 0.48166667 0.75075 0.03066667 0.0675
0 0.50983333 0.744 0.01166667 0.043
0 0.43216667 0.62875 0.08833333 0.1845
0 0.331 0.53425 0.24333333 0.0445
0 0.394 0.4925 0.06533333 0.015
0 0.39533333 0.46425 0.04133333 0.0095
0 0.36533333 0.44475 0.03866667 0.0055
0 0.345 0.48575 0.06133333 0.0175
0 0.45316667 0.548 0.04233333 0.058
0 0.23716667 0.376 0.03766667 0.043
0 0.275 0.3295 0.106 0.085
0 0.66883333 0.24325 0.053 0.0765
0 0.65983333 0.1515 0.06033333 0.066
