0 0.5355 0.40925 0.06966667 0.0695
0 0.56033333 0.3965 0. 0.
0 0.602 0.40975 0.074 0.0145
0 0.63383333 0.4535 0.06633333 0.001
0 0.64266667 0.54675 0.08666667 0.0365
0 0.74066667 0.5745 0.002 0.156
0 0.81183333 0.6065 0.131 0.025
0 0.958 0.477 0.03266667 0.153
0 0.902 0.16875 0.05533333 0.1055
0 0.85233333 0.224 0.05666667 0.122
0 0.78816667 0.25425 0.033 0.1885
0 0.16416667 0.88575 0.037 0.0685
0 0.111 0.8475 0.09733333 0.018
0 0.03816667 0.9025 0.035 0.063
0 0.492 0.805 0. 0.118
0 5.19666667e-01 6.90750000e-01 6.66666667e-04 8.45000000e-02
0 0.6835 0.63225 0.07166667 0.0205
0 0.6835 0.63225 0.07166667 0.0205
0 0.89066667 0.81075 0.11133333 0.0735
0 0.864 0.7055 0.096 0.01
0 0.91183333 0.6575 0.16433333 0.002
0 0.96783333 0.681 0.05366667 0.003
0 0.94766667 0.76675 0.04 0.1035
0 0.97716667 0.8215 0.04566667 0.052
0 0.98416667 0.3635 0.03166667 0.044
0 0.43583333 0.22125 0.053 0.0685
0 0.601 0.34625 0.092 0.0545
0 0.65266667 0.41725 0.068 0.0195
0 0.76233333 0.297 0.01733333 0.141
0 0.741 0.18875 0.01466667 0.0695
0 0.30033333 0.67825 0.02066667 0.0695
0 0.28216667 0.66675 0.03033333 0.0635
0 0.20516667 0.40975 0.049 0.1735
