0 0.47483333 0.9075 0.071 0.039
0 0.51716667 0.83175 0.04033333 0.0135
0 0.52283333 0.81275 0.01966667 0.0055
0 0.52416667 0.787 0.04233333 0.011
0 0.597 0.946 0.02266667 0.108
0 0.6385 0.6905 0.04766667 0.066
0 0.72466667 0.25475 0.01533333 0.0865
0 0.7125 0.07825 0.011 0.1565
0 0.63083333 0.1085 0.02166667 0.187
0 0.11183333 0.4765 0.055 0.058
0 0.036 0.52625 0.072 0.0205
0 0.04983333 0.59775 0.00966667 0.0985
0 0.02416667 0.61725 0.02166667 0.0995
0 0.10883333 0.6685 0.027 0.078
0 0.32966667 0.86525 0.05933333 0.0945
0 0.7775 0.944 0.01166667 0.061
0 0.84816667 0.384 0.007 0.121
0 0.7165 0.354 0.01166667 0.066
