0 0.46 0.234 0.02133333 0.066
0 0.42416667 0.15375 0.02166667 0.0995
0 0.53366667 0.22825 0.02533333 0.0255
0 0.6465 0.10775 0.04566667 0.0485
0 0.71116667 0.56 0.037 0.053
0 0.6985 0.56675 0.037 0.0525
0 0.6375 0.971 0.00633333 0.058
0 0.74083333 0.946 0.03166667 0.043
0 0.96316667 0.50525 0.07366667 0.0485
0 0.9325 0.4745 0.02166667 0.051
0 0.96583333 0.47175 0.063 0.0295
0 0.55033333 0.217 0.026 0.065
0 0.532 0.20075 0.04666667 0.0805
0 0.51983333 0.2795 0.00633333 0.047
0 0.04766667 0.5595 0.09533333 0.008
0 0.06016667 0.30725 0.07033333 0.0325
0 0.495 0.963 0.08266667 0.031
0 0.55383333 0.771 0.04566667 0.019
0 0.8925 0.665 0.053 0.023
0 0.043 0.5545 0.086 0.012
0 0.4575 0.23475 0.01633333 0.0695
0 0.42716667 0.1605 0.03033333 0.082
0 0.6455 0.10925 0.03833333 0.0455
0 0.71266667 0.56 0.03133333 0.047
0 0.7 0.57275 0.03866667 0.0455
0 0.94833333 0.48625 0.06466667 0.0695
