0 0.28516667 0.394 0.11766667 0.128
0 0.243 0.33 0.08333333 0.194
0 0.32116667 0.1805 0.05833333 0.078
0 0.42133333 0.128 0.03066667 0.038
0 0.2655 0.196 0.08166667 0.09
0 0.22233333 0.26025 0.044 0.0915
0 0.18283333 0.4845 0.01166667 0.117
0 0.23533333 0.51275 0.05733333 0.0635
0 0.28533333 0.55 0.04933333 0.054
0 0.3005 0.63275 0.02233333 0.1815
0 0.22866667 0.9265 0.06733333 0.015
0 0.031 0.209 0.05133333 0.
0 0.52116667 0.5525 0.007 0.178
0 0.59533333 0.38 0.08533333 0.035
0 0.62833333 0.252 0.02066667 0.04
0 0.60816667 0.2855 0.03233333 0.062
0 0.76916667 0.35925 0.009 0.0765
0 0.6945 0.3045 0.007 0.078
0 0.39133333 0.4205 0.01 0.089
0 0.57633333 0.53025 0.008 0.0795
