0 0.103 0.0705 0.206 0.038
0 0.07266667 0.10075 0.11533333 0.0405
0 0.2015 0.1205 0.011 0.059
0 0.18533333 0.3235 0.03333333 0.289
0 0.213 0.8515 0.06866667 0.188
0 0.2015 0.81 0.06566667 0.165
0 0.141 0.96675 0.03933333 0.0665
0 0.348 0.84925 0.05733333 0.0565
0 0.28633333 0.953 0.04133333 0.094
0 0.28533333 0.89775 0.03533333 0.0595
0 0.3945 0.89475 0.05366667 0.0195
0 0.48533333 0.9545 0.26133333 0.076
0 0.547 0.916 0.102 0.02
0 0.6475 0.91 0.113 0.041
0 0.46016667 0.98475 0.07966667 0.0275
0 0.47166667 0.8235 0.05266667 0.041
0 0.50616667 0.8105 0.107 0.073
0 0.54883333 0.81525 0.13433333 0.0755
0 0.864 0.944 0.1 0.103
0 0.902 0.8855 0.08666667 0.074
0 0.76416667 0.77975 0.199 0.2015
0 0.86616667 0.343 0.197 0.053
0 0.956 0.81425 0.02733333 0.1015
