0 0.22633333 0.59475 0.08066667 0.2315
0 0.22483333 0.51725 0.07766667 0.2075
0 0.17783333 0.57275 0.05233333 0.0815
0 0.454 0.5585 0.05733333 0.035
0 0.77133333 0.8295 0.108 0.083
0 0.952 0.61525 0.08 0.0365
0 0.97016667 0.56525 0.05966667 0.0245
0 0.87733333 0.6175 0.102 0.032
0 0.70616667 0.5265 0.04033333 0.035
0 0.68533333 0.391 0.02733333 0.088
0 0.58483333 0.27425 0.05633333 0.2275
0 0.587 0.11675 0.06866667 0.2305
0 0.63166667 0.21275 0.03533333 0.0985
0 0.60466667 0.1045 0.02933333 0.085
0 0.53133333 0.06875 0.02 0.1015
0 0.548 0.26825 0.04933333 0.0185
0 0.52716667 0.278 0.03033333 0.008
