0 0.17483333 0.11375 0.107 0.0095
0 0.20216667 0.18175 0.05766667 0.0405
0 0.1455 0.25125 0.09366667 0.0685
0 0.14783333 0.47925 0.04966667 0.0955
0 0.09483333 0.39075 0.04566667 0.0595
0 0.06916667 0.83625 0.061 0.0765
0 0.05383333 0.96225 0.03766667 0.0755
0 0.20833333 0.7075 0.07 0.024
0 0.21833333 0.66725 0.09733333 0.0325
0 0.5755 0.37325 0.08366667 0.0755
0 0.523 0.17925 0.08266667 0.0915
0 0.48933333 0.14975 0.15733333 0.1885
0 0.52466667 0.0565 0.052 0.073
0 0.7435 0.5215 0.09633333 0.148
0 0.78216667 0.5035 0.06566667 0.112
0 0.79333333 0.51075 0.06666667 0.1155
0 0.63783333 0.6185 0.05766667 0.062
0 0.748 0.88875 0.05133333 0.2225
0 8.33333333e-01 7.54000000e-01 6.66666667e-04 1.23000000e-01
0 0.66166667 0.94325 0.00466667 0.0755
0 0.42216667 0.8605 0.01433333 0.147
0 0.31216667 0.68075 0.06366667 0.1025
0 0.4775 0.64625 0.07633333 0.0985
0 0.45233333 0.60225 0.096 0.0485
0 0.29733333 0.33825 0.04133333 0.0325
0 0.911 0.025 0.04866667 0.05
