0 0.27483333 0.19875 0.10966667 0.0555
0 0.33466667 0.0465 0.07666667 0.093
0 0.25333333 0.0135 0.03066667 0.027
0 0.08 0.2285 0.11666667 0.055
0 0.02733333 0.233 0.05466667 0.035
0 0.0485 0.62275 0.097 0.0595
0 0.0165 0.79975 0.02433333 0.0555
0 0.12933333 0.57425 0.08066667 0.0215
0 0.20433333 0.5875 0.05666667 0.019
0 0.08483333 0.5545 0.02233333 0.047
0 0.37416667 0.8585 0.01166667 0.17
0 0.3765 0.9575 0.01966667 0.085
0 0.88233333 0.86725 0.01266667 0.1335
0 0.938 0.24475 0.11866667 0.1225
0 0.8905 0.093 0.01433333 0.04
0 0.85266667 0.03575 0.02133333 0.0495
0 0.8135 0.02225 0.01166667 0.0445
0 0.71066667 0.14625 0.088 0.0065
0 0.58633333 0.1475 0.116 0.023
0 0.55583333 0.07975 0.07633333 0.0135
0 0.50366667 0.14475 0.05666667 0.0095
0 0.47216667 0.12325 0.04966667 0.0015
0 0.45133333 0.18325 0.08533333 0.1135
0 0.38183333 0.1915 0.061 0.081
0 0.39216667 0.27225 0.073 0.0725
0 0.59033333 0.21175 0.07 0.0755
0 0.51933333 0.25675 0.054 0.0065
0 0.61366667 0.4115 0.02133333 0.128
0 0.6325 0.36325 0.011 0.0715
0 0.78066667 0.6375 0.08266667 0.07
0 0.74566667 0.56475 0.04666667 0.0215
0 0.5035 0.894 0.05833333 0.031
0 0.05666667 0.81275 0.04866667 0.0025
0 0.46316667 0.327 0.04033333 0.05
0 0.54166667 0.356 0.04666667 0.07
0 0.603 0.2425 0.04133333 0.054
0 0.19033333 0.27825 0.12933333 0.0745
0 0.15933333 0.2735 0.08 0.046
0 0.08 0.15025 0.16 0.0395
0 0.01933333 0.02025 0.03866667 0.0405
