0 0.02366667 0.446 0.04533333 0.044
0 0.09283333 0.20075 0.101 0.1075
0 0.13783333 0.82725 0.005 0.1395
0 0.239 0.709 0.03533333 0.1
0 0.2515 0.6675 0.03433333 0.077
0 0.3045 0.803 0.023 0.142
0 0.27266667 0.61525 0.006 0.0785
0 0.21666667 0.538 0.08 0.1
0 0.3605 0.55225 0.089 0.1685
0 0.35966667 0.5135 0.05466667 0.106
0 0.458 0.6135 0.03733333 0.012
0 0.52216667 0.581 0.04233333 0.059
0 0.545 0.5475 0.04933333 0.053
0 0.63983333 0.578 0.06366667 0.071
0 0.4955 0.83475 0.05366667 0.0635
0 0.51266667 0.8165 0.05333333 0.106
0 0.38283333 0.93425 0.00433333 0.1105
