0 0.56783333 0.6435 0.03033333 0.071
0 0.54566667 0.51875 0.062 0.0375
0 0.483 0.6245 0.02066667 0.031
0 0.164 0.69275 0.09266667 0.0945
0 0.23633333 0.56875 0.018 0.0405
0 0.2475 0.498 0.02433333 0.053
0 0.151 0.34825 0.05733333 0.0335
0 0.10883333 0.223 0.10966667 0.152
0 0.957 0.47225 0.05933333 0.0015
0 0.88316667 0.46475 0.05233333 0.0135
0 0.9205 0.1455 0.037 0.054
0 0.52116667 0.113 0.10233333 0.089
0 0.52783333 0.15175 0.08166667 0.0685
0 0.56383333 0.021 0.03166667 0.023
0 0.71433333 0.58375 0.036 0.0565
