0 0.58033333 0.6105 0.09533333 0.07
0 0.6325 0.657 0.08966667 0.077
0 0.67483333 0.506 0.05766667 0.055
0 0.79816667 0.49525 0.00633333 0.0985
0 0.893 0.6065 0.00533333 0.159
0 0.83466667 0.236 0.10266667 0.054
0 0.6285 0.3165 0.051 0.124
0 0.62833333 0.273 0.044 0.128
0 0.55083333 0.432 0.10433333 0.255
0 0.3455 0.08625 0.033 0.0885
0 0.31483333 0.13875 0.02433333 0.0595
0 0.19716667 0.2055 0.04233333 0.031
0 0.03233333 0.49325 0.03066667 0.0975
0 0.22633333 0.595 0.01066667 0.066
0 0.43033333 0.62875 0.086 0.0095
0 0.49383333 0.719 0.107 0.074
0 0.59033333 0.8185 0.20866667 0.093
0 0.9195 0.22775 0.04566667 0.1055
0 0.93933333 0.29125 0.03133333 0.0595
0 0.9345 0.46225 0.05566667 0.0165
0 0.35083333 0.61125 0.13766667 0.0415
0 0.58 0.3 0.04066667 0.112
0 0.83016667 0.0565 0.187 0.051
0 0.91783333 0.0595 0.04033333 0.
0 0.05716667 0.6315 0.02433333 0.101
