0 0.48566667 0.477 0.08 0.011
0 0.01083333 0.44675 0.02166667 0.0475
0 0.24383333 0.3315 0.04766667 0.035
0 0.323 0.221 0.10133333 0.084
0 0.88733333 0.6295 0.01333333 0.105
0 0.8765 0.45625 0.00433333 0.0715
0 0.893 0.78175 0.00533333 0.0675
0 0.87333333 0.79725 0.002 0.0555
0 0.86 0.7595 0. 0.117
0 0.38216667 0.65975 0.13033333 0.0145
0 0.4325 0.55775 0.035 0.0135
0 0.172 0.453 0.03333333 0.043
0 0.14416667 0.05125 0.07433333 0.0705
0 0.51216667 0.3625 0.135 0.102
0 0.6195 0.4055 0.02966667 0.07
