0 0.1035 0.23175 0.003 0.0845
0 0.11866667 0.25925 0.01333333 0.2455
0 0.13683333 0.16525 0.005 0.0695
0 0.16266667 0.1575 0.002 0.067
0 0.26166667 0.22175 0.05466667 0.0015
0 0.27566667 0.2545 0.06666667 0.
0 0.098 0.447 0.06866667 0.112
0 0.29283333 0.7205 0.03033333 0.065
0 0.7105 0.11675 0.06166667 0.1515
0 0.70916667 0.08625 0.02433333 0.0665
0 0.82933333 0.228 0.07466667 0.065
0 0.83633333 0.28175 0.07466667 0.1185
0 0.945 0.4795 0.03933333 0.086
0 0.92933333 0.48575 0.04666667 0.1195
0 0.858 0.478 0.02933333 0.053
0 0.638 0.48025 0.03533333 0.0515
0 0.69133333 0.4855 0.04333333 0.044
0 0.69033333 0.30475 0.03333333 0.0545
0 0.6455 0.38625 0.02633333 0.0245
0 0.746 0.5355 0.01933333 0.068
0 0.6645 0.7545 0.03233333 0.082
0 0.892 0.85525 0.06266667 0.0255
