0 0.34 0.868 0.07466667 0.01
0 0.32916667 0.8155 0.077 0.012
0 0.33766667 0.79175 0.102 0.0295
0 0.02216667 0.68 0.04433333 0.148
0 0.181 0.57225 0.00733333 0.1785
0 0.205 0.46575 0.00733333 0.1945
0 0.21633333 0.34025 0.00333333 0.1225
0 0.26 0.56025 0.00733333 0.1725
0 0.13216667 0.27125 0.04033333 0.1135
0 0.01766667 0.349 0.014 0.136
0 0.86683333 0.431 0.057 0.133
0 0.84616667 0.439 0.04833333 0.131
0 0.81716667 0.4615 0.04633333 0.118
0 0.84083333 0.766 0.14233333 0.024
0 0.96483333 0.798 0.06233333 0.017
0 0.97616667 0.886 0.04766667 0.018
0 0.95383333 0.9005 0.043 0.017
0 0.445 0.85125 0.03733333 0.1745
0 0.4845 0.92275 0.03366667 0.1545
0 0.72983333 0.10025 0.02633333 0.1115
0 0.83783333 0.02725 0.03033333 0.0545
0 0.9715 0.2285 0.03566667 0.109
0 0.234 0.96 0.00466667 0.08
0 0.212 0.94925 0.00533333 0.0965
0 0.191 0.9385 0.00466667 0.123
