0 0.54316667 0.3915 0.05833333 0.012
0 0.46 0.33025 0.036 0.1025
0 0.21833333 0.5175 0.08466667 0.186
0 0.18916667 0.48925 0.071 0.1835
0 0.155 0.644 0.02066667 0.07
0 0.1145 0.671 0.06566667 0.178
0 0.1015 0.65075 0.05233333 0.1105
0 0.01616667 0.86575 0.03233333 0.0605
0 0.1595 0.3685 0.02966667 0.004
0 0.28166667 0.84025 0.05466667 0.0335
0 0.64633333 0.93475 0.044 0.0365
0 0.49333333 0.938 0.07 0.084
0 0.45466667 0.93275 0.09333333 0.0915
0 0.95816667 0.68725 0.051 0.1345
0 0.8945 0.748 0.00433333 0.162
0 0.85766667 0.407 0.078 0.151
0 0.88316667 0.037 0.007 0.074
