0 0.14383333 0.6275 0.09166667 0.144
0 0.01166667 0.66175 0.02333333 0.0135
0 0.05566667 0.5035 0.036 0.012
0 0.14566667 0.17175 0.10066667 0.0525
0 0.08166667 0.23175 0.08266667 0.0645
0 0.084 0.14075 0.05466667 0.0175
0 0.1195 0.11375 0.05566667 0.0255
0 0.16716667 0.21275 0.10233333 0.0755
0 0.23133333 0.19425 0.062 0.0215
0 0.39083333 0.01625 0.00166667 0.0325
0 0.2565 0.3215 0.02966667 0.063
0 0.04666667 0.8415 0.09333333 0.077
0 0.06966667 0.868 0.13933333 0.081
0 0.05933333 0.9765 0.11666667 0.042
0 0.1425 0.96425 0.04766667 0.0175
0 0.19 0.89075 0.01533333 0.1105
0 0.22016667 0.9555 0.01633333 0.089
0 0.35083333 0.843 0.071 0.007
0 0.3285 0.831 0.04233333 0.012
0 0.3765 0.779 0.095 0.022
0 0.47983333 0.7715 0.13633333 0.047
0 0.4305 0.9515 0.027 0.054
0 0.4115 0.95225 0.045 0.0955
0 0.645 0.97775 0.142 0.0125
0 0.75733333 0.79525 0.04866667 0.0215
0 0.81533333 0.7 0.04066667 0.012
0 0.81166667 0.6915 0.05133333 0.016
0 0.67116667 0.76 0.045 0.024
0 0.70616667 0.768 0.045 0.008
0 0.6815 0.86125 0.037 0.0055
0 0.69716667 0.82675 0.07166667 0.0145
0 0.6315 0.74575 0.07366667 0.0445
0 0.68783333 0.707 0.071 0.015
0 0.95916667 0.442 0.08166667 0.005
0 0.885 0.43725 0.07933333 0.0145
0 0.8815 0.324 0.06833333 0.012
0 0.65233333 0.54325 0.09866667 0.0055
0 0.647 0.601 0.04666667 0.
0 0.5005 0.5795 0.061 0.011
0 0.5 0.56125 0.05133333 0.0065
0 0.43933333 0.5835 0.038 0.092
0 0.645 0.3915 0.06466667 0.007
0 0.67666667 0.40225 0.02866667 0.0285
0 0.60416667 0.302 0.04766667 0.
0 0.68733333 0.331 0.086 0.042
0 0.7245 0.363 0.02433333 0.066
0 0.7345 0.33625 0.02766667 0.0415
0 0.797 0.335 0.07733333 0.02
0 0.5795 0.24725 0.081 0.0015
0 0.58883333 0.17375 0.01166667 0.0995
0 0.5585 0.06 0.00633333 0.042
0 0.10416667 0.36525 0.07166667 0.1325
0 0.08933333 0.3725 0.05466667 0.147
0 0.0255 0.7945 0.04766667 0.009
0 0.01933333 0.73925 0.03866667 0.0175
0 0.174 0.97975 0.00266667 0.0405
