0 0.03016667 0.49175 0.06033333 0.0135
0 0.0795 0.1355 0.05633333 0.02
0 0.14466667 0.04775 0.04666667 0.0955
0 0.11316667 0.0795 0.02166667 0.102
0 0.2695 0.44675 0.045 0.1525
0 0.3945 0.0755 0.06833333 0.151
0 0.37883333 0.25525 0.01166667 0.2385
0 0.4155 0.25125 0.017 0.1445
0 0.52616667 0.74275 0.01166667 0.1025
0 0.8685 0.738 0.035 0.082
0 0.9215 0.7385 0.035 0.105
0 0.969 0.6435 0.03666667 0.082
0 0.9385 0.41175 0.123 0.1015
0 0.912 0.36175 0.05933333 0.0635
0 0.90483333 0.2 0.06833333 0.012
0 0.77766667 0.21225 0.06533333 0.0555
0 0.913 0.07275 0.06466667 0.0805
0 0.9875 0.2385 0.025 0.011
0 0.52333333 0.22375 0.07266667 0.1055
0 0.50766667 0.3065 0.07533333 0.093
0 0.45633333 0.3775 0.01066667 0.062
0 0.43616667 0.318 0.037 0.043
0 0.35083333 0.068 0.033 0.131
0 0.2165 0.06275 0.045 0.0795
0 0.8285 0.78725 0.02166667 0.0485
0 0.672 0.43925 0.04866667 0.0245
0 0.66183333 0.57625 0.02966667 0.0795
0 0.6015 0.5425 0.033 0.077
0 0.60466667 0.465 0.03933333 0.011
