0 0.36216667 0.43875 0.00166667 0.1095
0 0.38683333 0.51275 0.05833333 0.0875
0 0.30916667 0.3025 0.079 0.007
0 0.35933333 0.14975 0.04666667 0.0325
0 0.1595 0.39075 0.06366667 0.0105
0 0.017 0.43 0.034 0.008
0 0.14466667 0.8255 0.07533333 0.055
0 0.20316667 0.7115 0.06833333 0.051
0 0.15983333 0.72575 0.079 0.0145
0 0.17883333 0.6895 0.09366667 0.015
0 0.195 0.64275 0.054 0.0055
0 0.26866667 0.56675 0.06666667 0.0495
0 0.19233333 0.566 0.108 0.081
0 0.17066667 0.60525 0.06266667 0.0595
0 0.075 0.88675 0.01866667 0.0435
0 0.03816667 0.84575 0.02233333 0.0475
0 0.29333333 0.91775 0.062 0.0705
0 0.33116667 0.94875 0.05833333 0.0165
0 0.56116667 0.83825 0.071 0.1215
0 0.54983333 0.9615 0.063 0.034
0 0.56166667 0.9785 0.07733333 0.03
0 0.73033333 0.841 0.06466667 0.027
0 0.77183333 0.847 0.079 0.007
0 0.82733333 0.90075 0.04133333 0.0365
0 0.63433333 0.787 0.072 0.186
0 0.91433333 0.36875 0.03866667 0.0365
0 0.97133333 0.42575 0.04866667 0.0245
0 0.4605 0.3775 0.123 0.051
0 0.56783333 0.2405 0.03766667 0.012
0 0.5495 0.2245 0.04233333 0.031
0 0.5075 0.0525 0.03233333 0.073
0 0.47383333 0.05125 0.04766667 0.1025
