0 0.59116667 0.85125 0.045 0.0095
0 0.53266667 0.84775 0.106 0.0645
0 0.73716667 0.9385 0.09766667 0.074
0 0.89666667 0.8295 0.04866667 0.023
0 0.933 0.9055 0.03666667 0.043
0 0.86783333 0.94675 0.03966667 0.0335
0 0.845 0.979 0.05866667 0.042
0 0.60416667 0.45275 0.09233333 0.0595
0 0.3495 0.09975 0.00166667 0.1135
0 0.36933333 0.04175 0. 0.0835
0 0.1425 0.97825 0.02966667 0.0405
0 0.363 0.564 0.104 0.22
0 0.3105 0.53825 0.04566667 0.1065
0 0.31166667 0.496 0.07 0.162
0 0.42366667 0.6085 0.042 0.106
