0 0.2005 0.1645 0.009 0.162
0 0.1775 0.06725 0.00966667 0.1265
0 0.2435 0.40025 0.03566667 0.3905
0 0.22633333 0.5285 0.00733333 0.132
0 0.2965 0.2945 0.03033333 0.136
0 0.26966667 0.8935 0.10066667 0.135
0 0.44283333 0.918 0.079 0.035
0 0.45766667 0.96175 0.08 0.0175
0 0.5655 0.9375 0.06366667 0.023
0 0.60466667 0.306 0.07933333 0.059
0 0.58633333 0.06 0.026 0.117
0 0.25966667 0.19 0.01266667 0.162
0 0.23733333 0.12675 0.018 0.0945
0 0.8885 0.48925 0.00166667 0.1135
0 0.85483333 0.37 0.035 0.082
0 0.73633333 0.415 0.14666667 0.046
0 0.96233333 0.42925 0.07533333 0.0065
0 0.442 0.41575 0.02533333 0.1015
0 0.44033333 0.28025 0.09533333 0.1645
0 0.45466667 0.178 0.072 0.062
0 0.46233333 0.215 0.11066667 0.066
0 0.28833333 0.22375 0.02866667 0.0435
0 0.35316667 0.77475 0.03966667 0.0405
0 0.38766667 0.66775 0.046 0.0685
0 0.39766667 0.688 0.03333333 0.055
0 0.4295 0.69875 0.05033333 0.0845
0 0.3805 0.63075 0.02966667 0.0405
0 0.29383333 0.69875 0.01233333 0.0955
