0 0.12933333 0.43125 0.06133333 0.1075
0 0.124 0.37 0.04466667 0.085
0 0.14516667 0.351 0.02233333 0.05
0 0.151 0.134 0.054 0.117
0 0.08083333 0.06825 0.077 0.0795
0 0.177 0.06075 0.09 0.1215
0 0.37383333 0.58825 0.149 0.1715
0 0.38683333 0.68675 0.09233333 0.0685
0 0.2695 0.88875 0.045 0.0765
0 0.2605 0.91375 0.04833333 0.0755
0 0.332 0.91375 0.1 0.0975
0 0.637 0.8605 0.02666667 0.036
0 0.74216667 0.977 0.04833333 0.046
0 0.57533333 0.928 0.062 0.144
0 0.54633333 0.94 0.018 0.12
0 0.74566667 0.72775 0.01066667 0.1105
0 0.73583333 0.66025 0.03766667 0.0375
0 0.72466667 0.66375 0.03666667 0.0285
0 0.77366667 0.64275 0.07 0.0055
0 0.791 0.22525 0.044 0.0215
0 0.89933333 0.18125 0.124 0.1305
0 0.85533333 0.0815 0.12933333 0.163
0 0.69133333 0.12875 0.008 0.2575
0 0.65716667 0.42875 0.01366667 0.1105
0 0.67566667 0.36 0.034 0.054
0 0.71516667 0.2565 0.08433333 0.093
0 0.57583333 0.4925 0.03966667 0.058
0 0.49283333 0.223 0.13233333 0.05
0 0.57233333 0.7755 0.06266667 0.039
0 0.54616667 0.81275 0.06833333 0.0215
0 0.50766667 0.835 0.072 0.131
0 0.47666667 0.85125 0.06533333 0.0095
0 0.58616667 0.85325 0.06566667 0.0325
0 0.47216667 0.8835 0.11766667 0.023
0 0.505 0.49925 0.08266667 0.1145
0 0.58266667 0.4405 0.024 0.062
0 0.5135 0.36325 0.019 0.0475
