0 0.44516667 0.40425 0.09433333 0.0995
0 0.42 0.256 0.00466667 0.092
0 0.46133333 0.1995 0.05133333 0.124
0 0.2 0.554 0.06733333 0.016
0 0.292 0.814 0.02133333 0.156
0 0.3145 0.843 0.01633333 0.128
0 0.26016667 0.9165 0.01166667 0.051
0 0.04366667 0.866 0.044 0.047
0 0.027 0.92175 0.054 0.0755
0 0.05083333 0.9075 0.035 0.05
0 0.132 0.53025 0.04666667 0.0255
0 0.1275 0.502 0.027 0.023
0 0.1465 0.2485 0.045 0.031
0 0.06516667 0.186 0.04966667 0.04
0 0.03316667 0.19725 0.06633333 0.0365
0 0.10516667 0.27275 0.135 0.0795
0 0.44066667 0.31475 0.01733333 0.0985
0 0.69316667 0.83025 0.08366667 0.0805
0 0.76 0.66975 0.11866667 0.0375
0 0.96766667 0.8565 0.06266667 0.028
0 0.97666667 0.92525 0.04666667 0.0415
0 0.90966667 0.855 0.046 0.082
0 0.83466667 0.4065 0.212 0.05
0 0.93433333 0.34425 0.13133333 0.0525
0 0.75333333 0.33375 0.05133333 0.0445
