0 0.4015 0.506 0.079 0.225
0 0.44933333 0.67975 0.02333333 0.0795
0 0.31633333 0.76625 0.034 0.0555
0 0.4395 0.96575 0.03233333 0.0685
0 0.10283333 0.89825 0.12833333 0.0575
0 0.03766667 0.96975 0.07533333 0.0445
0 0.11366667 0.816 0.10666667 0.063
0 0.21333333 0.7385 0.13733333 0.129
0 0.145 0.74125 0.00266667 0.0565
0 0.11366667 0.77825 0.00266667 0.0495
0 0.0845 0.77475 0.00366667 0.0755
0 0.074 0.63325 0.01533333 0.1455
0 0.1425 0.624 0.02233333 0.127
0 0.21833333 0.46025 0.09 0.0905
0 0.0835 0.20025 0.06833333 0.2575
0 0.12116667 0.05325 0.01433333 0.1065
0 0.16533333 0.09575 0.036 0.1405
0 0.251 0.06325 0.03866667 0.1185
0 0.22583333 0.037 0.01166667 0.074
0 0.05616667 0.099 0.09233333 0.031
0 0.01566667 0.0775 0.03133333 0.009
0 0.11233333 0.2755 0.04466667 0.131
0 0.54116667 0.35225 0.13566667 0.2225
0 0.4375 0.1315 0.07166667 0.131
0 0.53016667 0.27225 0.26966667 0.4795
0 0.67616667 0.19675 0.11233333 0.0595
0 0.70433333 0.18275 0.06466667 0.0445
0 0.72416667 0.12875 0.045 0.0145
0 0.78166667 0.132 0.054 0.003
0 0.71116667 0.1085 0.159 0.02
0 0.61583333 0.13 0.07833333 0.007
0 0.618 0.61375 0.08266667 0.0255
0 0.6055 0.6435 0.115 0.039
0 0.48566667 0.692 0.026 0.034
0 0.611 0.20275 0.03066667 0.0255
