0 0.2545 0.11575 0.04033333 0.0925
0 0.21766667 0.15625 0.03133333 0.0605
0 0.21916667 0.20625 0.03033333 0.0515
0 0.12833333 0.244 0.05066667 0.094
0 0.10266667 0.12825 0.03533333 0.1015
0 0.0465 0.037 0.02233333 0.074
0 0.36716667 0.25075 0.08766667 0.0535
0 0.36466667 0.322 0.06266667 0.044
0 0.3535 0.30775 0.093 0.0605
0 0.01866667 0.4145 0.03733333 0.041
0 0.053 0.359 0.05733333 0.015
0 0.17183333 0.887 0.02433333 0.226
0 0.1965 0.8735 0.013 0.177
0 0.2 0.662 0.03 0.194
0 0.22783333 0.85775 0.003 0.1485
0 0.12466667 0.84475 0.02333333 0.1865
0 0.107 0.87575 0.012 0.1185
0 0.50166667 0.956 0.098 0.024
0 0.6465 0.73725 0.105 0.0015
0 0.56616667 0.46575 0.11233333 0.0105
0 0.83683333 0.472 0.06366667 0.126
0 0.13233333 0.55075 0.024 0.0775
