0 0.3575 0.321 0.05966667 0.016
0 0.52616667 0.3165 0.06833333 0.023
0 0.52616667 0.3165 0.06833333 0.023
0 0.77716667 0.296 0.04833333 0.042
0 0.78783333 0.34125 0.031 0.0365
0 0.90883333 0.26325 0.055 0.0535
0 0.6835 0.045 0.13633333 0.005
0 0.6835 0.045 0.13633333 0.005
0 0.76316667 0.05475 0.03766667 0.0535
0 0.18283333 0.16625 0.03433333 0.0625
0 0.05166667 0.71825 0.10333333 0.0475
0 0.597 0.63425 0.09466667 0.0745
0 0.634 0.61475 0.09333333 0.0695
0 0.68633333 0.6725 0.09066667 0.06
0 0.73183333 0.6175 0.07833333 0.017
