0 0.27666667 0.47775 0.09866667 0.0255
0 0.26283333 0.53775 0.07633333 0.0185
0 0.2215 0.35025 0.015 0.0835
0 0.21166667 0.345 0.01333333 0.073
0 0.33066667 0.78375 0.054 0.1365
0 0.2955 0.812 0.01966667 0.055
0 0.41733333 0.7615 0.04933333 0.067
0 0.17066667 0.2055 0.04666667 0.023
0 0.13083333 0.17125 0.04233333 0.0215
0 0.07583333 0.19325 0.089 0.0255
0 0.672 0.4575 0.04866667 0.004
0 0.70033333 0.3585 0.03866667 0.078
0 0.903 0.39675 0.07 0.0605
0 0.85483333 0.54925 0.001 0.0875
0 0.82833333 0.5445 0.016 0.1
0 0.691 0.25 0.02333333 0.074
