0 0.2055 0.55475 0.05966667 0.0575
0 0.16616667 0.58775 0.03766667 0.0515
0 0.12683333 0.27275 0.14033333 0.0125
0 0.258 0.3295 0.02333333 0.083
0 0.303 0.2635 0.08066667 0.094
0 0.6455 0.19175 0.04633333 0.2315
0 0.71016667 0.86525 0.21833333 0.0455
0 0.63533333 0.82425 0.11733333 0.0155
0 0.73533333 0.8015 0.14333333 0.033
0 0.88483333 0.866 0.22233333 0.12
0 0.02466667 0.64225 0.04933333 0.0545
0 0.28233333 0.4955 0.04133333 0.082
0 0.9485 0.3265 0.101 0.02
0 0.65866667 0.40375 0.014 0.1775
0 0.76 0.5585 0.17866667 0.15
0 0.298 0.07125 0.08266667 0.0605
0 0.552 0.3455 0.03733333 0.039
