0 0.11316667 0.67525 0.02166667 0.0835
0 0.496 0.07275 0.11333333 0.0705
0 0.59616667 0.1335 0.06366667 0.065
0 0.68816667 0.43675 0.04833333 0.0995
0 0.72333333 0.34425 0.04866667 0.1065
0 0.70533333 0.46775 0.04466667 0.1025
0 0.81683333 0.3585 0.00366667 0.116
0 0.871 0.333 0.00266667 0.116
0 0.84233333 0.5545 0.03133333 0.174
0 0.8135 0.60925 0.02966667 0.1345
0 0.75166667 0.6975 0.06733333 0.082
0 0.60783333 0.6125 0.053 0.042
0 0.403 0.23375 0.03333333 0.0205
0 0.38016667 0.11925 0.063 0.0445
0 0.36166667 0.151 0.06 0.043
0 0.98433333 0.71625 0.02266667 0.0495
0 0.59166667 0.289 0.078 0.139
0 0.563 0.366 0.04933333 0.09
0 0.60383333 0.33425 0.03966667 0.0755
