0 0.08283333 0.1135 0.05233333 0.106
0 0.16866667 0.00975 0.07466667 0.0045
0 0.26916667 0.106 0.173 0.018
0 0.31116667 0.06975 0.115 0.0455
0 0.32483333 0.03475 0.07966667 0.0335
0 0.12766667 0.40225 0.11 0.0655
0 0.04033333 0.578 0.07866667 0.135
0 0.06116667 0.6335 0.07166667 0.097
0 0.31166667 0.50975 0.1 0.0105
0 0.42716667 0.522 0.095 0.053
0 0.42783333 0.84625 0.07966667 0.1075
0 0.40766667 0.91225 0.106 0.1545
0 0.641 0.95075 0.02333333 0.0985
0 0.73233333 0.69925 0.002 0.1105
0 0.686 0.6705 0.002 0.08
0 0.7975 0.68025 0.007 0.0695
0 0.83533333 0.5205 0.03866667 0.156
0 0.8035 0.5045 0.04566667 0.167
0 0.651 0.03625 0.00533333 0.0725
0 0.69583333 0.02875 0.03833333 0.0575
