0 0.12 0.6975 0.06 0.058
0 0.04216667 0.94475 0.03433333 0.0755
0 0.07316667 0.944 0.06033333 0.093
0 0.063 0.7925 0.03066667 0.086
0 0.274 0.868 0.08266667 0.059
0 0.36566667 0.882 0.06466667 0.039
0 0.68333333 0.812 0.042 0.085
0 0.61466667 0.4825 0.07 0.027
0 0.5485 0.35375 0.06033333 0.0845
0 0.68466667 0.27675 0.06666667 0.0095
0 0.691 0.15025 0.07733333 0.0175
0 0.74266667 0.21375 0.05666667 0.0365
0 0.83683333 0.22375 0.035 0.0915
0 0.93666667 0.84825 0.05466667 0.0635
0 0.24083333 0.0775 0.009 0.104
0 0.19466667 0.0545 0.03866667 0.109
0 0.14516667 0.277 0.019 0.147
0 0.118 0.50475 0.00266667 0.1065
0 0.09666667 0.4805 0.01533333 0.098
0 0.39883333 0.10725 0.063 0.0015
