0 0.26216667 0.06975 0.011 0.1395
0 0.5395 0.08625 0.101 0.1665
0 0.63433333 0.2395 0.07066667 0.094
0 0.66566667 0.3365 0.11933333 0.185
0 0.63883333 0.368 0.11433333 0.203
0 0.746 0.48125 0.102 0.0075
0 0.56466667 0.44 0.10933333 0.032
0 0.78483333 0.7615 0.17366667 0.032
0 0.98433333 0.32725 0.02733333 0.1215
0 0.79433333 0.9365 0.16066667 0.009
0 0.46666667 0.915 0.09466667 0.003
0 0.11166667 0.95225 0.02133333 0.0835
0 0.21516667 0.38025 0.04633333 0.0605
0 0.03283333 0.204 0.06166667 0.044
