0 0.248 0.4205 0.088 0.011
0 0.18866667 0.3855 0.068 0.024
0 0.06466667 0.6605 0.072 0.035
0 0.1185 0.672 0.097 0.05
0 0.02383333 0.67175 0.04766667 0.0335
0 0.57366667 0.78725 0.03333333 0.1995
0 0.62983333 0.72575 0.007 0.1335
0 0.64433333 0.8755 0. 0.093
0 0.66566667 0.82675 0.02866667 0.0555
0 0.73716667 0.599 0.05633333 0.077
0 0.7255 0.55 0.06766667 0.081
0 0.71166667 0.509 0.034 0.031
0 0.78533333 0.525 0.08066667 0.104
0 0.79383333 0.66725 0.089 0.1025
0 0.90066667 0.8275 0.09266667 0.035
0 0.9875 0.79775 0.025 0.0295
0 0.98433333 0.82475 0.03133333 0.0455
0 0.92416667 0.889 0.107 0.031
0 0.863 0.94125 0.08 0.0715
0 0.813 0.963 0.06466667 0.015
0 0.822 0.77875 0.05933333 0.0485
0 0.73983333 0.847 0.02966667 0.101
0 0.93316667 0.374 0.105 0.007
0 0.70216667 0.24325 0.04033333 0.1145
0 0.73 0.2595 0.04933333 0.117
0 0.64416667 0.324 0.12566667 0.147
0 0.49233333 0.21275 0.05733333 0.0485
0 0.654 0.08975 0.08266667 0.0985
0 0.7905 0.15975 0.05033333 0.0795
0 0.8905 0.0255 0.027 0.051
0 0.91283333 0.07275 0.079 0.0835
0 0.23666667 0.15375 0.06733333 0.0135
0 0.86566667 0.30075 0.026 0.0485
0 0.975 0.3065 0.04133333 0.004
0 0.5665 0.51225 0.073 0.0135
