0 0.43716667 0.469 0.055 0.062
0 0.46166667 0.4615 0.02333333 0.066
0 0.4345 0.70275 0.04566667 0.0415
0 0.22866667 0.581 0.012 0.081
0 0.23216667 0.5335 0.02966667 0.062
0 0.1095 0.955 0.06833333 0.047
0 0.47483333 0.9455 0.087 0.058
0 0.416 0.91775 0.07 0.0135
0 0.63116667 0.94875 0.07633333 0.0645
0 0.94383333 0.75675 0.04566667 0.1955
0 0.98283333 0.67875 0.03233333 0.1145
0 0.89716667 0.612 0.033 0.186
0 0.85633333 0.50275 0.034 0.1295
0 0.8325 0.38475 0.069 0.0765
0 0.80183333 0.329 0.10166667 0.081
0 0.82133333 0.27575 0.06466667 0.0445
0 0.7525 0.25875 0.05633333 0.0485
0 0.68866667 0.21175 0.07266667 0.0325
0 0.77 0.13675 0.054 0.0905
0 0.336 0.01 0.088 0.02
0 0.14416667 0.45775 0.001 0.1335
0 0.96216667 0.06275 0.03233333 0.1255
0 0.98516667 0.1225 0.02966667 0.108
0 0.95833333 0.2755 0.008 0.136
0 0.66983333 0.0595 0.04033333 0.035
