0 0.10516667 0.58425 0.115 0.0495
0 0.23 0.65175 0.04866667 0.0445
0 0.28833333 0.89275 0.14 0.0685
0 0.03916667 0.9075 0.037 0.058
0 0.23666667 0.27225 0.07266667 0.0535
0 0.3145 0.28825 0.07033333 0.0405
0 0.39883333 0.1185 0.027 0.089
0 0.75166667 0.1025 0.10866667 0.105
0 0.88133333 0.066 0.036 0.105
0 0.7965 0.4015 0.037 0.073
0 0.82616667 0.15775 0.02633333 0.0785
0 0.97533333 0.44 0.04933333 0.004
0 0.86883333 0.4345 0.03033333 0.012
0 0.85933333 0.52375 0.044 0.0175
0 0.97533333 0.54375 0.04933333 0.0285
0 0.956 0.5925 0.088 0.023
0 0.9695 0.6125 0.061 0.031
0 0.84866667 0.6515 0.10333333 0.012
0 0.93716667 0.9015 0.06833333 0.043
0 0.91333333 0.8235 0.05466667 0.046
0 0.84583333 0.84225 0.05833333 0.1345
0 0.49816667 0.8255 0.04966667 0.074
0 0.47433333 0.90425 0.13466667 0.0455
0 0.55983333 0.626 0.079 0.023
0 0.61633333 0.65975 0.02866667 0.0555
0 0.592 0.682 0.04133333 0.062
0 0.56683333 0.68925 0.045 0.0555
0 0.06683333 0.95475 0.13033333 0.0905
0 0.2215 0.831 0.037 0.039
0 0.1155 0.142 0.037 0.093
0 0.0885 0.03425 0.033 0.0685
0 0.62566667 0.15825 0.10866667 0.0065
0 0.9465 0.339 0.035 0.036
0 0.83833333 0.554 0.06666667 0.003
0 0.90383333 0.84575 0.06633333 0.0175
