0 0.71466667 0.909 0.00266667 0.182
0 0.67033333 0.738 0.02333333 0.074
0 0.65466667 0.35525 0.01533333 0.1225
0 0.67566667 0.368 0.02133333 0.097
0 0.6015 0.4555 0.06366667 0.089
0 0.566 0.46025 0.03066667 0.0335
0 0.70533333 0.06075 0.11866667 0.1105
0 0.63066667 0.0385 0.052 0.042
0 0.0445 0.61725 0.089 0.0595
0 0.05166667 0.527 0.00466667 0.105
0 0.08533333 0.84975 0.10066667 0.0555
0 0.10116667 0.93075 0.00633333 0.1225
0 0.0615 0.9205 0.00433333 0.127
0 0.02733333 0.926 0.00466667 0.132
0 0.2965 0.932 0.02366667 0.109
0 0.269 0.7325 0.026 0.144
0 0.257 0.946 0.01066667 0.097
0 0.27766667 0.20825 0.02 0.1655
0 0.30766667 0.26125 0.05466667 0.2075
0 0.4605 0.093 0.017 0.178
0 0.44433333 0.12 0.00466667 0.135
0 0.41883333 0.033 0.009 0.066
0 0.9125 0.85775 0.06366667 0.1115
0 0.97983333 0.5965 0.04033333 0.147
0 0.90116667 0.535 0.117 0.132
0 0.9605 0.4035 0.04833333 0.093
0 0.97066667 0.42975 0.03866667 0.0945
0 0.8 0.21425 0.044 0.0705
