0 0.26016667 0.975 0.06366667 0.007
0 0.53416667 0.86575 0.105 0.0095
0 0.55483333 0.83975 0.05833333 0.0055
0 0.634 0.71975 0.01533333 0.0375
0 0.67166667 0.68725 0.046 0.1485
0 0.72283333 0.74 0.04433333 0.081
0 0.827 0.7965 0.064 0.062
0 0.85233333 0.90225 0.06733333 0.0395
0 0.89766667 0.58425 0.02333333 0.0665
0 0.62233333 0.448 0.03866667 0.066
0 0.3625 0.41975 0.02966667 0.0495
0 0.1945 0.0505 0.04033333 0.101
0 0.08633333 0.2135 0.054 0.077
0 0.10066667 0.17325 0.05933333 0.0955
0 0.124 0.17725 0.03933333 0.0715
0 0.07916667 0.25275 0.03766667 0.0415
0 0.07266667 0.368 0.06466667 0.127
0 0.56016667 0.031 0.02966667 0.038
