0 0.13033333 0.2945 0.08066667 0.039
0 0.18283333 0.3045 0.02766667 0.027
0 0.123 0.172 0.07 0.155
0 0.15133333 0.02675 0.19866667 0.0135
0 0.576 0.02975 0.05733333 0.0135
0 0.76866667 0.233 0.00266667 0.081
0 0.9685 0.7735 0.063 0.07
0 0.83783333 0.92975 0.06033333 0.1185
0 0.82433333 0.93 0.03333333 0.054
0 0.78783333 0.91225 0.045 0.0835
0 0.42316667 0.8495 0.08833333 0.031
0 0.4645 0.9695 0.029 0.058
0 0.37466667 0.84975 0.08466667 0.0415
0 0.15233333 0.8545 0.08733333 0.008
0 0.06116667 0.826 0.07366667 0.019
0 0.2265 0.91525 0.045 0.0215
0 0.09483333 0.46225 0.15166667 0.1945
0 0.026 0.5215 0.052 0.065
0 0.25366667 0.5135 0.044 0.04
0 0.28883333 0.4575 0.05833333 0.042
0 0.29466667 0.422 0.11333333 0.116
0 0.17383333 0.4745 0.04033333 0.043
0 0.19683333 0.21175 0.03966667 0.0565
0 0.57283333 0.96425 0.02766667 0.0715
0 0.07316667 0.8465 0.11033333 0.035
0 0.16583333 0.60575 0.04233333 0.0175
0 0.28933333 0.3975 0.10066667 0.089
0 0.0185 0.105 0.02966667 0.105
0 0.51133333 0.12325 0.04133333 0.0145
0 0.87166667 0.362 0.018 0.109
0 0.9025 0.223 0.06033333 0.05
0 0.22366667 0.4015 0.07 0.054
