0 0.3595 0.7075 0.06833333 0.035
0 0.3985 0.655 0.02966667 0.011
0 0.4015 0.61325 0.03766667 0.0025
0 0.73 0.302 0.10533333 0.062
0 0.75883333 0.24525 0.16633333 0.1265
0 0.80233333 0.12125 0.13466667 0.0135
0 0.81583333 0.07825 0.043 0.0215
0 0.69583333 0.1145 0.089 0.059
0 0.91683333 0.96275 0.11966667 0.0255
0 0.79433333 0.88675 0.11133333 0.0105
0 0.48916667 0.82075 0.06033333 0.0485
0 0.496 0.7945 0.06266667 0.058
0 0.3175 0.57625 0.00633333 0.1225
0 0.35216667 0.4375 0.07033333 0.236
0 0.33366667 0.36925 0.08533333 0.2105
0 0.29516667 0.5385 0.00833333 0.198
0 0.25783333 0.74725 0.045 0.0335
0 0.26333333 0.8435 0.04866667 0.062
0 0.21066667 0.967 0.00466667 0.066
0 0.03466667 0.30475 0.06933333 0.0215
0 0.013 0.27025 0.026 0.0145
0 0.017 0.33025 0.034 0.0185
0 0.044 0.69675 0.00333333 0.1375
0 0.08666667 0.634 0.042 0.023
0 0.09083333 0.608 0.027 0.
0 0.1235 0.634 0.04233333 0.039
0 0.10333333 0.59025 0.04666667 0.0435
0 0.1015 0.6605 0.03966667 0.027
0 0.06483333 0.766 0.027 0.136
0 0.0305 0.89275 0.05566667 0.0095
0 0.05166667 0.9635 0.08 0.073
0 0.14283333 0.87525 0.009 0.0555
0 0.17483333 0.81125 0.02233333 0.0865
0 0.41866667 0.92575 0.09 0.0135
0 0.3935 0.98925 0.12566667 0.0215
0 0.33433333 0.93125 0.05933333 0.0185
0 0.42016667 0.756 0.04766667 0.03
0 0.44283333 0.442 0.01966667 0.057
0 0.39666667 0.205 0.046 0.089
0 0.45066667 0.15225 0.096 0.0325
0 0.32383333 0.25825 0.08366667 0.1875
0 0.39666667 0.1395 0.064 0.05
0 0.86783333 0.624 0.09166667 0.051
0 0.835 0.66825 0.12133333 0.0835
0 0.23016667 0.96575 0.009 0.0685
0 0.182 0.3625 0.10333333 0.089
