0 0.38416667 0.67375 0.105 0.0375
0 0.07683333 0.48 0.06766667 0.151
0 0.1155 0.43525 0.019 0.0915
0 0.15183333 0.38275 0.011 0.1105
0 0.25966667 0.06125 0.054 0.1225
0 0.82733333 0.6165 0.04133333 0.074
0 0.81183333 0.81725 0.04033333 0.0285
0 0.7915 0.7965 0.01433333 0.049
0 0.168 0.928 0.10266667 0.139
0 0.12983333 0.91775 0.127 0.1645
0 0.11816667 0.9595 0.053 0.078
0 0.0575 0.91025 0.115 0.1685
0 0.09916667 0.67925 0.001 0.0885
0 0.08766667 0.69475 0.00266667 0.0635
0 0.672 0.5835 0.04866667 0.024
0 0.60466667 0.8235 0.08466667 0.024
0 0.42416667 0.1845 0.01966667 0.07
