0 0.44933333 0.17 0.11133333 0.035
0 0.41683333 0.1295 0.04833333 0.016
0 0.44333333 0.11175 0.096 0.0405
0 0.31483333 0.1665 0.13033333 0.039
0 0.30633333 0.1415 0.06666667 0.027
0 0.2975 0.0545 0.061 0.039
0 0.539 0.789 0.07733333 0.058
0 0.57416667 0.7345 0.221 0.164
0 0.707 0.59425 0.07 0.0865
0 0.79916667 0.833 0.06766667 0.027
0 0.84983333 0.874 0.027 0.053
0 0.83383333 0.221 0.17766667 0.005
0 0.90883333 0.31875 0.071 0.0065
0 0.90833333 0.504 0.05733333 0.057
0 0.87733333 0.51125 0.132 0.1145
0 0.97716667 0.517 0.04566667 0.05
0 0.6545 0.246 0.10166667 0.05
0 0.6635 0.223 0.09433333 0.034
0 0.63383333 0.081 0.017 0.143
0 0.65816667 0.109 0.00966667 0.178
0 0.59383333 0.11725 0.06833333 0.0535
0 0.445 0.1025 0.1 0.05
0 0.30716667 0.16 0.095 0.041
0 0.63583333 0.07875 0.015 0.1305
0 0.65616667 0.11875 0.005 0.1895
0 0.82716667 0.218 0.16166667 0.009
0 0.87016667 0.512 0.12433333 0.109
0 0.97283333 0.52425 0.04233333 0.0485
0 0.7075 0.59325 0.06566667 0.0865
0 0.62583333 0.69775 0.13233333 0.0985
0 0.53633333 0.7945 0.06266667 0.053
0 0.50466667 0.78625 0.092 0.0665
