0 0.66116667 0.34225 0.01433333 0.0805
0 0.60866667 0.529 0.04933333 0.125
0 0.60283333 0.5425 0.03033333 0.069
0 0.5525 0.58775 0.03233333 0.0595
0 0.4035 0.5445 0.10966667 0.065
0 0.52866667 0.6065 0.05133333 0.038
0 0.11466667 0.525 0.04933333 0.109
0 0.43983333 0.267 0.05633333 0.027
0 0.41833333 0.341 0.07466667 0.086
0 0.549 0.0365 0.00733333 0.062
0 0.49866667 0.05775 0.01266667 0.0485
0 0.50083333 0.08625 0.02766667 0.0405
0 0.703 0.432 0.06733333 0.063
0 0.699 0.5795 0.072 0.011
0 0.73133333 0.599 0.06133333 0.066
0 0.822 0.58025 0.01066667 0.0745
0 0.98116667 0.40575 0.01233333 0.1805
0 0.965 0.44425 0.02533333 0.0525
0 0.6995 0.91575 0.06366667 0.1685
0 0.53683333 0.74275 0.07633333 0.1645
0 0.544 0.73775 0.026 0.0605
0 0.53766667 0.659 0.03133333 0.073
0 0.699 0.4675 0.05733333 0.07
