0 0.47066667 0.56675 0.10066667 0.0445
0 0.235 0.6105 0.096 0.081
0 0.252 0.72425 0.07266667 0.0365
0 0.3585 0.2 0.10233333 0.012
0 0.52466667 0.26225 0.05733333 0.0525
0 0.48116667 0.20875 0.08366667 0.0645
0 0.62483333 0.31325 0.055 0.0525
0 0.98333333 0.051 0.03333333 0.035
0 0.995 0.1165 0.01 0.023
0 0.97533333 0.96025 0.04933333 0.0555
0 0.98916667 0.91925 0.02166667 0.0325
0 0.642 0.6435 0.008 0.066
0 0.44016667 0.7675 0.045 0.015
0 0.1325 0.5715 0.06366667 0.027
0 0.29233333 0.3585 0.026 0.181
0 0.30183333 0.322 0.02166667 0.148
