0 0.32383333 0.707 0.04033333 0.128
0 0.20083333 0.65175 0.06033333 0.0875
0 0.18683333 0.70975 0.063 0.0795
0 0.1285 0.60525 0.16366667 0.2345
0 0.89116667 0.15025 0.17433333 0.1145
0 0.80916667 0.05275 0.071 0.0485
0 0.77216667 0.16175 0.04233333 0.0865
0 0.7995 0.174 0.03233333 0.078
0 0.872 0.177 0.13733333 0.093
0 0.80683333 0.66575 0.07366667 0.1535
0 0.56916667 0.8255 0.01166667 0.071
0 0.406 0.85175 0.09533333 0.2805
0 0.90566667 0.15375 0.17666667 0.1225
0 0.8045 0.6765 0.08166667 0.18
0 0.32266667 0.70775 0.04933333 0.1395
0 0.12833333 0.60375 0.15133333 0.2285
0 0.198 0.66825 0.07866667 0.1275
