0 0.50416667 0.44 0.05033333 0.026
0 0.53366667 0.4285 0.06266667 0.051
0 0.567 0.60775 0.052 0.0025
0 0.26516667 0.82825 0.05033333 0.0605
0 0.36333333 0.723 0.04933333 0.055
0 0.34266667 0.68525 0.05133333 0.0365
0 0.34816667 0.70275 0.03833333 0.0365
0 0.3055 0.23575 0.00566667 0.0675
0 0.3325 0.2595 0.00366667 0.069
0 0.07083333 0.06325 0.097 0.0725
0 0.8305 0.07675 0.11233333 0.0785
0 0.69266667 0.03825 0.05733333 0.0175
0 0.57016667 0.13 0.04033333 0.05
0 0.7655 0.469 0.065 0.
0 0.88016667 0.51 0.13033333 0.004
0 0.8795 0.53775 0.13833333 0.0375
0 0.95066667 0.593 0.04666667 0.008
0 0.86666667 0.362 0.21666667 0.217
0 0.73633333 0.18875 0.05133333 0.0405
0 0.73 0.254 0.07466667 0.074
0 0.0665 0.5385 0.07033333 0.109
0 0.17166667 0.16575 0.04866667 0.1505
0 0.522 0.01875 0. 0.0375
0 0.90566667 0.0985 0.036 0.089
0 0.95416667 0.725 0.07366667 0.03
0 0.58 0.9785 0.04066667 0.043
