0 0.35666667 0.855 0.06666667 0.047
0 0.73083333 0.6495 0.09966667 0.054
0 0.7695 0.60725 0.09233333 0.0365
0 0.83833333 0.57075 0.07733333 0.0285
0 0.92633333 0.537 0.05933333 0.023
0 0.77933333 0.7575 0.044 0.019
0 0.82033333 0.84175 0.038 0.0065
0 0.62366667 0.97575 0.06466667 0.0215
0 0.6155 0.744 0.03033333 0.024
0 0.70033333 0.455 0.132 0.112
0 0.61316667 0.39625 0.04966667 0.0105
0 0.80066667 0.4515 0.088 0.07
0 0.81133333 0.55 0.04133333 0.035
0 0.98033333 0.3135 0.02866667 0.047
0 0.94433333 0.29775 0.02133333 0.0025
0 0.94433333 0.26475 0.02866667 0.0015
0 0.17566667 0.335 0.06733333 0.109
0 0.19583333 0.64375 0.07566667 0.0525
0 0.18883333 0.52575 0.03233333 0.0755
0 0.24966667 0.7205 0.09533333 0.066
0 0.386 0.56525 0.03866667 0.0685
0 0.38916667 0.543 0.045 0.073
0 0.06683333 0.45025 0.00633333 0.0995
0 0.08233333 0.448 0.00266667 0.101
