0 0.06216667 0.13175 0.08766667 0.0275
0 0.294 0.30525 0.2 0.2315
0 0.45 0.46825 0.094 0.1455
0 0.51916667 0.35075 0.03833333 0.0565
0 0.60966667 0.34 0.03133333 0.065
0 0.6385 0.31825 0.02433333 0.0575
0 0.7505 0.285 0.04033333 0.206
0 0.79733333 0.24325 0.03333333 0.1985
0 0.76733333 0.5265 0.1 0.062
0 0.88433333 0.52725 0.03533333 0.0815
0 0.77016667 0.7395 0.04766667 0.097
0 0.8925 0.75225 0.06166667 0.1405
0 0.57166667 0.82025 0.12333333 0.1075
0 0.60366667 0.9265 0.03333333 0.114
0 0.57216667 0.90625 0.04966667 0.1425
0 0.52633333 0.91225 0.06266667 0.1575
0 0.44033333 0.40375 0.04866667 0.0315
