0 0.13833333 0.1355 0.08266667 0.065
0 0.212 0.14925 0.07466667 0.0595
0 0.28183333 0.056 0.079 0.112
0 0.32166667 0.05975 0.05533333 0.0715
0 0.37433333 0.1085 0.04533333 0.056
0 0.40266667 0.093 0.16666667 0.162
0 0.41816667 0.02425 0.04433333 0.0395
0 0.56 0.18175 0.02733333 0.0755
0 0.66416667 0.369 0.06966667 0.153
0 0.689 0.46075 0.06666667 0.1665
0 0.41216667 0.3075 0.05233333 0.097
0 0.42716667 0.25375 0.097 0.1985
0 0.18433333 0.965 0.074 0.
0 0.06216667 0.92425 0.05166667 0.0125
0 0.0585 0.89025 0.04833333 0.0255
0 0.097 0.88125 0.06466667 0.0105
0 0.51566667 0.75975 0.01733333 0.1135
