0 0.1525 0.31575 0.095 0.1955
0 0.07683333 0.48325 0.03433333 0.0725
0 0.32716667 0.197 0.097 0.158
0 0.2475 0.17125 0.081 0.1455
0 0.21516667 0.353 0.04033333 0.1
0 0.349 0.65775 0.03733333 0.1485
0 0.26666667 0.68425 0.06666667 0.2105
0 0.2555 0.91425 0.05233333 0.0165
0 0.51316667 0.6265 0.117 0.341
0 0.66616667 0.81425 0.177 0.0955
0 0.64033333 0.93875 0.08066667 0.0255
0 0.84533333 0.76825 0.07466667 0.0725
0 0.78633333 0.69925 0.074 0.0255
0 0.84283333 0.56975 0.14033333 0.0455
0 0.642 0.70225 0.04533333 0.1715
0 0.693 0.61225 0.06866667 0.0305
0 0.66716667 0.056 0.011 0.112
0 0.67166667 0.26975 0.006 0.1515
0 0.9 0.87975 0.006 0.1015
0 0.97433333 0.87575 0.02133333 0.1275
0 0.92266667 0.697 0.02533333 0.03
0 0.90566667 0.6455 0.03133333 0.03
0 0.9935 0.49925 0.003 0.0745
