0 0.588 0.7905 0.02066667 0.282
0 0.5585 0.635 0.001 0.062
0 0.54983333 0.94875 0.011 0.1025
0 0.53633333 0.9435 0.01266667 0.113
0 0.30516667 0.4085 0.159 0.232
0 0.20516667 0.5115 0.13566667 0.187
0 0.262 0.36525 0.098 0.1135
0 0.15733333 0.05925 0.018 0.1185
0 0.29616667 0.21225 0.13566667 0.1225
0 0.3885 0.05175 0.123 0.0095
0 0.69716667 0.07675 0.027 0.0565
0 0.71383333 0.1565 0.07433333 0.186
0 0.59166667 0.256 0.08733333 0.156
0 0.66516667 0.666 0.02966667 0.062
0 0.9195 0.0755 0.04033333 0.065
