0 0.396 0.1205 0.04466667 0.138
0 0.46416667 0.0895 0.07166667 0.179
0 0.48233333 0.28025 0.08 0.1485
0 0.5385 0.31275 0.04233333 0.0925
0 0.57533333 0.30825 0.03133333 0.0835
0 0.7585 0.4 0.105 0.036
0 0.59183333 0.5055 0.097 0.059
0 0.59333333 0.53325 0.094 0.0575
0 0.70266667 0.488 0.16466667 0.091
0 0.66016667 0.4295 0.05766667 0.035
0 0.51566667 0.84925 0.19266667 0.1315
0 0.1105 0.466 0.12833333 0.05
0 0.12783333 0.48175 0.06766667 0.0275
0 0.78083333 0.28325 0.117 0.0365
0 0.71816667 0.22875 0.125 0.0155
0 0.76716667 0.6895 0.03566667 0.191
0 0.892 0.372 0.05066667 0.053
