0 0.363 0.61875 0.09733333 0.0055
0 0.41866667 0.5985 0.06666667 0.046
0 0.5885 0.4185 0.23366667 0.036
0 0.6685 0.37675 0.09366667 0.0175
0 0.5445 0.4805 0.10233333 0.004
0 0.62583333 0.53575 0.123 0.0175
0 0.55483333 0.7965 0.107 0.148
0 0.47166667 0.7035 0.052 0.113
0 0.20483333 0.68875 0.08433333 0.0055
0 0.15716667 0.60575 0.117 0.0015
0 0.19133333 0.57275 0.05933333 0.0055
0 0.20583333 0.54175 0.09166667 0.0055
0 0.25333333 0.36275 0.14 0.2965
0 0.03016667 0.28575 0.04033333 0.0595
0 0.057 0.16575 0.04933333 0.0865
0 0.09116667 0.33425 0.05633333 0.1055
0 0.14466667 0.82275 0.038 0.0685
0 0.20083333 0.9455 0.00633333 0.09
0 0.544 0.713 0.15533333 0.259
0 0.757 0.69275 0.082 0.0595
0 0.7305 0.62 0.205 0.129
0 0.55433333 0.58625 0.06266667 0.0485
0 0.86733333 0.7425 0.14466667 0.038
0 0.87816667 0.765 0.09966667 0.023
0 0.95333333 0.963 0.09333333 0.058
0 0.92233333 0.382 0.114 0.063
0 0.85 0.36975 0.06466667 0.0445
0 0.81616667 0.17725 0.159 0.1015
0 0.9285 0.2505 0.143 0.019
0 0.80266667 0.1415 0.17333333 0.151
0 0.677 0.965 0.06933333 0.07
0 0.04216667 0.74925 0.01633333 0.1375
0 0.07366667 0.76475 0.02133333 0.1575
0 0.01666667 0.75525 0.01533333 0.1145
0 0.06383333 0.376 0.12766667 0.148
0 0.33466667 0.19125 0.044 0.0375
0 0.9115 0.71225 0.109 0.0145
0 0.97983333 0.333 0.04033333 0.043
