0 0.1065 0.072 0.05366667 0.083
0 0.26866667 0.04775 0.028 0.0955
0 0.31416667 0.4765 0.00633333 0.171
0 0.22933333 0.31225 0.022 0.2365
0 0.344 0.69225 0.01733333 0.2635
0 0.31916667 0.86 0.01233333 0.138
0 0.80616667 0.838 0.105 0.097
0 0.91816667 0.6865 0.05233333 0.1
0 0.72183333 0.66975 0.06966667 0.0395
0 0.71816667 0.44 0.02233333 0.135
0 0.556 0.63425 0.094 0.1895
0 0.62566667 0.67975 0.106 0.2015
0 0.2995 0.26075 0.11433333 0.2395
0 0.06316667 0.293 0.05766667 0.038
0 0.03783333 0.61825 0.007 0.0635
0 0.0085 0.594 0.005 0.112
