0 0.38683333 0.0385 0.095 0.029
0 0.36566667 0.241 0.06466667 0.118
0 0.305 0.38475 0.06066667 0.0275
0 0.5005 0.735 0.13833333 0.003
0 0.54783333 0.79475 0.13233333 0.0105
0 0.44133333 0.69 0.13133333 0.038
0 0.66116667 0.2985 0.13433333 0.021
0 0.4405 0.2925 0.04633333 0.1
0 0.449 0.159 0.06333333 0.006
0 0.8565 0.17975 0.05233333 0.1075
0 0.82433333 0.36825 0.13733333 0.0425
0 0.72266667 0.38775 0.02333333 0.0485
0 0.47066667 0.9515 0.06466667 0.085
0 0.36716667 0.98575 0.06166667 0.0015
0 0.412 0.95675 0.06666667 0.0045
