0 0.148 0.31975 0.11866667 0.0915
0 0.09516667 0.164 0.04166667 0.044
0 0.21283333 0.076 0.059 0.015
0 0.77616667 0.53775 0.081 0.0745
0 0.85166667 0.4625 0.04 0.041
0 0.8905 0.3775 0.06166667 0.058
0 0.8685 0.2455 0.173 0.014
0 0.97216667 0.312 0.05566667 0.
0 0.91366667 0.43325 0.08 0.0975
0 0.80366667 0.70925 0.02733333 0.1415
0 0.80866667 0.78625 0.01466667 0.0885
0 0.83266667 0.821 0.01 0.194
0 0.856 0.778 0.018 0.143
0 0.85433333 0.8995 0.01733333 0.116
0 0.85533333 0.84925 0.02066667 0.0435
0 0.842 0.12775 0.084 0.0525
0 0.37183333 0.596 0.14366667 0.107
0 0.48616667 0.605 0.02766667 0.052
0 0.59966667 0.5005 0.08533333 0.018
0 0.042 0.25575 0.084 0.0525
0 0.69466667 0.9525 0.01333333 0.095
