0 0.3125 0.196 0.02633333 0.152
0 0.34366667 0.371 0.028 0.106
0 0.37716667 0.4365 0.02033333 0.122
0 0.4415 0.3795 0.03766667 0.181
0 0.44466667 0.725 0.00733333 0.127
0 0.3645 0.84125 0.063 0.2105
0 0.655 0.73825 0.00133333 0.0755
0 0.638 0.70675 0.006 0.1305
0 0.75566667 0.56725 0.00533333 0.1215
0 0.73566667 0.454 0.012 0.187
0 0.75883333 0.1 0.045 0.138
0 0.77816667 0.10025 0.03166667 0.1115
0 0.88416667 0.26375 0.12033333 0.0285
0 0.63016667 0.298 0.027 0.091
0 0.66816667 0.84975 0.05433333 0.0885
