0 0.2345 0.54325 0.061 0.0025
0 0.15183333 0.5585 0.061 0.012
0 0.018 0.5485 0.03066667 0.084
0 0.09083333 0.64625 0.061 0.0635
0 0.01933333 0.684 0.03866667 0.104
0 0.483 0.94625 0.062 0.0405
0 0.438 0.89425 0.05666667 0.0015
0 0.93666667 0.94075 0.07266667 0.1185
0 0.96533333 0.5325 0.05133333 0.043
0 0.99133333 0.5645 0.01533333 0.035
0 0.98566667 0.5925 0.02866667 0.066
0 0.98016667 0.27425 0.00366667 0.1115
0 0.91866667 0.31525 0.00266667 0.0645
0 0.81316667 0.30875 0.00166667 0.0595
0 0.0315 0.395 0.063 0.043
0 0.4955 0.03525 0.06033333 0.0135
0 0.3845 0.1415 0.03433333 0.035
0 0.40166667 0.11325 0.02333333 0.0535
0 0.384 0.11925 0.01533333 0.0395
0 0.35 0.041 0.03866667 0.082
