0 0.21516667 0.176 0.07966667 0.128
0 0.28066667 0.171 0.03866667 0.027
0 0.3415 0.17725 0.10966667 0.0635
0 0.3795 0.09025 0.00633333 0.1805
0 0.5305 0.178 0.00633333 0.116
0 0.55 0.1665 0.02333333 0.104
0 0.52166667 0.06675 0.03866667 0.1015
0 0.64733333 0.05525 0.00466667 0.0565
0 0.61633333 0.3685 0.00733333 0.09
0 0.54 0.392 0.016 0.248
0 0.553 0.3435 0.01533333 0.132
0 0.54366667 0.52375 0.02333333 0.0985
0 0.691 0.82475 0. 0.1055
0 0.73 0.8045 0.05133333 0.17
0 0.1865 0.94625 0.02966667 0.0295
0 0.15866667 0.9455 0.028 0.031
0 0.6635 0.126 0.00633333 0.066
0 0.02966667 0.06 0.05933333 0.028
