0 0.2425 0.5855 0.087 0.041
0 0.26616667 0.488 0.09366667 0.012
0 0.21816667 0.3925 0.099 0.033
0 0.5385 0.22575 0.091 0.0755
0 0.547 0.262 0.122 0.097
0 0.53633333 0.3145 0.15933333 0.132
0 0.56366667 0.472 0.05466667 0.053
0 0.54133333 0.491 0.13933333 0.091
0 0.19183333 0.921 0.105 0.103
0 0.22466667 0.91575 0.096 0.1075
0 0.23433333 0.9575 0.05066667 0.082
0 0.02583333 0.82325 0.05166667 0.1015
0 0.196 0.83325 0.02 0.1425
0 0.56166667 0.86675 0.12733333 0.0455
0 0.3965 0.875 0.11633333 0.038
0 0.31816667 0.72425 0.081 0.0815
0 0.81566667 0.8615 0.094 0.235
0 0.845 0.5675 0.084 0.035
0 0.53483333 0.0265 0.06366667 0.053
0 0.55366667 0.078 0.13133333 0.108
0 0.7015 0.141 0.09366667 0.079
0 0.31866667 0.18925 0.14066667 0.1425
