0 0.24133333 0.0855 0.01333333 0.171
0 0.19716667 0.066 0.03166667 0.132
0 0.218 0.02975 0.008 0.0595
0 0.27933333 0.04975 0. 0.0995
0 0.3105 0.02975 0.017 0.0595
0 0.29833333 0.033 0.02 0.066
0 0.22233333 0.15425 0.02266667 0.0715
0 0.713 0.38625 0.03133333 0.1955
0 0.78066667 0.4805 0.09333333 0.047
0 0.81183333 0.4445 0.125 0.062
0 0.78266667 0.96775 0.04133333 0.0645
0 0.82516667 0.8765 0.001 0.066
0 0.8045 0.8065 0.00433333 0.193
0 0.79566667 0.83675 0.008 0.1105
0 0.8225 0.74325 0.00966667 0.1225
0 0.60883333 0.041 0.035 0.082
0 0.55833333 0.1495 0.08733333 0.097
