0 0.0625 0.1765 0.03433333 0.147
0 0.06716667 0.40825 0.021 0.1255
0 0.098 0.51575 0.188 0.0135
0 0.24 0.4985 0.088 0.018
0 0.255 0.5395 0.05133333 0.
0 0.26716667 0.6355 0.05166667 0.05
0 0.11816667 0.78625 0.073 0.0695
0 0.23833333 0.722 0.07466667 0.041
0 0.23983333 0.80225 0.12833333 0.1565
0 0.41716667 0.75975 0.093 0.0715
0 0.47033333 0.7295 0.098 0.014
0 0.41066667 0.647 0.094 0.073
0 0.361 0.43925 0.108 0.0515
0 0.36816667 0.46825 0.05966667 0.0335
0 0.464 0.37425 0.104 0.0515
0 0.52883333 0.379 0.07766667 0.006
0 0.4515 0.33175 0.23233333 0.0485
0 0.57416667 0.48325 0.06766667 0.0335
0 0.6615 0.5395 0.03833333 0.027
0 0.78983333 0.88475 0.15366667 0.2245
0 0.6925 0.17425 0.06166667 0.0695
0 0.756 0.25925 0.082 0.0515
