0 0.06116667 0.772 0.12233333 0.08
0 0.03683333 0.5395 0.06566667 0.009
0 0.2545 0.6925 0.109 0.121
0 0.27466667 0.36075 0.06466667 0.1545
0 0.28683333 0.3365 0.05433333 0.118
0 0.31766667 0.3365 0.04533333 0.121
0 0.46466667 0.162 0.04866667 0.124
0 0.3605 0.31525 0.03633333 0.0665
0 0.37333333 0.34925 0.04133333 0.0535
0 0.805 0.366 0.14133333 0.041
0 0.93733333 0.41275 0.11533333 0.0195
0 0.86166667 0.441 0.14133333 0.
0 0.9455 0.4635 0.103 0.021
0 0.96216667 0.50525 0.07366667 0.0105
0 0.77983333 0.479 0.081 0.
0 0.956 0.57125 0.03733333 0.0695
0 0.86666667 0.638 0.07866667 0.085
0 0.93883333 0.86125 0.06966667 0.0105
0 0.9015 0.83425 0.03766667 0.0135
0 0.45 0.90225 0.072 0.1655
0 0.4 0.95825 0.024 0.0835
0 0.504 0.75075 0.022 0.1255
0 0.4145 0.51575 0.003 0.0955
0 0.43833333 0.432 0.05266667 0.106
0 0.44083333 0.556 0.009 0.127
