0 0.40516667 0.4445 0.24633333 0.104
0 0.62516667 0.5915 0.08233333 0.045
0 0.682 0.48375 0.102 0.1235
0 0.80766667 0.62725 0.11733333 0.0665
0 0.8815 0.64275 0.07166667 0.0455
0 0.88666667 0.613 0.07933333 0.044
0 0.97983333 0.5935 0.04033333 0.037
0 0.69283333 0.59225 0.04366667 0.0815
0 0.66066667 0.65075 0.018 0.0675
0 0.66016667 0.72275 0.033 0.0725
0 0.48366667 0.90275 0.09733333 0.1945
0 0.3765 0.61425 0.07633333 0.2275
0 0.338 0.58925 0.084 0.2425
0 0.30383333 0.29625 0.147 0.0775
0 0.32783333 0.2795 0.07966667 0.017
0 0.26283333 0.1585 0.15633333 0.023
0 0.39 0.20525 0.07266667 0.0825
0 0.5425 0.34175 0.14166667 0.1625
0 0.5295 0.2365 0.13966667 0.189
0 0.46983333 0.0745 0.083 0.004
0 0.82516667 0.13525 0.151 0.0615
0 0.8195 0.09425 0.12233333 0.0535
0 0.7275 0.11075 0.13833333 0.1165
0 0.68766667 0.19825 0.11066667 0.0405
0 0.74733333 0.2155 0.144 0.036
0 0.957 0.1 0.086 0.005
0 0.32316667 0.35225 0.11633333 0.0425
0 0.14966667 0.35775 0.13133333 0.0675
0 0.43516667 0.6755 0.05566667 0.02
0 0.17683333 0.11225 0.155 0.0255
0 0.15866667 0.139 0.108 0.016
0 0.16133333 0.18775 0.08133333 0.0275
0 0.13116667 0.26925 0.159 0.0455
0 0.044 0.25675 0.088 0.0265
0 0.17683333 0.059 0.18166667 0.009
0 0.77683333 0.54675 0.04233333 0.0625
0 0.7845 0.507 0.043 0.025
0 0.70233333 0.3825 0.006 0.119
0 0.73666667 0.42975 0.00866667 0.0865
