0 0.318 0.43325 0.018 0.0985
0 0.354 0.428 0.00533333 0.047
0 0.33683333 0.132 0.027 0.143
0 0.02383333 0.19 0.04766667 0.043
0 0.02466667 0.35925 0.04933333 0.1875
0 0.74666667 0.9095 0.106 0.008
0 0.805 0.80125 0.11666667 0.0365
0 0.92633333 0.7755 0.06133333 0.031
0 0.97266667 0.7385 0.05466667 0.062
0 0.02416667 0.1885 0.04833333 0.044
0 0.02066667 0.3635 0.04133333 0.188
0 0.33783333 0.13325 0.023 0.1485
0 0.31516667 0.43425 0.01633333 0.1045
0 0.803 0.8 0.13933333 0.048
0 0.752 0.9045 0.112 0.
0 0.939 0.76275 0.102 0.0775
