0 0.151 0.5545 0.13666667 0.082
0 0.09383333 0.558 0.123 0.067
0 0.048 0.6745 0.07266667 0.009
0 0.1595 0.85375 0.06766667 0.0525
0 0.11366667 0.826 0.064 0.016
0 0.0455 0.8625 0.06566667 0.038
0 0.05216667 0.888 0.10433333 0.054
0 0.20766667 0.7655 0.124 0.
0 0.34233333 0.94275 0.05933333 0.1145
0 0.31233333 0.96775 0.03333333 0.0645
0 0.78383333 0.61525 0.04233333 0.0065
0 0.83733333 0.02825 0.02333333 0.0565
0 0.67433333 0.085 0.13733333 0.062
0 0.64416667 0.14675 0.08633333 0.0135
0 0.31183333 0.91975 0.10766667 0.1605
0 0.06916667 0.492 0.01966667 0.07
0 0.08666667 0.49725 0.01 0.0435
