0 0.27266667 0.6225 0.01333333 0.124
0 0.11283333 0.32225 0.04233333 0.0135
0 0.10683333 0.298 0.06833333 0.027
0 0.04666667 0.26475 0.09 0.0015
0 0.04766667 0.30925 0.07733333 0.0015
0 0.22866667 0.94625 0.08866667 0.0405
0 0.884 0.68675 0.04133333 0.0205
0 0.9295 0.61775 0.08166667 0.0715
0 0.98333333 0.55125 0.03333333 0.0135
0 0.92316667 0.802 0.06033333 0.024
0 0.75433333 0.1375 0.07266667 0.04
0 0.86116667 0.134 0.089 0.023
0 0.88766667 0.09025 0.09 0.0325
0 0.4305 0.09425 0.05566667 0.0375
0 0.56566667 0.04925 0.028 0.0985
0 0.54216667 0.03425 0.01366667 0.0685
0 0.509 0.103 0.01733333 0.093
