0 0.46266667 0.441 0.11133333 0.003
0 0.34233333 0.06375 0.07666667 0.0455
0 0.39033333 0.03025 0.16666667 0.0545
0 0.16166667 0.0645 0.07066667 0.041
0 0.1075 0.32725 0.15033333 0.1935
0 0.31866667 0.4295 0.098 0.05
0 0.26216667 0.36075 0.06566667 0.0485
0 0.414 0.797 0.06466667 0.142
0 0.4495 0.9265 0.111 0.126
0 0.52833333 0.67325 0.05066667 0.1015
0 0.49183333 0.72875 0.04833333 0.0695
0 0.62733333 0.7165 0.05666667 0.094
0 0.67983333 0.638 0.05233333 0.003
0 0.75566667 0.575 0.06266667 0.026
0 0.8975 0.47875 0.201 0.1125
0 0.96366667 0.30925 0.06666667 0.0485
0 0.808 0.803 0.012 0.173
0 0.795 0.92125 0.08866667 0.0815
0 0.83033333 0.9475 0.05266667 0.053
