0 0.5125 0.659 0.089 0.054
0 0.48066667 0.7755 0.04866667 0.015
0 0.44916667 0.40225 0.16366667 0.0205
0 0.49733333 0.42925 0.05866667 0.0015
0 0.6015 0.47775 0.04233333 0.0525
0 0.893 0.6225 0.01266667 0.078
0 0.8975 0.892 0.05033333 0.07
0 0.02016667 0.223 0.04033333 0.023
0 0.058 0.37275 0.116 0.0095
0 0.182 0.05675 0.10533333 0.1025
0 0.70033333 0.16975 0.078 0.0185
0 0.72 0.343 0.00266667 0.104
0 0.709 0.2615 0. 0.03
0 0.93666667 0.033 0.08333333 0.066
0 0.71966667 0.0525 0.052 0.03
0 0.70883333 0.03775 0.08433333 0.0535
