0 0.6305 0.49075 0.065 0.0395
0 0.658 0.40625 0.03 0.0235
0 0.69966667 0.519 0.06 0.029
0 0.56983333 0.57675 0.07766667 0.0665
0 0.501 0.742 0.064 0.056
0 0.49416667 0.688 0.05433333 0.025
0 0.03633333 0.17375 0.01333333 0.2005
0 0.04766667 0.08125 0.04266667 0.0855
0 0.00733333 0.1645 0.008 0.194
0 0.3825 0.128 0.15033333 0.03
0 0.3825 0.128 0.15033333 0.03
0 0.85216667 0.455 0.04633333 0.034
0 0.87916667 0.48325 0.03766667 0.0425
0 0.65783333 0.5325 0.03633333 0.036
0 0.42383333 0.056 0.11766667 0.027
