0 0.89333333 0.03725 0.112 0.0105
0 0.88383333 0.191 0.089 0.027
0 0.8105 0.1885 0.06166667 0.032
0 0.848 0.247 0.04733333 0.018
0 0.73066667 0.23475 0.102 0.0365
0 0.92733333 0.5445 0.05466667 0.041
0 0.96766667 0.613 0.04066667 0.041
0 0.857 0.51875 0.098 0.0985
0 0.77066667 0.47725 0.05866667 0.0605
0 0.894 0.625 0.05666667 0.05
0 0.87633333 0.7895 0.04533333 0.121
0 0.9065 0.48025 0.007 0.0785
0 0.40966667 0.091 0.02133333 0.091
0 0.48433333 0.215 0.04133333 0.085
0 0.47316667 0.68325 0.05166667 0.0185
0 0.51016667 0.6855 0.02833333 0.032
