0 0.06516667 0.4085 0.04366667 0.165
0 0.0445 0.629 0.02633333 0.203
0 0.51416667 0.6225 0.113 0.003
0 0.67683333 0.39925 0.095 0.0015
0 0.744 0.318 0.05133333 0.012
0 0.51716667 0.2545 0.13566667 0.009
0 0.6985 0.144 0.06766667 0.003
0 0.946 0.5395 0.03533333 0.121
0 0.87133333 0.61975 0.03133333 0.0515
0 0.82866667 0.65375 0.02533333 0.0345
0 0.72016667 0.7205 0.077 0.111
0 0.78016667 0.84625 0.07166667 0.0655
0 0.76666667 0.80925 0.05066667 0.0485
0 0.56366667 0.934 0.07266667 0.077
0 0.57833333 0.978 0.02333333 0.032
0 0.86466667 0.307 0.09466667 0.141
0 0.82833333 0.397 0.006 0.079
