0 0.24583333 0.35575 0.08366667 0.2295
0 0.21383333 0.36525 0.02366667 0.0835
0 0.1685 0.57625 0.087 0.1925
0 0.16483333 0.533 0.037 0.093
0 0.1995 0.74925 0.043 0.0755
0 0.27416667 0.6185 0.05033333 0.1
0 0.11233333 0.88225 0.08266667 0.1415
0 0.07766667 0.80325 0.15533333 0.1265
0 0.48233333 0.2385 0.02333333 0.17
0 0.46133333 0.467 0.02266667 0.074
0 0.355 0.419 0.04133333 0.108
0 0.36066667 0.3465 0.03866667 0.124
0 0.35033333 0.45825 0.03066667 0.0565
0 0.43083333 0.73575 0.107 0.0215
0 0.53866667 0.8815 0.05666667 0.054
0 0.73716667 0.96025 0.06366667 0.0795
0 0.56916667 0.45275 0.051 0.0595
0 0.08933333 0.5985 0.06733333 0.038
0 0.08533333 0.576 0.07 0.023
0 0.09616667 0.6335 0.09366667 0.051
0 0.057 0.87475 0.114 0.0915
