0 0.41516667 0.4695 0.107 0.006
0 0.38783333 0.5015 0.081 0.006
0 0.48733333 0.5455 0.11 0.018
0 0.559 0.584 0.04533333 0.026
0 0.47733333 0.60225 0.03933333 0.0285
0 0.58333333 0.54475 0.01133333 0.0895
0 0.57216667 0.45375 0.005 0.0595
0 0.456 0.2865 0.03533333 0.
0 0.48083333 0.378 0.04633333 0.032
0 0.17066667 0.301 0.024 0.15
0 0.53783333 0.6795 0.07766667 0.017
0 0.83333333 0.741 0.208 0.024
0 0.97166667 0.8135 0.05666667 0.015
0 0.88533333 0.493 0.06133333 0.047
0 0.809 0.50675 0.05866667 0.0135
0 0.81766667 0.5485 0.04533333 0.018
0 0.77616667 0.06825 0.12233333 0.0515
0 0.91466667 0.12725 0.074 0.0365
