0 0.70166667 0.502 0.05733333 0.058
0 0.79866667 0.42525 0.07 0.0145
0 0.7565 0.45475 0.03966667 0.0255
0 0.70666667 0.019 0.08533333 0.035
0 0.66083333 0.0155 0.06566667 0.031
0 0.93216667 0.074 0.06766667 0.016
0 0.9205 0.017 0.04566667 0.004
0 0.9775 0.02075 0.045 0.0015
0 0.9685 0.33425 0.03766667 0.0455
0 0.15733333 0.85175 0.07733333 0.1645
0 0.1775 0.872 0.04766667 0.113
0 0.1285 0.8565 0.047 0.093
0 0.0885 0.58825 0.07966667 0.1195
0 0.0835 0.62875 0.08966667 0.1145
0 0.11766667 0.11325 0.10066667 0.0435
0 0.29916667 0.3175 0.08833333 0.012
0 0.51166667 0.2055 0.02066667 0.131
0 0.52783333 0.20075 0.015 0.0945
0 0.54416667 0.25075 0.01166667 0.0865
0 0.54583333 0.655 0.01366667 0.17
0 0.5705 0.564 0.05366667 0.077
