0 0.34166667 0.3465 0.11266667 0.016
0 0.32783333 0.3895 0.07833333 0.012
0 0.29483333 0.4235 0.045 0.007
0 0.45266667 0.40925 0.13333333 0.0155
0 0.53816667 0.4555 0.05366667 0.011
0 0.636 0.43175 0.00866667 0.0725
0 0.64633333 0.50275 0.008 0.0835
0 0.6775 0.371 0.01566667 0.059
0 0.71333333 0.64475 0.00666667 0.1095
0 0.6295 0.72875 0.039 0.0945
0 0.20033333 0.393 0.05333333 0.005
0 0.1305 0.611 0.03566667 0.107
0 0.111 0.55725 0.02466667 0.0915
0 0.0805 0.28075 0.05366667 0.0985
0 0.05 0.232 0.05066667 0.049
0 0.10816667 0.26425 0.04566667 0.0535
0 0.654 0.688 0.02866667 0.122
0 0.67716667 0.742 0.04166667 0.032
0 0.72783333 0.02475 0.01966667 0.0495
0 0.04766667 0.79725 0.09533333 0.0645
0 0.599 0.88875 0.05866667 0.0665
0 0.4725 0.33525 0.13966667 0.0325
0 0.4725 0.33525 0.13966667 0.0325
0 0.50783333 0.384 0.14833333 0.051
0 0.1875 0.369 0.03833333 0.035
0 0.1875 0.369 0.03833333 0.035
