0 0.168 0.6765 0.054 0.003
0 0.22333333 0.378 0.04933333 0.009
0 0.30916667 0.126 0.05033333 0.053
0 0.301 0.01475 0.02 0.0295
0 0.46716667 0.03525 0.04833333 0.0485
0 0.4595 0.089 0.053 0.032
0 0.62883333 0.12475 0.027 0.0205
0 0.55666667 0.08175 0.01333333 0.0175
0 0.61783333 0.3115 0.035 0.054
0 0.54366667 0.50125 0.052 0.0865
0 0.5535 0.4845 0.02166667 0.042
0 0.517 0.48675 0.026 0.0755
0 0.97116667 0.3415 0.05566667 0.19
0 0.90666667 0.94475 0.05933333 0.0645
0 0.85166667 0.841 0.036 0.032
0 0.881 0.83625 0.06733333 0.0365
0 0.58316667 0.054 0.05766667 0.054
0 0.017 0.029 0.034 0.028
0 0.562 0.86 0.06533333 0.078
0 0.57816667 0.82625 0.069 0.0725
0 0.64233333 0.38625 0.016 0.0335
0 0.63433333 0.395 0.01266667 0.035
0 0.40466667 0.7015 0.00266667 0.055
