0 0.827 0.2175 0.03133333 0.236
0 0.83683333 0.3125 0.01166667 0.07
0 0.95016667 0.4475 0.09966667 0.089
0 0.81816667 0.53425 0.04766667 0.0365
0 0.787 0.60325 0.04866667 0.0335
0 0.93566667 0.7795 0.00266667 0.077
0 0.70983333 0.9615 0.043 0.077
0 0.5345 0.9515 0.00166667 0.081
0 0.29833333 0.7985 0.07733333 0.023
0 0.33016667 0.752 0.09233333 0.04
0 0.65183333 0.409 0.04233333 0.009
0 0.6715 0.40625 0.08166667 0.0145
0 0.68383333 0.43325 0.185 0.0365
0 0.2535 0.58675 0.05033333 0.0365
0 0.64016667 0.6165 0.18033333 0.109
0 0.70266667 0.611 0.09533333 0.074
0 0.606 0.66725 0.132 0.0565
0 0.66666667 0.56075 0.15666667 0.0675
0 0.844 0.45075 0.02066667 0.0525
0 0.98966667 0.23375 0.01866667 0.1575
0 0.90516667 0.36125 0.035 0.1535
