0 0.07383333 0.15375 0.099 0.1225
0 0.12533333 0.3675 0.14733333 0.05
0 0.59583333 0.35675 0.02833333 0.1805
0 0.601 0.1545 0.04266667 0.224
0 0.58383333 0.88625 0.03433333 0.1695
0 0.01716667 0.63475 0.03433333 0.0335
0 0.42733333 0.2795 0.06466667 0.041
0 0.38333333 0.40175 0.108 0.0485
0 0.3925 0.4585 0.06366667 0.044
0 0.73233333 0.1835 0.06066667 0.
0 0.6955 0.246 0.12033333 0.047
0 0.67933333 0.28025 0.086 0.0395
0 0.715 0.337 0.06666667 0.053
0 0.72066667 0.366 0.05733333 0.053
0 0.93383333 0.219 0.05966667 0.062
