0 0.4185 0.32 0.081 0.024
0 0.57216667 0.2845 0.08766667 0.041
0 0.69266667 0.26675 0.09133333 0.0245
0 0.77116667 0.10725 0.02566667 0.0695
0 0.44866667 0.09875 0.136 0.1125
0 0.25066667 0.753 0.06 0.034
0 0.32416667 0.49075 0.04166667 0.0195
0 0.23283333 0.459 0.03233333 0.016
0 0.20233333 0.56125 0.112 0.0735
0 0.44183333 0.49075 0.03433333 0.0515
0 0.51083333 0.6865 0.141 0.022
0 0.67316667 0.744 0.031 0.093
0 0.07133333 0.76125 0.10266667 0.0605
0 0.11833333 0.6915 0.096 0.036
0 0.03183333 0.41225 0.06366667 0.0075
0 0.7965 0.56125 0.05233333 0.0675
0 0.8 0.901 0.07 0.028
0 0.5635 0.97975 0.04633333 0.0405
0 0.696 0.47125 0.00533333 0.0685
0 0.18616667 0.724 0.04233333 0.012
0 0.81483333 0.81625 0.04566667 0.0625
