0 0.18466667 0.75675 0.01733333 0.1145
0 0.13916667 0.5385 0.027 0.131
0 0.13566667 0.46025 0.02 0.0795
0 0.05883333 0.3485 0.107 0.015
0 0.026 0.39275 0.052 0.0095
0 0.08633333 0.88275 0.04133333 0.0485
0 0.13916667 0.86925 0.03766667 0.1405
0 0.13966667 0.95475 0.044 0.0875
0 0.17033333 0.86575 0.03666667 0.1495
0 0.1095 0.9765 0.045 0.047
0 0.26816667 0.77825 0.13566667 0.1255
0 0.39983333 0.7115 0.05033333 0.078
0 0.39 0.661 0.054 0.061
0 0.35166667 0.58375 0.06733333 0.1105
0 0.44416667 0.70625 0.02966667 0.0435
0 0.24883333 0.391 0.02166667 0.089
0 0.218 0.42725 0.026 0.1375
0 0.15366667 0.095 0.00533333 0.128
0 0.17033333 0.11925 0.01 0.0845
0 0.07133333 0.05925 0.05466667 0.0675
0 0.12266667 0.02275 0.01733333 0.0405
0 0.48516667 0.106 0.063 0.058
0 0.51716667 0.1395 0.06566667 0.063
0 0.602 0.0255 0.142 0.051
0 0.60233333 0.1785 0.05466667 0.093
0 0.71916667 0.2385 0.11966667 0.097
0 0.699 0.35725 0.10933333 0.0835
0 0.80916667 0.4015 0.06566667 0.011
0 0.87766667 0.386 0.04133333 0.004
0 0.88816667 0.36375 0.02966667 0.0135
0 0.85716667 0.31125 0.081 0.0755
0 0.934 0.029 0.042 0.034
0 0.97666667 0.01475 0.04466667 0.0295
0 0.9825 0.045 0.035 0.031
0 0.97433333 0.14425 0.05133333 0.0595
0 0.96983333 0.211 0.04033333 0.055
0 0.97433333 0.186 0.05133333 0.057
0 0.911 0.42375 0.06666667 0.0205
0 0.9115 0.40225 0.051 0.0205
0 0.93033333 0.946 0.04066667 0.108
0 0.74716667 0.13275 0.04566667 0.0175
