0 0.46816667 0.48325 0.061 0.0825
0 0.40016667 0.64075 0.01166667 0.0685
0 0.381 0.66925 0.00533333 0.0445
0 0.42866667 0.31075 0.02866667 0.0415
0 0.51483333 0.4885 0.05566667 0.066
0 0.571 0.48925 0.09266667 0.0865
0 0.71116667 0.58475 0.09433333 0.0135
0 0.77483333 0.601 0.02433333 0.086
0 0.77183333 0.684 0.05566667 0.069
0 0.8005 0.65975 0.01966667 0.0875
0 0.85583333 0.492 0.073 0.213
0 0.8925 0.55725 0.05833333 0.0795
0 0.94833333 0.50275 0.00466667 0.0785
0 0.89716667 0.59575 0.04766667 0.0645
0 0.86566667 0.564 0.02066667 0.02
0 0.9825 0.7965 0.035 0.084
0 0.98883333 0.83425 0.02233333 0.0215
0 0.52116667 0.79925 0.04833333 0.0105
0 0.44883333 0.93725 0.051 0.1175
0 0.08666667 0.948 0.15733333 0.039
0 0.07816667 0.98025 0.08633333 0.0175
0 0.1315 0.4535 0.02966667 0.074
0 0.1415 0.5985 0.089 0.062
0 0.13983333 0.3175 0.017 0.058
0 0.266 0.25875 0.03066667 0.0455
0 0.203 0.306 0.036 0.051
0 0.0805 0.65025 0.06366667 0.0225
0 0.28933333 0.86725 0.06133333 0.0045
0 0.41866667 0.71675 0.00333333 0.0755
0 0.4645 0.78025 0.04833333 0.0055
0 0.83466667 0.50275 0.02 0.0725
0 0.159 0.0985 0.016 0.062
0 0.14833333 0.5695 0.054 0.028
0 0.035 0.66325 0.036 0.2155
0 0.08583333 0.80525 0.087 0.1175
