0 0.375 0.06725 0.05666667 0.0295
0 0.45816667 0.0325 0.081 0.016
0 0.57366667 0.05325 0.05866667 0.0015
0 0.63533333 0.0945 0.124 0.043
0 0.72733333 0.31 0.12466667 0.124
0 0.80716667 0.4665 0.07633333 0.062
0 0.92633333 0.37675 0.06466667 0.0175
0 0.98433333 0.3375 0.03133333 0.015
0 0.89583333 0.35375 0.03033333 0.0015
0 0.87466667 0.37325 0.04066667 0.0055
0 0.78216667 0.909 0.07433333 0.158
0 0.78483333 0.8605 0.01166667 0.085
0 0.62766667 0.74525 0.07266667 0.0805
0 0.5795 0.74925 0.043 0.0485
0 0.57 0.818 0.03133333 0.024
0 0.45733333 0.58475 0.09 0.0565
0 0.41966667 0.56875 0.18133333 0.0835
0 0.3885 0.6495 0.105 0.011
0 0.33633333 0.68925 0.062 0.0445
0 0.283 0.6845 0.056 0.011
0 0.2125 0.763 0.02966667 0.116
0 0.09383333 0.7845 0.04566667 0.078
0 0.19583333 0.9285 0.04833333 0.081
0 0.2905 0.93925 0.053 0.0215
0 0.47933333 0.97375 0.06933333 0.0525
0 0.5615 0.98525 0.08633333 0.0025
0 0.55533333 0.54175 0.02333333 0.0595
0 0.6415 0.3025 0.045 0.02
0 0.6325 0.16525 0.03966667 0.0795
0 0.25966667 0.58375 0.088 0.0055
0 0.41016667 0.949 0.233 0.089
0 0.416 0.073 0.06666667 0.035
0 0.4915 0.75475 0.08433333 0.1025
0 0.46633333 0.70225 0.07 0.0725
0 0.27283333 0.73525 0.071 0.0255
