0 0.2095 0.11675 0.13233333 0.1725
0 0.256 0.212 0.082 0.185
0 0.789 0.07875 0.07266667 0.0485
0 0.76766667 0.243 0.05266667 0.062
0 0.97233333 0.75225 0.03533333 0.0895
0 0.82166667 0.9355 0.03533333 0.123
0 0.78783333 0.875 0.03833333 0.047
0 0.50916667 0.931 0.03433333 0.117
0 0.38133333 0.7415 0.03733333 0.065
0 0.35466667 0.73175 0.06666667 0.1395
0 0.0445 0.80375 0.089 0.0225
0 0.52283333 0.581 0.009 0.126
0 0.56416667 0.535 0.009 0.209
0 0.67366667 0.45225 0.05466667 0.0225
0 0.17633333 0.2175 0.03933333 0.083
0 0.18833333 0.21825 0.02733333 0.0725
0 0.26716667 0.13625 0.04166667 0.0575
0 0.402 0.065 0.04666667 0.115
