0 0.052 0.3765 0.104 0.089
0 0.20916667 0.45375 0.105 0.0375
0 0.196 0.48725 0.07466667 0.0165
0 0.16166667 0.51675 0.07866667 0.0515
0 0.27666667 0.6135 0.07266667 0.021
0 0.09033333 0.76425 0.15066667 0.0105
0 0.22733333 0.93325 0.05866667 0.0785
0 0.26016667 0.93725 0.08566667 0.0925
0 0.43883333 0.85075 0.11833333 0.2165
0 0.56266667 0.77575 0.11133333 0.0155
0 0.57116667 0.73775 0.05966667 0.0335
0 0.68383333 0.68775 0.05233333 0.0365
0 0.47966667 0.5665 0.06466667 0.203
0 0.54 0.65375 0.04133333 0.1045
0 0.391 0.39625 0.14333333 0.1105
0 0.42483333 0.332 0.06366667 0.091
0 0.47583333 0.37125 0.02633333 0.0365
0 0.42366667 0.26675 0.04333333 0.0635
0 0.46266667 0.26575 0.07266667 0.1045
0 0.41883333 0.075 0.001 0.089
0 0.46866667 0.03175 0.006 0.0635
0 0.8515 0.7045 0.077 0.061
0 0.93083333 0.10825 0.011 0.1105
