0 0.354 0.33975 0.07533333 0.0215
0 0.27366667 0.568 0.028 0.166
0 0.17516667 0.6805 0.12233333 0.256
0 0.18766667 0.7465 0.13666667 0.248
0 0.11016667 0.235 0.04233333 0.217
0 0.389 0.0855 0.052 0.042
0 0.59433333 0.071 0.082 0.031
0 0.739 0.76425 0.09266667 0.3125
0 0.82133333 0.90775 0.04666667 0.1845
0 0.83283333 0.8295 0.03233333 0.09
0 0.7605 0.69275 0.04566667 0.1485
0 0.69483333 0.5055 0.035 0.097
0 0.67483333 0.5485 0.025 0.089
0 0.71966667 0.643 0.04866667 0.167
0 0.47883333 0.94075 0.045 0.1185
0 0.31633333 0.7115 0.02866667 0.054
0 0.3625 0.694 0.04966667 0.135
0 0.0575 0.7135 0.061 0.069
0 0.03466667 0.78925 0.06933333 0.1225
0 0.00666667 0.512 0.008 0.081
0 0.96083333 0.05875 0.04766667 0.0525
