0 0.3455 0.283 0.091 0.073
0 0.362 0.24925 0.09333333 0.1075
0 0.384 0.2445 0.07266667 0.093
0 0.402 0.24125 0.06733333 0.0915
0 0.3315 0.168 0.05033333 0.058
0 0.28216667 0.3625 0.01966667 0.07
0 0.37783333 0.38075 0.01166667 0.0745
0 0.41783333 0.41375 0.03766667 0.1965
0 0.57683333 0.262 0.095 0.077
0 0.65983333 0.24475 0.071 0.0365
0 0.6075 0.46425 0.133 0.0365
0 0.629 0.51075 0.06666667 0.0245
0 0.64183333 0.4495 0.05833333 0.023
0 0.65733333 0.4325 0.03866667 0.024
0 0.8905 0.29775 0.04566667 0.0555
0 0.8905 0.29775 0.04566667 0.0555
0 0.9035 0.2635 0.04033333 0.061
0 0.9115 0.295 0.03833333 0.054
0 0.96366667 0.225 0.03133333 0.054
0 0.98383333 0.082 0.03233333 0.
0 0.90466667 0.19325 0.05933333 0.0015
0 0.82933333 0.41625 0.07533333 0.0675
0 0.88633333 0.403 0.10533333 0.116
0 0.75233333 0.74125 0.00266667 0.1075
0 0.7965 0.69475 0.02433333 0.0765
0 0.78883333 0.72975 0.01433333 0.1365
0 0.76733333 0.76625 0. 0.2145
0 0.53816667 0.8525 0.03233333 0.028
0 0.124 0.7695 0.02533333 0.151
0 0.03466667 0.738 0.03666667 0.147
0 0.01483333 0.0835 0.02966667 0.016
