0 0.23933333 0.124 0.00266667 0.194
0 0.25283333 0.04575 0.001 0.0915
0 0.27233333 0.20675 0. 0.1415
0 0.3545 0.4515 0.037 0.059
0 0.1895 0.56825 0.063 0.2115
0 0.52883333 0.4735 0.105 0.058
0 0.6245 0.42725 0.07366667 0.0405
0 0.638 0.52775 0.07733333 0.0905
0 0.685 0.5775 0.09266667 0.104
0 0.73083333 0.2135 0.11766667 0.077
0 0.9825 0.72175 0.035 0.0365
0 0.97083333 0.81075 0.04766667 0.0335
0 0.9245 0.8315 0.025 0.043
0 0.81933333 0.514 0.04133333 0.039
0 0.86566667 0.5295 0.01533333 0.016
0 0.92283333 0.47575 0.027 0.0355
0 0.868 0.57225 0.264 0.0015
0 0.95066667 0.3775 0.018 0.027
