0 0.204 0.68525 0.07 0.1145
0 0.20166667 0.736 0.044 0.07
0 0.28666667 0.63675 0.036 0.0845
0 0.25883333 0.7385 0.05766667 0.108
0 0.2785 0.3605 0.05366667 0.106
0 0.23633333 0.32475 0.04333333 0.0995
0 0.23483333 0.35925 0.035 0.0605
0 0.2875 0.291 0.01766667 0.078
0 0.40783333 0.40025 0.079 0.0515
0 0.43083333 0.4015 0.109 0.07
0 3.82333333e-01 6.72000000e-01 6.66666667e-04 1.63000000e-01
0 0.39666667 0.65375 0.00066667 0.1345
0 0.44433333 0.85375 0.02266667 0.1685
0 0.4905 0.96625 0.01966667 0.0675
0 0.58316667 0.5425 0.01433333 0.225
0 0.52833333 0.64225 0.02866667 0.1145
0 0.5185 0.407 0.00366667 0.075
0 0.61816667 0.178 0.04833333 0.038
0 0.782 0.046 0.03333333 0.043
0 0.79383333 0.591 0.051 0.077
0 0.82216667 0.5365 0.061 0.07
0 0.8545 0.61725 0.007 0.1725
0 0.906 0.72425 0.07266667 0.0255
0 0.64566667 0.82675 0.08 0.0605
0 0.08433333 0.2425 0.036 0.011
0 0.09616667 0.08425 0.11166667 0.0635
0 0.031 0.1955 0.05466667 0.019
0 0.19183333 0.0835 0.04766667 0.008
0 0.16616667 0.09625 0.027 0.0445
0 0.42266667 0.26475 0.02066667 0.0445
0 0.52466667 0.095 0.002 0.047
0 0.7075 0.20475 0.035 0.0565
0 0.3715 0.903 0.019 0.1
0 0.67066667 0.5445 0.026 0.035
0 0.66883333 0.5 0.02966667 0.046
0 0.75466667 0.50875 0.106 0.1685
0 0.973 0.4555 0.054 0.005
