0 0.32116667 0.2205 0.07833333 0.109
0 0.327 0.17875 0.08066667 0.1145
0 0.297 0.1725 0.06733333 0.092
0 0.31766667 0.0905 0.04933333 0.054
0 0.24616667 0.448 0.011 0.128
0 0.115 0.2445 0.11133333 0.066
0 0.1145 0.20425 0.12833333 0.0555
0 0.10966667 0.17725 0.122 0.0765
0 0.21883333 0.04025 0.01366667 0.0565
0 0.4415 0.82275 0.09433333 0.0095
0 0.36466667 0.859 0.06466667 0.031
0 0.4825 0.76075 0.117 0.0335
0 0.501 0.88825 0.03333333 0.0405
0 0.03416667 0.71775 0.02166667 0.0555
0 0.02416667 0.4285 0.03233333 0.073
0 0.036 0.44725 0.016 0.0675
0 0.0125 0.38825 0.025 0.0595
0 0.80466667 0.32275 0.06733333 0.0335
0 0.87816667 0.48725 0.08166667 0.0475
0 0.61633333 0.45425 0.052 0.0645
0 0.5655 0.4245 0.04766667 0.043
0 0.52233333 0.4205 0.026 0.035
0 0.518 0.38125 0.026 0.0485
0 0.57416667 0.2925 0.08433333 0.035
0 0.54166667 0.25275 0.05933333 0.0365
0 0.98833333 0.63675 0.02333333 0.1335
