0 0.08433333 0.1015 0.02533333 0.121
0 0.04783333 0.18625 0.003 0.1245
0 0.13083333 0.3135 0.021 0.182
0 0.21316667 0.3675 0.01633333 0.129
0 0.201 0.6835 0.006 0.088
0 0.37066667 0.05675 0.07466667 0.1105
0 0.35 0.12575 0.086 0.1215
0 0.42283333 0.0945 0.07566667 0.144
0 0.52083333 0.08875 0.06166667 0.0865
0 0.5425 0.637 0.117 0.141
0 0.907 0.65075 0.06866667 0.1225
0 0.71566667 0.96075 0.05133333 0.0695
0 0.33283333 0.51225 0.005 0.0725
0 0.05266667 0.52025 0.06466667 0.0925
0 0.02316667 0.06375 0.04633333 0.0515
