0 0.37466667 0.0445 0.10933333 0.07
0 0.29866667 0.2115 0.10333333 0.148
0 0.2745 0.304 0.11233333 0.174
0 0.244 0.21425 0.044 0.1075
0 0.523 0.845 0.088 0.005
0 0.721 0.8835 0.042 0.12
0 0.8495 0.8935 0.051 0.086
0 0.97483333 0.651 0.03233333 0.065
0 0.889 0.41775 0.15733333 0.0915
0 0.92683333 0.19675 0.09633333 0.0405
0 0.84766667 0.08275 0.10333333 0.0635
0 0.85983333 0.0445 0.09166667 0.
0 0.45433333 0.39225 0.10333333 0.0785
0 0.5585 0.5 0.071 0.008
0 0.58133333 0.6315 0.04333333 0.058
0 0.4375 0.728 0.07166667 0.
