0 0.363 0.128 0.02666667 0.21
0 0.33733333 0.0465 0.044 0.093
0 0.31583333 0.0255 0.01166667 0.051
0 0.29683333 0.10975 0.001 0.2115
0 0.35 0.343 0.01333333 0.066
0 0.15766667 0.5735 0.02266667 0.09
0 0.53966667 0.30075 0.03866667 0.0485
0 0.32166667 0.7305 0.04466667 0.086
0 0.3225 0.68475 0.02166667 0.0645
0 0.239 0.95 0. 0.078
0 0.297 0.85975 0.03866667 0.1695
0 0.3085 0.905 0.00633333 0.163
0 0.27716667 0.86725 0.03833333 0.1735
0 0.58083333 0.71225 0.00633333 0.0415
0 0.81316667 0.114 0.045 0.147
0 0.81366667 0.1645 0.01533333 0.054
0 0.77266667 0.0775 0.04333333 0.155
0 0.93983333 0.19275 0.08433333 0.2425
0 0.94616667 0.06675 0.03966667 0.0445
0 0.97266667 0.17925 0.05466667 0.1325
0 0.98883333 0.58275 0.02233333 0.0875
0 0.9595 0.651 0.061 0.132
0 0.95366667 0.481 0.03333333 0.073
0 0.86166667 0.9245 0.04133333 0.151
0 0.947 0.89675 0.03933333 0.0715
0 0.75916667 0.70625 0.011 0.0295
0 0.743 0.6825 0.11133333 0.02
0 0.761 0.66525 0.07 0.0255
0 0.658 0.087 0.05666667 0.085
0 0.63066667 0.11525 0.04866667 0.0905
0 0.76733333 0.23325 0.04466667 0.2345
0 0.7645 0.1355 0.07366667 0.271
0 0.756 0.25675 0.028 0.1335
0 0.83066667 0.3275 0.028 0.108
