0 0.36383333 0.262 0.13833333 0.12
0 0.752 0.1165 0.22266667 0.077
0 0.82833333 0.37475 0.08466667 0.0595
0 0.8105 0.3485 0.03766667 0.02
0 0.79866667 0.643 0.07733333 0.043
0 0.20983333 0.938 0.05833333 0.124
0 0.2385 0.81125 0.01366667 0.0675
0 0.19316667 0.78375 0.04833333 0.0365
0 0.20983333 0.6955 0.04966667 0.054
0 0.1765 0.4805 0.09633333 0.063
0 0.11366667 0.45225 0.07066667 0.0555
0 0.16583333 0.37875 0.12833333 0.1075
0 0.04166667 0.401 0.062 0.112
0 0.06466667 0.3645 0.052 0.123
0 0.09566667 0.33175 0.00066667 0.0755
0 0.15466667 0.5635 0.00533333 0.089
0 0.3445 0.374 0.08166667 0.082
0 0.47766667 0.027 0.03866667 0.054
0 0.6315 0.20825 0.08633333 0.0715
0 0.6235 0.9765 0.07566667 0.047
