0 0.50866667 0.04025 0.108 0.0745
0 0.2385 0.2175 0.16166667 0.053
0 0.3045 0.4665 0.08566667 0.103
0 0.23016667 0.58625 0.101 0.0725
0 0.107 0.8105 0.05466667 0.115
0 0.504 0.797 0.11133333 0.018
0 0.8975 0.95 0.12833333 0.097
0 0.68233333 0.24475 0.13866667 0.1685
0 0.81816667 0.1605 0.105 0.112
0 0.77416667 0.03325 0.05566667 0.0665
0 0.91 0.1825 0.07466667 0.147
0 0.84383333 0.33175 0.07566667 0.0335
0 0.34383333 0.959 0.05966667 0.082
0 0.01666667 0.49 0.03133333 0.065
0 0.03933333 0.48875 0.07866667 0.1895
0 0.66366667 0.53875 0.012 0.0925
