0 0.39633333 0.2285 0.13466667 0.069
0 0.44066667 0.242 0.08 0.042
0 0.42183333 0.07 0.001 0.127
0 0.40433333 0.05525 0.002 0.0915
0 0.18283333 0.3115 0.20233333 0.097
0 0.16533333 0.638 0.12066667 0.031
0 0.02883333 0.835 0.05766667 0.136
0 0.27766667 0.88875 0.01266667 0.0715
0 0.28033333 0.835 0.03066667 0.082
0 0.36033333 0.94 0.05733333 0.069
0 0.87916667 0.242 0.037 0.155
0 0.895 0.15375 0.088 0.0135
0 0.47166667 0.058 0.04133333 0.027
0 0.31216667 0.33625 0.44833333 0.1635
0 0.36433333 0.40075 0.09066667 0.0715
0 0.33516667 0.4575 0.063 0.031
0 0.305 0.3125 0.152 0.07
0 0.80183333 0.54525 0.071 0.0065
0 0.52566667 0.33825 0.054 0.0245
