0 0.26066667 0.3485 0.088 0.031
0 0.27266667 0.2365 0.05666667 0.042
0 0.10383333 0.26475 0.06366667 0.0605
0 0.51883333 0.306 0.06033333 0.03
0 0.56966667 0.67325 0.09533333 0.0555
0 0.4695 0.66775 0.08366667 0.0525
0 0.52516667 0.7345 0.04966667 0.032
0 0.47433333 0.785 0.10066667 0.001
0 0.55433333 0.911 0.07 0.067
0 0.9065 0.80325 0.00166667 0.0595
0 0.90033333 0.11525 0.00733333 0.0875
0 0.91866667 0.0735 0.028 0.085
0 0.345 0.907 0.07733333 0.108
0 0.31433333 0.75725 0.06466667 0.0055
0 0.4645 0.58025 0.059 0.0095
0 0.451 0.5195 0.02866667 0.015
0 0.37316667 0.37475 0.11766667 0.0025
0 0.46 0.10775 0.05733333 0.0725
