0 0.4655 0.725 0.045 0.003
0 0.2975 0.94 0.079 0.12
0 0.25616667 0.895 0.06833333 0.105
0 0.1855 0.386 0.02766667 0.012
0 0.48783333 0.04525 0.043 0.0555
0 0.849 0.293 0.06666667 0.039
0 0.92766667 0.23775 0.08333333 0.0905
0 0.76816667 0.36725 0.07366667 0.0415
0 0.615 0.80725 0.026 0.0705
0 0.63566667 0.796 0.012 0.05
0 0.49366667 0.907 0.06933333 0.035
0 0.50133333 0.39675 0.09533333 0.0095
0 0.514 0.33225 0.06466667 0.0205
0 0.24666667 0.72575 0.046 0.0125
0 0.91833333 0.98325 0.03066667 0.0335
0 0.031 0.07825 0.03133333 0.0405
