0 0.4595 0.731 0.02233333 0.077
0 0.563 0.8295 0.04933333 0.136
0 0.66083333 0.954 0.03166667 0.008
0 0.91416667 0.678 0.071 0.038
0 0.8575 0.56675 0.195 0.0985
0 0.97983333 0.58575 0.04033333 0.0365
0 0.98216667 0.62325 0.027 0.0175
0 0.83783333 0.1805 0.11033333 0.027
0 0.87416667 0.09775 0.099 0.1465
0 0.93133333 0.1065 0.12866667 0.154
0 0.974 0.12875 0.052 0.0605
0 0.94516667 0.062 0.03766667 0.032
0 0.09833333 0.223 0.03133333 0.05
0 0.08766667 0.21225 0.03666667 0.0475
0 0.1065 0.45075 0.06033333 0.0795
0 0.39533333 0.5265 0.06133333 0.066
0 0.43716667 0.55075 0.05833333 0.0095
0 0.03633333 0.89275 0.07266667 0.0685
