0 0.28933333 0.65375 0.104 0.1025
0 0.5225 0.83375 0.053 0.0795
0 0.55033333 0.83225 0.04733333 0.0635
0 0.25966667 0.3085 0.054 0.175
0 0.27583333 0.163 0.03033333 0.175
0 0.19316667 0.256 0.06633333 0.135
0 0.19266667 0.4205 0.062 0.054
0 0.48066667 0.19825 0.09 0.0915
0 0.54166667 0.091 0.08266667 0.058
0 0.59933333 0.14875 0.07 0.0255
0 0.88416667 0.3005 0.00366667 0.067
0 0.86166667 0.347 0.02533333 0.071
0 0.91466667 0.25275 0.03933333 0.0605
0 0.933 0.34625 0.07466667 0.1645
0 0.961 0.63125 0.008 0.0715
0 0.90966667 0.84175 0.03133333 0.0715
0 0.86616667 0.804 0.03033333 0.093
0 0.92366667 0.98525 0.07733333 0.0295
0 0.47216667 0.51075 0.069 0.0785
