0 0.26233333 0.85775 0.002 0.1065
0 0.0085 0.8125 0.017 0.027
0 0.06966667 0.56075 0.13733333 0.1185
0 0.19083333 0.362 0.06566667 0.023
0 0.11766667 0.10125 0.04466667 0.1455
0 0.16166667 0.19125 0.07 0.0755
0 0.15716667 0.097 0.07366667 0.186
0 0.629 0.38 0.04666667 0.154
0 0.67666667 0.47375 0.08266667 0.0175
0 0.74833333 0.48975 0.07733333 0.0015
0 0.83833333 0.448 0.106 0.007
0 0.863 0.60525 0.274 0.0675
0 0.70083333 0.59525 0.08633333 0.0175
0 0.7525 0.541 0.179 0.031
0 0.74983333 0.7485 0.02233333 0.074
0 0.70983333 0.66925 0.029 0.0555
0 0.78883333 0.8085 0.05566667 0.019
0 0.8315 0.816 0.11433333 0.047
0 0.77983333 0.8895 0.095 0.075
0 0.86616667 0.84775 0.05766667 0.0645
0 0.87866667 0.89275 0.086 0.1335
0 0.3225 0.90075 0.01966667 0.0365
0 0.47883333 0.5465 0.05233333 0.009
0 0.86883333 0.3875 0.03233333 0.012
0 0.828 0.5215 0.08 0.027
