0 0.33383333 0.622 0.09966667 0.02
0 0.34466667 0.55475 0.10333333 0.0255
0 0.19583333 0.50725 0.10766667 0.1255
0 0.02833333 0.938 0.04933333 0.081
0 0.49333333 0.96575 0.09866667 0.0685
0 0.59483333 0.8025 0.07366667 0.042
0 0.76016667 0.5365 0.03033333 0.073
0 0.6995 0.60575 0.017 0.0795
0 0.65633333 0.45475 0.046 0.1415
0 0.74216667 0.24125 0.043 0.1055
0 0.221 0.34625 0.08466667 0.0295
0 0.9305 0.58875 0.11766667 0.0755
0 0.9555 0.57275 0.089 0.0565
0 0.95016667 0.527 0.09966667 0.062
0 0.9525 0.473 0.079 0.07
0 0.92133333 0.73925 0.09066667 0.1335
0 0.726 0.7305 0.04133333 0.024
0 0.73266667 0.13325 0.05133333 0.0675
0 0.86066667 0.04425 0.02866667 0.0755
0 0.5005 0.47225 0.131 0.0985
0 0.89266667 0.82475 0.19666667 0.2395
0 0.70533333 0.73175 0.054 0.0595
