0 0.318 0.453 0.18333333 0.07
0 0.3 0.327 0.09 0.147
0 0.30233333 0.08825 0.06733333 0.1605
0 0.34733333 0.118 0.03666667 0.096
0 0.55216667 0.64225 0.14633333 0.1715
0 0.59133333 0.97175 0.04133333 0.0565
0 0.46 0.95275 0.02866667 0.0945
0 0.4915 0.905 0.05366667 0.19
0 0.33833333 0.882 0.07466667 0.031
0 0.01516667 0.88425 0.01966667 0.0915
0 0.088 0.07675 0.054 0.0295
0 0.8 0.58075 0.06733333 0.0995
0 0.74966667 0.8495 0.10333333 0.217
0 0.85716667 0.72375 0.09166667 0.1755
0 0.911 0.70075 0.03933333 0.0025
0 0.60166667 0.74125 0.062 0.0055
0 0.64433333 0.32425 0.04666667 0.0365
0 0.67083333 0.37325 0.053 0.0595
0 0.87466667 0.3315 0.07066667 0.057
0 0.86483333 0.37125 0.175 0.1715
0 0.46083333 0.25 0.08633333 0.249
0 0.51033333 0.24075 0.03266667 0.0985
0 0.19316667 0.75475 0.10233333 0.1565
