0 0.13683333 0.08475 0.11033333 0.1665
0 0.17383333 0.3545 0.16166667 0.03
0 0.30266667 0.35 0.096 0.015
0 0.27883333 0.80175 0.097 0.0515
0 0.32383333 0.70475 0.05766667 0.0485
0 0.491 0.41525 0.07666667 0.1455
0 0.4515 0.59175 0.107 0.0165
0 0.41666667 0.64625 0.11 0.0715
0 0.37833333 0.831 0.05333333 0.029
0 0.12466667 0.8545 0.17866667 0.061
0 0.54 0.8165 0.15466667 0.085
0 0.87216667 0.91275 0.07966667 0.1135
0 0.77133333 0.69025 0.03533333 0.1045
0 0.654 0.05375 0.116 0.0595
0 0.96316667 0.1395 0.06966667 0.018
0 0.6875 0.481 0.06366667 0.041
