0 0.75433333 0.79775 0.08 0.0645
0 0.894 0.746 0.122 0.058
0 0.912 0.8755 0.176 0.012
0 0.76766667 0.59225 0.08 0.1065
0 0.757 0.61525 0.05466667 0.0715
0 0.71516667 0.5955 0.01966667 0.186
0 0.6555 0.5635 0.00633333 0.105
0 0.71433333 0.30175 0.04866667 0.0595
0 0.76016667 0.2235 0.05566667 0.062
0 0.67616667 0.374 0.06566667 0.05
0 0.64283333 0.32125 0.04766667 0.0795
0 0.862 0.091 0.062 0.023
0 0.94966667 0.04125 0.10066667 0.0095
0 0.917 0.016 0.06733333 0.
0 0.9285 0.09025 0.143 0.0325
0 0.40866667 0.97375 0.04133333 0.0525
0 0.25066667 0.93725 0.02533333 0.0605
0 0.05083333 0.87675 0.10166667 0.0825
0 0.0225 0.8505 0.045 0.016
0 0.05666667 0.58825 0.11333333 0.1465
0 0.01883333 0.24 0.03766667 0.011
