0 0.43266667 0.331 0.01533333 0.136
0 0.4165 0.312 0.01166667 0.152
0 0.585 0.32425 0.07733333 0.0875
0 0.60966667 0.33275 0.098 0.1105
0 0.59116667 0.27225 0.061 0.0645
0 0.21883333 0.293 0.14833333 0.042
0 0.22333333 0.434 0.04933333 0.059
0 0.20166667 0.3975 0.02066667 0.089
0 0.16883333 0.75 0.05033333 0.185
0 0.20883333 0.775 0.06033333 0.186
0 0.36116667 0.96625 0.099 0.0135
0 0.5145 0.91425 0.13566667 0.1335
0 0.48833333 0.85225 0.16066667 0.1335
0 0.681 0.40925 0.052 0.0795
0 0.412 0.05325 0.00266667 0.1065
