0 0.09033333 0.83225 0.06 0.0985
0 0.124 0.86925 0.072 0.1325
0 0.23316667 0.64075 0.04966667 0.0875
0 0.54533333 0.1415 0.086 0.032
0 0.51333333 0.184 0.044 0.015
0 0.55116667 0.2 0.037 0.02
0 0.0495 0.4265 0.027 0.039
0 0.02833333 0.44 0.04933333 0.007
0 0.085 0.26625 0.03333333 0.0685
0 0.12983333 0.18875 0.04233333 0.0515
0 0.09933333 0.14075 0.046 0.0205
0 0.31533333 0.76225 0.14 0.0285
0 0.3715 0.85375 0.087 0.0225
0 0.39583333 0.8995 0.18433333 0.028
0 0.8455 0.87675 0.08433333 0.1415
0 0.73766667 0.9745 0.002 0.051
0 0.66166667 0.558 0.05666667 0.003
0 0.61133333 0.57475 0.06933333 0.0065
0 0.854 0.645 0.04933333 0.042
0 0.302 0.17875 0.02333333 0.0365
