0 0.17216667 0.3485 0.019 0.23
0 0.22783333 0.30525 0.04766667 0.1655
0 0.1565 0.103 0.03833333 0.067
0 0.2105 0.047 0.07766667 0.082
0 0.302 0.0295 0.13733333 0.032
0 0.61616667 0.03325 0.01833333 0.0665
0 0.70766667 0.05375 0.02333333 0.1075
0 0.87883333 0.35075 0.05233333 0.0745
0 0.96266667 0.313 0.07466667 0.147
0 0.9925 0.5915 0.001 0.238
0 0.8005 0.5925 0.029 0.088
0 0.91216667 0.7295 0.02433333 0.211
0 0.87216667 0.899 0.07566667 0.15
0 0.81116667 0.884 0.097 0.226
0 0.155 0.03175 0.02133333 0.0635
