0 0.43933333 0.65625 0.018 0.0685
0 0.46916667 0.70225 0.06166667 0.0555
0 0.8845 0.6945 0.07766667 0.032
0 0.80333333 0.70375 0.06733333 0.1205
0 0.43916667 0.2235 0.069 0.01
0 0.42616667 0.24825 0.06033333 0.0415
0 0.498 0.2915 0.09533333 0.021
0 0.31916667 0.35425 0.04766667 0.1005
0 0.67783333 0.93825 0.03766667 0.0445
0 0.6845 0.90875 0.03633333 0.0615
0 0.69116667 0.93225 0.035 0.0505
0 0.83416667 0.83775 0.051 0.0505
0 0.81583333 0.7575 0.037 0.053
0 0.70716667 0.58125 0.06233333 0.0475
0 0.38083333 0.91625 0.01833333 0.0745
0 0.38733333 0.9 0.02 0.074
