0 0.327 0.7265 0.09 0.024
0 0.2375 0.796 0.07633333 0.023
0 0.13466667 0.864 0.02866667 0.124
0 0.1145 0.88325 0.02233333 0.0715
0 0.05783333 0.729 0.11233333 0.051
0 0.013 0.53725 0.026 0.0365
0 0.0125 0.471 0.025 0.034
0 0.0185 0.22975 0.037 0.0985
0 0.13833333 0.048 0.054 0.058
0 0.53783333 0.5115 0.00633333 0.128
0 0.46583333 0.41725 0.053 0.0335
0 0.44116667 0.502 0.10233333 0.034
0 0.52833333 0.5795 0.00333333 0.035
0 0.818 0.3565 0.19666667 0.012
0 0.87683333 0.2865 0.10766667 0.007
0 0.952 0.31675 0.09066667 0.0105
0 0.9685 0.347 0.063 0.012
0 0.95383333 0.52625 0.06566667 0.0475
0 0.96716667 0.53975 0.06566667 0.0525
0 0.98966667 0.48375 0.02066667 0.0215
0 0.73716667 0.504 0.051 0.019
0 0.742 0.52075 0.04666667 0.0335
0 0.649 0.75675 0.08533333 0.0635
0 0.60016667 0.7575 0.05033333 0.046
0 0.74216667 0.845 0.081 0.075
0 0.80133333 0.9475 0.04133333 0.054
0 0.7835 0.8315 0.079 0.094
0 0.80233333 0.81 0.09533333 0.089
0 0.71466667 0.72725 0.06733333 0.0715
0 0.658 0.7035 0.13933333 0.124
0 0.89616667 0.93675 0.051 0.0595
0 0.51583333 0.65425 0.07366667 0.0525
0 0.40383333 0.73775 0.03166667 0.0065
0 0.26633333 0.97025 0.05133333 0.0245
0 0.41416667 0.78775 0.05033333 0.0635
0 0.3355 0.31325 0.04233333 0.0525
0 0.23 0.267 0.034 0.105
0 0.30366667 0.13475 0.03066667 0.1885
0 0.45733333 0.12 0.04866667 0.097
0 0.469 0.6105 0.08066667 0.003
