0 0.45466667 0.61125 0.04133333 0.1575
0 0.43933333 0.62925 0.04466667 0.0945
0 0.24633333 0.85775 0.124 0.0205
0 0.1815 0.849 0.063 0.016
0 0.36166667 0.31925 0.008 0.1455
0 0.59033333 0.31475 0.072 0.1495
0 0.6775 0.19225 0.01433333 0.1065
0 0.68116667 0.05925 0.027 0.1185
0 0.90283333 0.49725 0.05033333 0.0435
0 0.938 0.44875 0.08066667 0.0565
0 0.97933333 0.44625 0.04133333 0.0295
0 0.94333333 0.5095 0.11333333 0.089
0 0.83016667 0.5405 0.05566667 0.051
0 0.8185 0.42925 0.007 0.0285
0 0.793 0.40475 0.03133333 0.0175
0 0.8585 0.9675 0.02233333 0.054
0 0.40916667 0.75 0.06566667 0.036
