0 0.06166667 0.16875 0.022 0.1895
0 0.047 0.2485 0.05533333 0.258
0 0.09 0.782 0.14133333 0.306
0 0.03533333 0.76375 0.07066667 0.0395
0 0.22666667 0.731 0.112 0.065
0 0.195 0.76525 0.08466667 0.0365
0 0.45416667 0.5015 0.06566667 0.112
0 0.46816667 0.45525 0.015 0.1045
0 0.27833333 0.10525 0.088 0.1045
0 0.35916667 0.21425 0.04966667 0.0805
0 0.398 0.23425 0.07466667 0.0925
0 0.52433333 0.2575 0.006 0.115
0 0.76616667 0.3425 0.09566667 0.224
0 0.8065 0.3205 0.06966667 0.183
0 0.8425 0.319 0.04233333 0.144
