0 0.47483333 0.5815 0.06366667 0.012
0 0.53016667 0.481 0.079 0.019
0 0.73483333 0.4305 0.10966667 0.066
0 0.67016667 0.35975 0.06833333 0.0515
0 0.894 0.01625 0.04133333 0.0325
0 0.9645 0.71425 0.00633333 0.2615
0 0.97933333 0.6725 0.02333333 0.224
0 0.27766667 0.92025 0.11133333 0.0135
0 0.2615 0.89825 0.045 0.0065
0 0.2335 0.876 0.03233333 0.
0 0.17883333 0.69275 0.09166667 0.2105
0 0.01616667 0.186 0.011 0.183
0 0.45016667 0.50675 0.025 0.0185
0 0.5045 0.9335 0.24166667 0.004
0 0.39133333 0.946 0.062 0.003
