0 0.261 0.549 0.04933333 0.101
0 0.2385 0.5425 0.035 0.101
0 0.3585 0.24325 0.05366667 0.1015
0 0.389 0.27675 0.04666667 0.1145
0 0.38583333 0.24925 0.02433333 0.0515
0 0.517 0.644 0.00266667 0.186
0 0.508 0.7505 0.03333333 0.159
0 0.67116667 0.42775 0.17766667 0.1605
0 0.647 0.49525 0.20133333 0.2005
0 0.8185 0.673 0.03433333 0.128
0 0.9785 0.81475 0.043 0.0365
0 0.93383333 0.94525 0.071 0.0635
0 0.97983333 0.1265 0.04033333 0.07
0 0.67566667 0.04925 0.02133333 0.0985
0 0.65366667 0.17175 0.01333333 0.0955
0 0.78033333 0.101 0.006 0.14
0 0.80783333 0.134 0.009 0.201
0 0.787 0.217 0.03066667 0.129
0 0.911 0.0795 0.11333333 0.159
0 0.88283333 0.55325 0.035 0.1605
0 0.2745 0.59375 0.09433333 0.1605
