0 0.1065 0.12875 0.06566667 0.0365
0 0.1005 0.17425 0.05166667 0.0515
0 0.043 0.45775 0.02933333 0.1635
0 0.0505 0.67875 0.02433333 0.1455
0 0.27916667 0.26725 0.06166667 0.0895
0 0.22683333 0.2835 0.07166667 0.103
0 0.464 0.675 0.03733333 0.232
0 0.51466667 0.5795 0.08 0.514
0 0.51216667 0.446 0.03633333 0.147
0 0.58633333 0.79025 0.04533333 0.1195
0 0.68633333 0.43025 0.092 0.0425
0 0.65816667 0.40075 0.12633333 0.0865
0 0.803 0.24075 0.07466667 0.0365
0 0.8475 0.13125 0.075 0.0105
0 0.76866667 0.0645 0.13533333 0.029
0 0.88633333 0.05675 0.102 0.0015
0 0.58283333 0.2385 0.04833333 0.135
0 0.545 0.22125 0.03933333 0.2125
0 0.53483333 0.16975 0.017 0.1215
0 0.16 0.70775 0.02933333 0.1455
0 0.548 0.956 0.02933333 0.076
