0 0.17833333 0.4695 0.042 0.19
0 0.24033333 0.11975 0.006 0.1995
0 0.04616667 0.07075 0.04033333 0.1415
0 0.0185 0.11525 0.037 0.1685
0 0.1025 0.603 0.10233333 0.042
0 0.512 0.5305 0. 0.26
0 0.56516667 0.2655 0.05233333 0.038
0 0.62166667 0.31475 0.034 0.0175
0 0.7085 0.6125 0.02233333 0.206
0 0.78833333 0.84975 0.09066667 0.0205
0 0.868 0.893 0.09333333 0.082
0 0.72333333 0.90025 0.03933333 0.1535
0 0.75066667 0.96975 0.03533333 0.0255
0 0.7655 0.1525 0.05366667 0.089
0 0.66766667 0.322 0.04666667 0.14
