0 0.4775 0.64475 0.22166667 0.0095
0 0.526 0.7945 0.064 0.009
0 0.63716667 0.775 0.03233333 0.011
0 0.8145 0.66175 0.21633333 0.1915
0 0.93083333 0.83425 0.095 0.1885
0 0.81133333 0.9285 0.126 0.027
0 0.74983333 0.686 0.02966667 0.04
0 0.74083333 0.34225 0.179 0.0325
0 0.79233333 0.26875 0.08266667 0.0335
0 0.69133333 0.112 0.05133333 0.027
0 0.7115 0.14975 0.08633333 0.0055
0 0.751 0.19125 0.07733333 0.0055
0 0.94966667 0.01825 0.018 0.0365
0 0.96166667 0.57875 0.03866667 0.0825
0 0.96666667 0.65575 0.02866667 0.0765
0 0.249 0.704 0.12933333 0.004
0 0.05516667 0.78575 0.105 0.0455
0 0.02966667 0.92775 0.05933333 0.0255
0 0.057 0.258 0.08533333 0.244
0 0.5925 0.172 0.11966667 0.012
0 0.09666667 0.08975 0.008 0.0955
0 0.0405 0.58025 0.081 0.0255
0 0.04 0.184 0.03533333 0.168
0 0.08433333 0.30775 0.084 0.1515
0 0.445 0.641 0.16666667 0.006
0 0.70466667 0.1455 0.098 0.009
0 0.7435 0.33775 0.17766667 0.0395
0 0.81 0.6545 0.198 0.209
0 0.93066667 0.83875 0.096 0.1805
0 0.82166667 0.93175 0.102 0.0275
0 0.2515 0.70375 0.101 0.0045
