0 0.12316667 0.38775 0.095 0.0275
0 0.25866667 0.40825 0.11733333 0.0835
0 0.43133333 0.31125 0.08466667 0.0745
0 0.55766667 0.28325 0.07066667 0.2455
0 0.638 0.078 0.03333333 0.068
0 0.85666667 0.056 0.006 0.112
0 0.83783333 0.0575 0.009 0.115
0 0.96816667 0.24175 0.013 0.1135
0 0.947 0.19375 0.05333333 0.0455
0 0.85416667 0.25 0.005 0.133
0 0.62183333 0.5615 0.06966667 0.065
0 0.7515 0.26525 0.04433333 0.1485
0 0.23233333 0.87425 0.04266667 0.0395
0 0.2005 0.7825 0.04166667 0.047
0 0.38933333 0.8485 0.04333333 0.079
0 0.409 0.797 0.05666667 0.091
0 0.49283333 0.947 0.03633333 0.094
0 0.39833333 0.41125 0.03133333 0.1195
