0 0.546 0.47275 0.026 0.1135
0 0.53933333 0.59625 0.02466667 0.0795
0 0.47583333 0.62375 0.027 0.1175
0 0.49866667 0.69875 0.02133333 0.0705
0 0.4905 0.641 0.04033333 0.146
0 0.4825 0.95175 0.01633333 0.0895
0 0.8235 0.97225 0.043 0.0555
0 0.87383333 0.5385 0.13033333 0.042
0 0.82516667 0.593 0.06766667 0.028
0 0.69833333 0.33025 0.03266667 0.0385
0 0.30333333 0.37975 0.024 0.0725
0 0.29966667 0.51325 0.02333333 0.0625
0 0.046 0.26375 0.034 0.1105
0 0.049 0.3045 0.02266667 0.096
0 0.0185 0.2845 0.037 0.162
0 0.01816667 0.42975 0.03633333 0.1005
0 0.24666667 0.57325 0.01933333 0.0735
0 0.4765 0.35225 0.00433333 0.1065
0 0.465 0.76825 0.00933333 0.0705
