0 0.63616667 0.37125 0.05566667 0.0095
0 0.65716667 0.43375 0.01166667 0.0835
0 0.5975 0.46375 0.07366667 0.0025
0 0.58366667 0.20225 0.07466667 0.0025
0 0.67033333 0.21 0.04666667 0.
0 0.66766667 0.12075 0.01066667 0.0685
0 0.6815 0.13275 0.017 0.1175
0 0.85266667 0.04925 0.01466667 0.0985
0 0.90383333 0.1125 0.03766667 0.036
0 0.95866667 0.07275 0.02866667 0.0945
0 0.94066667 0.10375 0.00733333 0.0755
0 0.924 0.04225 0.03866667 0.0795
0 0.943 0.1975 0.05133333 0.012
0 0.96583333 0.2305 0.06833333 0.016
0 0.91366667 0.58425 0.08266667 0.1735
0 0.88366667 0.849 0.04933333 0.054
0 0.87966667 0.45075 0.034 0.0905
0 0.89566667 0.41925 0.02333333 0.0405
0 0.814 0.426 0.038 0.078
0 0.62483333 0.88625 0.00966667 0.0955
0 0.6065 0.812 0.01433333 0.096
0 0.42533333 0.91775 0.03866667 0.0915
0 0.35583333 0.946 0.02166667 0.108
0 0.227 0.8465 0.08 0.143
0 0.1995 0.942 0.007 0.116
0 0.30633333 0.9035 0.06133333 0.023
0 0.274 0.3955 0.13666667 0.077
0 0.402 0.328 0.09066667 0.058
0 0.38283333 0.42975 0.01966667 0.0565
0 0.4565 0.26275 0.02166667 0.0375
0 0.3015 0.26625 0.06033333 0.0015
0 0.57283333 0.52225 0.02233333 0.0715
0 0.48783333 0.60375 0.03433333 0.0755
0 0.581 0.55175 0.03866667 0.1575
0 0.55483333 0.72775 0.001 0.1155
