0 0.10783333 0.2715 0.045 0.117
0 0.07283333 0.331 0.10433333 0.252
0 0.026 0.35725 0.052 0.1295
0 0.06616667 0.248 0.07633333 0.113
0 0.1155 0.02625 0.15166667 0.0095
0 0.4245 0.11525 0.05833333 0.1035
0 0.31183333 0.2125 0.03966667 0.031
0 0.3275 0.167 0.00633333 0.089
0 0.31533333 0.289 0.002 0.074
0 0.34733333 0.37475 0.02066667 0.1265
0 0.27033333 0.221 0.09333333 0.062
0 0.8765 0.147 0.053 0.038
0 0.916 0.72975 0.11933333 0.0125
0 0.872 0.9575 0.04066667 0.085
0 0.69133333 0.91525 0.09266667 0.0565
0 0.44566667 0.92925 0.04666667 0.1065
0 0.3095 0.85725 0.089 0.0215
0 0.16366667 0.783 0.124 0.046
0 0.08316667 0.731 0.08366667 0.101
0 0.66766667 0.19275 0.036 0.0325
