0 0.30233333 0.79375 0.03666667 0.1135
0 0.273 0.395 0.06466667 0.062
0 0.19583333 0.074 0.05566667 0.148
0 0.2085 0.2655 0.12033333 0.03
0 0.09433333 0.2185 0.036 0.019
0 0.46416667 0.1185 0.05833333 0.086
0 0.50316667 0.1785 0.043 0.066
0 0.404 0.2535 0.026 0.051
0 0.37333333 0.30175 0.024 0.0565
0 0.4125 0.3085 0.03766667 0.062
0 0.52683333 0.25925 0.04766667 0.0175
0 0.66533333 0.21225 0.09066667 0.0205
0 0.78616667 0.202 0.171 0.
0 0.8055 0.1435 0.13366667 0.001
0 0.8395 0.859 0.071 0.047
0 0.881 0.68475 0.09266667 0.0405
0 0.95966667 0.612 0.07 0.019
0 0.98383333 0.661 0.03233333 0.015
0 0.83233333 0.79925 0.03133333 0.0295
0 0.2735 0.84825 0.04233333 0.0365
0 0.36883333 0.16175 0.02233333 0.0515
