0 0.3055 0.33825 0.11833333 0.0025
0 0.102 0.42525 0.042 0.0205
0 0.11266667 0.5835 0.05666667 0.027
0 0.21433333 0.504 0.05666667 0.032
0 0.177 0.5855 0.08266667 0.055
0 0.15733333 0.54525 0.054 0.0285
0 0.111 0.5565 0.10666667 0.062
0 0.154 0.0445 0.02066667 0.081
0 0.25383333 0.1025 0.071 0.019
0 0.28033333 0.13425 0.09866667 0.0015
0 0.66933333 0.18525 0.13666667 0.1925
0 0.91116667 0.7285 0.027 0.066
0 0.79466667 0.736 0.042 0.078
0 0.84766667 0.665 0.03333333 0.104
0 0.4515 0.715 0.05633333 0.12
0 0.3805 0.9355 0.02966667 0.062
0 0.924 0.01675 0.098 0.0285
