0 0.77083333 0.33525 0.14166667 0.3185
0 0.8685 0.1555 0.05633333 0.12
0 0.8215 0.34225 0.18366667 0.4185
0 0.7665 0.525 0.08166667 0.174
0 0.4205 0.77025 0.04366667 0.0785
0 0.3825 0.68075 0.027 0.0825
0 0.3245 0.72275 0.04766667 0.1105
0 0.2845 0.6885 0.039 0.111
0 0.37416667 0.827 0.029 0.055
0 0.35133333 0.86075 0.04466667 0.0905
0 0.35216667 0.6915 0.04633333 0.111
0 0.30633333 0.5395 0.02733333 0.113
0 0.6795 0.04525 0.01033333 0.0905
0 0.66566667 0.24925 0.00266667 0.0995
0 0.2645 0.55325 0.02433333 0.1135
