0 0.57616667 0.3535 0.107 0.016
0 0.592 0.3175 0.07266667 0.001
0 0.51966667 0.41525 0.10133333 0.0115
0 0.48866667 0.456 0.09266667 0.01
0 0.44766667 0.4375 0.10333333 0.003
0 0.4675 0.398 0.15766667 0.021
0 0.76833333 0.743 0.094 0.022
0 0.61483333 0.03675 0.05366667 0.0735
0 0.296 0.526 0.13266667 0.059
0 0.30933333 0.65575 0.114 0.0555
0 0.37483333 0.69775 0.057 0.0645
0 0.4755 0.78325 0.01166667 0.0765
0 0.47683333 0.73525 0.01566667 0.0735
0 0.50566667 0.71675 0.014 0.0665
0 0.50733333 0.76425 0.01733333 0.0685
0 0.6245 0.5895 0.06633333 0.035
0 0.6235 0.54875 0.10633333 0.0505
0 0.46983333 0.84975 0.015 0.1025
0 0.455 0.86425 0.02266667 0.1095
0 0.51083333 0.92375 0.03766667 0.1135
0 0.53883333 0.9465 0.035 0.107
0 0.35483333 0.86225 0.057 0.0755
0 0.02833333 0.617 0.00266667 0.125
0 0.24266667 0.9015 0.09066667 0.031
0 0.26083333 0.972 0.05433333 0.031
