0 0.15 0.33425 0.04133333 0.1425
0 0.1405 0.0175 0.00633333 0.035
0 0.442 0.347 0.14933333 0.071
0 0.49733333 0.3315 0.18066667 0.127
0 0.59116667 0.02625 0.117 0.0175
0 0.8485 0.74925 0.159 0.0135
0 0.72183333 0.936 0.04233333 0.02
0 0.774 0.88425 0.04933333 0.0055
0 0.7705 0.83225 0.11966667 0.1445
0 0.80233333 0.824 0.104 0.12
0 0.56616667 0.88125 0.07366667 0.1025
0 0.50583333 0.96075 0.061 0.0755
0 0.53466667 0.94875 0.034 0.0405
0 0.3635 0.3315 0.07633333 0.116
0 0.8105 0.43675 0.08433333 0.0595
0 0.98333333 0.5075 0.03333333 0.031
0 0.94916667 0.11925 0.019 0.1095
