0 0.38983333 0.31325 0.33966667 0.0175
0 0.65666667 0.345 0.11866667 0.043
0 0.81133333 0.6725 0.06133333 0.073
0 0.55883333 0.92125 0.063 0.1525
0 0.575 0.82275 0.00533333 0.0825
0 0.55533333 0.89025 0.054 0.0985
0 0.59283333 0.69875 0.009 0.0875
0 0.34016667 0.74325 0.089 0.0555
0 0.4115 0.721 0.07566667 0.054
0 0.128 0.145 0.09266667 0.077
0 0.29466667 0.03775 0.07933333 0.0755
0 0.2285 0.03425 0.09433333 0.0685
0 0.19916667 0.69725 0.071 0.0875
0 0.25283333 0.725 0.071 0.024
0 0.2435 0.70825 0.03566667 0.0225
0 0.27133333 0.71025 0.05 0.0245
0 0.6285 0.303 0.08166667 0.
