0 0.56783333 0.32025 0.03033333 0.0525
0 0.48966667 0.7675 0.03933333 0.09
0 0.7445 0.727 0.07633333 0.085
0 0.75916667 0.692 0.04833333 0.058
0 0.7165 0.63225 0.06033333 0.0295
0 0.77133333 0.8355 0.05466667 0.038
0 0.78533333 0.8915 0.034 0.066
0 0.87683333 0.46975 0.03766667 0.2035
0 0.18416667 0.8545 0.07033333 0.003
0 0.27233333 0.8685 0.036 0.02
0 0.11316667 0.72725 0.00366667 0.1415
0 0.0975 0.7265 0.01166667 0.132
0 0.18783333 0.21375 0.117 0.1685
0 0.21483333 0.23375 0.045 0.0795
0 0.23183333 0.27575 0.05033333 0.0955
0 0.19766667 0.32475 0.05733333 0.0565
0 0.02466667 0.12175 0.046 0.1415
0 0.55783333 0.9305 0.06833333 0.015
0 0.574 0.85975 0.04133333 0.0055
0 0.75783333 0.547 0.055 0.062
0 0.89533333 0.5735 0.01533333 0.101
0 0.929 0.4985 0.02533333 0.151
0 0.9875 0.17925 0.025 0.0265
0 0.924 0.7535 0.08 0.043
0 0.79966667 0.58025 0.03066667 0.1065
0 0.79916667 0.8275 0.051 0.081
0 0.951 0.6375 0.02266667 0.067
0 0.717 0.53775 0.05933333 0.0355
