0 0.64366667 0.65175 0.028 0.0685
0 0.65816667 0.77025 0.01166667 0.0985
0 0.61 0.8585 0.02533333 0.097
0 0.664 0.93525 0.02866667 0.0565
0 0.89116667 0.87 0.03233333 0.069
0 0.93 0.969 0.01066667 0.062
0 0.85766667 0.18125 0.01 0.0715
0 0.667 0.4305 0.08 0.09
0 0.65583333 0.27025 0.05566667 0.0255
0 0.6585 0.345 0.03766667 0.005
0 0.611 0.1665 0.054 0.063
0 0.1095 0.56475 0.079 0.0105
0 0.08216667 0.6085 0.053 0.02
0 0.2955 0.5235 0.063 0.109
0 0.864 0.8065 0.02066667 0.05
0 0.85616667 0.748 0.01433333 0.054
0 0.50766667 0.2945 0.08466667 0.058
0 0.53366667 0.2055 0.07 0.031
0 0.07766667 0.60525 0.06266667 0.0285
0 0.1005 0.565 0.06366667 0.012
0 0.4995 0.109 0.13833333 0.188
0 0.62066667 0.178 0.04733333 0.068
0 0.96166667 0.79775 0.04866667 0.0435
0 0.93433333 0.96975 0.014 0.0605
0 0.897 0.8765 0.022 0.065
0 0.61166667 0.84475 0.03533333 0.1255
