0 0.4385 0.42525 0.135 0.0605
0 0.1895 0.449 0.10766667 0.027
0 0.1105 0.775 0.03233333 0.175
0 0.4205 0.68675 0.11166667 0.0255
0 0.59083333 0.4555 0.087 0.124
0 0.87233333 0.28775 0.01266667 0.1525
0 0.43933333 0.88725 0.14533333 0.2035
0 0.44666667 0.72425 0.16533333 0.0365
0 0.26266667 0.69 0.026 0.07
0 0.25866667 0.74575 0.02333333 0.0715
0 0.33866667 0.5255 0.072 0.062
0 0.163 0.91575 0.05466667 0.1685
0 0.05533333 0.752 0.01 0.097
0 0.03466667 0.8625 0.06933333 0.159
0 0.1335 0.2945 0.11766667 0.101
