0 0.35266667 0.568 0.064 0.152
0 0.3985 0.43525 0.037 0.0135
0 0.21166667 0.5835 0.08533333 0.092
0 0.11316667 0.85525 0.01433333 0.0635
0 0.106 0.979 0.00533333 0.042
0 0.0795 0.967 0.02433333 0.023
0 0.2295 0.8815 0.11033333 0.086
0 0.252 0.85375 0.06 0.0685
0 0.359 0.76075 0.03133333 0.1465
0 0.44833333 0.79775 0.14933333 0.1535
0 0.43483333 0.849 0.06833333 0.078
0 0.50533333 0.686 0.08733333 0.137
0 0.47983333 0.72025 0.025 0.0445
0 0.53366667 0.80175 0.06133333 0.0835
0 0.73933333 0.97575 0.07 0.0485
0 0.89483333 0.6495 0.12033333 0.097
0 0.915 0.61525 0.08533333 0.0745
0 0.83383333 0.3915 0.03966667 0.004
0 0.88216667 0.3025 0.06833333 0.023
0 0.9415 0.2525 0.03966667 0.023
0 0.89533333 0.18 0.04733333 0.039
0 0.7305 0.18725 0.10966667 0.0565
0 0.73983333 0.30725 0.02433333 0.0485
0 0.58716667 0.22175 0.06033333 0.0205
0 0.60166667 0.16775 0.03866667 0.0225
0 0.478 0.24125 0.03933333 0.0165
0 0.4915 0.19675 0.01966667 0.0885
0 0.03333333 0.2715 0.06466667 0.085
0 0.25883333 0.7265 0.05033333 0.043
0 0.35533333 0.66525 0.008 0.0715
0 0.91233333 0.475 0.07266667 0.074
