0 0.32316667 0.03875 0.04833333 0.0775
0 0.05566667 0.0445 0.01 0.047
0 0.0515 0.10975 0.01833333 0.0835
0 0.03033333 0.169 0.06066667 0.023
0 0.03633333 0.42425 0.05666667 0.0455
0 0.03483333 0.46675 0.06966667 0.0515
0 0.24333333 0.375 0.13533333 0.171
0 0.21416667 0.3855 0.03633333 0.038
0 0.37433333 0.4045 0.03133333 0.103
0 0.37733333 0.46275 0.03933333 0.1045
0 0.26316667 0.5985 0.06166667 0.155
0 0.195 0.7355 0.004 0.053
0 0.47616667 0.65 0.07566667 0.109
0 0.494 0.741 0.07466667 0.124
0 0.98133333 0.62275 0.03733333 0.0635
0 0.93483333 0.35825 0.08566667 0.0715
0 0.93783333 0.33425 0.12233333 0.1015
0 0.8545 0.0575 0.03033333 0.112
0 0.8015 0.40525 0.029 0.1075
0 0.67166667 0.6045 0.06466667 0.085
