0 0.29066667 0.283 0.05666667 0.135
0 0.07183333 0.18125 0.06633333 0.0715
0 0.0615 0.44275 0.04766667 0.1035
0 0.51983333 0.6145 0.09433333 0.043
0 0.4165 0.6535 0.06033333 0.016
0 0.45833333 0.68925 0.018 0.0445
0 0.42466667 0.3775 0.00266667 0.14
0 0.442 0.35525 0.00733333 0.0985
0 0.36066667 0.188 0.028 0.298
0 0.37416667 0.13225 0.019 0.2345
0 0.39766667 0.11925 0.026 0.2385
0 0.42183333 0.14975 0.04033333 0.2885
0 0.79783333 0.217 0.07366667 0.051
0 0.88816667 0.184 0.14833333 0.112
0 0.8275 0.31925 0.05566667 0.0405
0 0.76466667 0.49925 0.04133333 0.1335
0 0.72416667 0.54175 0.025 0.1105
0 0.72633333 0.94425 0.07266667 0.0795
0 0.7175 0.97575 0.04766667 0.0485
0 0.67383333 0.62675 0.01433333 0.0865
0 0.4945 0.26825 0.001 0.0675
0 0.50533333 0.26825 0.00466667 0.0595
0 0.32933333 0.45775 0.01866667 0.0715
0 0.25466667 0.42525 0.02266667 0.0605
0 0.23666667 0.4455 0.026 0.074
0 0.18466667 0.3135 0.064 0.147
0 0.216 0.29175 0.09266667 0.1845
0 0.221 0.24175 0.09333333 0.1495
0 0.01566667 0.4765 0.028 0.101
0 0.37566667 0.92725 0.02333333 0.0805
0 0.553 0.36525 0.06 0.0705
0 0.5145 0.1165 0.02966667 0.206
0 0.55883333 0.118 0.007 0.236
0 0.057 0.343 0.028 0.069
