0 0.01666667 0.02275 0.03333333 0.0305
0 0.19283333 0.09625 0.15566667 0.0405
0 0.05516667 0.58275 0.003 0.0955
0 0.39533333 0.6645 0.098 0.247
0 0.33983333 0.7045 0.019 0.176
0 0.28433333 0.6825 0.03533333 0.265
0 0.39433333 0.81425 0.03133333 0.0895
0 0.41266667 0.82725 0.02733333 0.0725
0 0.42683333 0.8485 0.017 0.045
0 0.54333333 0.85075 0.07066667 0.1345
0 0.5385 0.95225 0.02833333 0.0625
0 0.52333333 0.61525 0.05866667 0.1335
0 0.743 0.6145 0.03133333 0.071
0 0.7505 0.65225 0.01633333 0.0285
0 0.87083333 0.491 0.03233333 0.085
0 0.88483333 0.94775 0.03433333 0.0895
0 0.939 0.896 0.096 0.044
0 0.83883333 0.34775 0.06966667 0.1775
0 0.79383333 0.24925 0.091 0.1345
0 0.78633333 0.17875 0.074 0.0455
0 0.72366667 0.19775 0.084 0.0565
0 0.63083333 0.2205 0.10833333 0.065
0 0.72216667 0.0515 0.087 0.045
0 0.63033333 0.113 0.08866667 0.038
0 0.52533333 0.207 0.06466667 0.056
0 0.5395 0.26225 0.101 0.1335
0 0.66666667 0.15675 0.08266667 0.0655
0 0.3975 0.35675 0.001 0.1315
0 0.51966667 0.43775 0.03333333 0.0695
