0 0.62 0.38625 0.05933333 0.0525
0 0.66 0.4785 0.044 0.046
0 0.60783333 0.291 0.037 0.062
0 0.59116667 0.02675 0.10433333 0.0485
0 0.45383333 0.45 0.133 0.113
0 0.48383333 0.4225 0.07966667 0.058
0 0.47533333 0.33225 0.04866667 0.0605
0 0.29016667 0.3665 0.03033333 0.038
0 0.32166667 0.25475 0.02 0.0215
0 0.38733333 0.49125 0.00533333 0.0795
0 0.438 0.73175 0.078 0.0215
0 0.27533333 0.73125 0.15733333 0.0255
0 0.189 0.953 0.168 0.043
0 0.1935 0.8975 0.06566667 0.024
0 0.1155 0.91025 0.04233333 0.0255
0 0.28883333 0.68275 0.07833333 0.0015
0 0.6595 0.4055 0.03233333 0.043
0 0.92366667 0.21025 0.08266667 0.0645
0 0.94333333 0.13325 0.052 0.0485
0 0.926 0.18 0.044 0.031
0 0.9305 0.684 0.04766667 0.028
0 0.97666667 0.839 0.02333333 0.063
0 0.54083333 0.21625 0.03433333 0.0635
