0 0.22633333 0.35525 0.05733333 0.1255
0 0.2705 0.47925 0.02166667 0.0605
0 0.315 0.62125 0.044 0.0645
0 0.3795 0.7325 0.053 0.104
0 0.07416667 0.67375 0.069 0.0755
0 0.084 0.58475 0.07266667 0.1025
0 0.106 0.506 0.03933333 0.034
0 0.027 0.351 0.04333333 0.12
0 0.023 0.29725 0.026 0.0555
0 0.04 0.24275 0.006 0.0565
0 0.01533333 0.20075 0.00733333 0.1375
0 0.05166667 0.1475 0.008 0.034
0 0.079 0.36325 0.04866667 0.1065
0 0.11716667 0.473 0.04033333 0.059
0 0.142 0.5275 0.052 0.101
0 0.11533333 0.9575 0.03866667 0.085
0 0.11783333 0.909 0.027 0.066
0 0.31583333 0.242 0.02966667 0.034
0 0.327 0.186 0.05733333 0.086
0 0.372 0.0815 0.09 0.001
0 0.41466667 0.0235 0.05666667 0.004
0 0.38233333 0.0155 0.07266667 0.031
0 0.3485 0.15025 0.03766667 0.0125
0 0.39116667 0.13 0.06566667 0.007
0 0.23666667 0.14075 0.04933333 0.0335
0 0.40383333 0.2965 0.06366667 0.084
0 0.39116667 0.41225 0.071 0.0025
0 0.32933333 0.4015 0.05666667 0.019
0 0.30183333 0.405 0.061 0.036
0 0.24166667 0.928 0.068 0.012
0 0.646 0.423 0.05733333 0.089
0 0.562 0.013 0.07066667 0.004
0 0.0705 0.14175 0.06566667 0.0485
0 0.06916667 0.11725 0.05233333 0.0165
0 0.168 0.0425 0.05733333 0.042
0 0.151 0.04125 0.03066667 0.0285
0 0.16116667 0.01675 0.04033333 0.0335
0 0.97483333 0.6865 0.05033333 0.004
0 0.98066667 0.5365 0.03866667 0.073
0 0.92983333 0.4675 0.061 0.043
0 0.47983333 0.5445 0.08433333 0.046
0 0.12083333 0.16325 0.033 0.0215
