0 0.2425 0.71425 0.15766667 0.1165
0 0.06366667 0.54175 0.12733333 0.0285
0 0.0575 0.5865 0.115 0.015
0 0.1 0.83775 0.2 0.1635
0 0.54633333 0.865 0.06666667 0.085
0 0.32233333 0.84175 0.07666667 0.0045
0 0.798 0.4295 0.07866667 0.159
0 0.86416667 0.269 0.08166667 0.132
0 0.755 0.4205 0.092 0.083
0 0.32983333 0.96125 0.015 0.0775
0 0.77733333 0.08175 0.03933333 0.1635
0 0.96516667 0.0705 0.06966667 0.12
0 0.75616667 0.15 0.05966667 0.094
0 0.68483333 0.06825 0.077 0.1365
0 0.1545 0.61675 0.077 0.0245
0 0.3455 0.89775 0.05433333 0.0045
0 0.3515 0.915 0.03433333 0.003
