0 0.10516667 0.93 0.09166667 0.14
0 0.12716667 0.77075 0.11766667 0.1995
0 0.19216667 0.134 0.045 0.112
0 0.18916667 0.204 0.017 0.058
0 0.24166667 0.1935 0.03066667 0.077
0 0.21566667 0.29325 0.054 0.0985
0 0.20216667 0.469 0.03033333 0.067
0 0.33883333 0.3275 0.21566667 0.013
0 0.35 0.29525 0.166 0.0215
0 0.32433333 0.25675 0.13866667 0.0285
0 0.60283333 0.10775 0.131 0.2155
0 0.748 0.15075 0.1 0.1725
0 8.06333333e-01 5.10000000e-02 6.66666667e-04 8.90000000e-02
0 0.775 0.04125 0.00266667 0.0795
0 0.64466667 0.058 0.08533333 0.116
0 0.73183333 0.16175 0.089 0.1425
0 0.83066667 0.672 0.08333333 0.066
0 0.64233333 0.781 0.14 0.142
0 0.88083333 0.87475 0.00633333 0.1485
0 0.85883333 0.91175 0.01433333 0.1065
0 0.63483333 0.92925 0.05833333 0.0795
0 0.37516667 0.6875 0.08366667 0.035
0 0.37433333 0.7365 0.13933333 0.077
0 0.24483333 0.81675 0.08166667 0.0435
0 0.0135 0.92325 0.011 0.0755
0 0.10566667 0.606 0.01533333 0.058
0 0.54716667 0.562 0.077 0.022
