0 0.26816667 0.74325 0.01166667 0.3385
0 0.28433333 0.61175 0.00466667 0.1535
0 0.32116667 0.69275 0.00433333 0.2565
0 0.21783333 0.8975 0.01366667 0.081
0 0.394 0.96975 0.03333333 0.0605
0 0.46533333 0.6555 0.09533333 0.109
0 0.51266667 0.69625 0.10866667 0.0795
0 0.51783333 0.38825 0.02966667 0.1645
0 0.66666667 0.87325 0.01266667 0.0805
0 0.62766667 0.8585 0.06733333 0.089
0 0.58533333 0.82675 0.09066667 0.1715
0 0.762 0.06 0.00533333 0.066
0 0.796 0.06475 0.002 0.1295
0 0.8195 0.1525 0.009 0.132
0 0.54 0.10575 0.02866667 0.1175
0 0.56733333 0.4185 0.02266667 0.179
0 0.3045 0.8605 0.01966667 0.123
