0 0.43216667 0.405 0.10433333 0.039
0 0.41966667 0.45625 0.11866667 0.0125
0 0.61366667 0.40975 0.11866667 0.0455
0 0.66433333 0.163 0.16266667 0.183
0 0.72733333 0.1185 0.08 0.097
0 0.7215 0.06125 0.115 0.1225
0 0.60283333 0.1975 0.061 0.082
0 0.53416667 0.28775 0.04033333 0.0335
0 0.54366667 0.25475 0.034 0.0325
0 0.43766667 0.0365 0.07 0.073
0 0.32966667 0.27225 0.05933333 0.0725
0 0.31716667 0.98725 0.01433333 0.0255
0 0.07366667 0.5505 0.108 0.036
0 0.56916667 0.618 0.06566667 0.023
0 0.73033333 0.661 0.07733333 0.047
0 0.73683333 0.68525 0.063 0.0525
0 0.73933333 0.8315 0.054 0.062
0 0.629 0.97375 0.108 0.0525
0 0.346 0.22575 0.02333333 0.0285
0 0.4525 0.2305 0.017 0.038
0 0.43316667 0.1865 0.03233333 0.077
