0 0.40266667 0.295 0.058 0.089
0 0.34516667 0.33775 0.05033333 0.1015
0 0.12583333 0.3095 0.08633333 0.039
0 0.06616667 0.3105 0.07433333 0.029
0 0.0805 0.157 0.06566667 0.113
0 0.05283333 0.15875 0.04633333 0.0815
0 0.52583333 0.6835 0.213 0.008
0 0.65866667 0.651 0.11333333 0.007
0 0.94866667 0.43175 0.07333333 0.0705
0 0.85166667 0.0895 0.02666667 0.147
0 0.80533333 0.05425 0.01466667 0.1085
0 0.737 0.0855 0.09133333 0.012
0 0.7655 0.12225 0.02766667 0.0595
0 0.68683333 0.85075 0.05033333 0.0665
0 0.68683333 0.85075 0.05033333 0.0665
0 0.9245 0.80575 0.01033333 0.0935
0 0.9245 0.80575 0.01033333 0.0935
0 0.86516667 0.45325 0.02966667 0.0725
0 0.82583333 0.51125 0.013 0.0965
0 0.34333333 0.962 0.08 0.076
0 0.298 0.744 0.07533333 0.024
