0 0.43766667 0.232 0.00533333 0.126
0 0.46683333 0.2345 0.021 0.137
0 0.55866667 0.253 0.068 0.009
0 0.61733333 0.3005 0.086 0.11
0 0.6815 0.60725 0.03166667 0.0865
0 0.67716667 0.65625 0.031 0.0765
0 0.904 0.27875 0.03333333 0.2475
0 0.982 0.435 0.01333333 0.121
0 0.9745 0.758 0.051 0.038
0 0.98083333 0.70975 0.03833333 0.0545
0 0.69216667 0.84825 0.05166667 0.0355
0 0.73383333 0.844 0.037 0.029
0 0.04233333 0.73075 0.08466667 0.1105
0 0.85566667 0.403 0. 0.15
0 0.87783333 0.19175 0.01766667 0.0995
0 0.04766667 0.04625 0.058 0.0925
