0 0.205 0.06975 0.14533333 0.1395
0 0.12766667 0.19 0.03733333 0.056
0 0.04283333 0.4015 0.06366667 0.094
0 0.02783333 0.48625 0.04966667 0.0665
0 0.23483333 0.47575 0.05366667 0.1185
0 0.141 0.857 0.02133333 0.144
0 0.16216667 0.78275 0.021 0.1075
0 0.37416667 0.58725 0.07566667 0.0835
0 0.3905 0.63275 0.06366667 0.0865
0 0.358 0.888 0.088 0.085
0 0.452 0.647 0.04733333 0.124
0 0.3975 0.494 0.023 0.1
0 0.5495 0.3135 0.13766667 0.015
0 0.58933333 0.19025 0.04333333 0.0985
0 0.66116667 0.23325 0.05966667 0.0725
0 0.66466667 0.19625 0.04866667 0.1075
0 0.8065 0.24475 0.12033333 0.0345
0 0.82116667 0.21875 0.04833333 0.0105
0 0.843 0.18875 0.04533333 0.0135
