0 0.48283333 0.4185 0.175 0.009
0 0.51533333 0.356 0.098 0.005
0 0.61783333 0.372 0.159 0.055
0 0.49966667 0.3955 0.15666667 0.004
0 0.49533333 0.48275 0.09533333 0.0135
0 0.4175 0.4665 0.05366667 0.001
0 0.5185 0.24875 0.081 0.0605
0 0.30633333 0.11475 0.20066667 0.1835
0 0.27216667 0.0735 0.131 0.097
0 0.13483333 0.21525 0.05633333 0.0925
0 0.13483333 0.21525 0.05633333 0.0925
0 0.21416667 0.26825 0.063 0.0455
0 0.85366667 0.2835 0.02133333 0.144
0 0.86883333 0.42125 0.02366667 0.0815
0 0.744 0.20175 0.11333333 0.2165
0 0.76133333 0.149 0.076 0.133
0 0.79583333 0.18225 0.05766667 0.0885
0 0.94633333 0.27875 0.10333333 0.0345
0 0.94766667 0.27925 0.10066667 0.0355
0 0.1355 0.11425 0.07633333 0.0475
0 0.11683333 0.10475 0.06966667 0.0365
