0 0.208 0.6205 0.05266667 0.02
0 0.28033333 0.662 0.076 0.024
0 0.36966667 0.65 0.11933333 0.042
0 0.22183333 0.73925 0.203 0.0365
0 0.28833333 0.76975 0.04133333 0.0185
0 0.07183333 0.207 0.095 0.141
0 0.0605 0.2665 0.04433333 0.085
0 0.43483333 0.76975 0.09166667 0.2425
0 0.38933333 0.91825 0.03933333 0.0515
0 0.36566667 0.91 0.03866667 0.044
0 0.67983333 0.88875 0.02633333 0.2225
0 0.58083333 0.756 0.04033333 0.23
0 0.596 0.622 0.022 0.147
0 0.604 0.2365 0.04866667 0.182
0 0.53083333 0.041 0.003 0.082
0 0.56966667 0.0485 0.008 0.097
0 0.67533333 0.4795 0.04533333 0.244
0 0.757 0.59475 0.03933333 0.2015
0 0.72733333 0.75225 0.002 0.0895
0 0.696 0.6895 0.016 0.182
0 0.8385 0.45375 0.103 0.0165
0 0.9005 0.49625 0.181 0.0315
0 0.92433333 0.93875 0.06266667 0.1075
