0 0.585 0.531 0.16 0.119
0 0.6775 0.44075 0.05566667 0.0405
0 0.71433333 0.2735 0.036 0.043
0 0.77716667 0.01425 0.007 0.0285
0 0.575 0.02975 0.02 0.0595
0 0.06783333 0.1165 0.13566667 0.047
0 0.21416667 0.0815 0.07633333 0.007
0 0.2345 0.10225 0.03966667 0.0055
0 0.10866667 0.91775 0.034 0.0755
0 0.05566667 0.8955 0.04333333 0.109
0 0.07683333 0.84775 0.033 0.0675
0 0.09433333 0.86325 0.02 0.0415
0 0.34183333 0.94075 0.02233333 0.1185
0 0.65233333 0.746 0.09 0.252
0 0.72016667 0.58025 0.033 0.0875
0 0.74533333 0.659 0.05466667 0.027
0 0.73 0.70425 0.05466667 0.0255
0 0.80366667 0.694 0.05466667 0.019
0 0.9735 0.70825 0.053 0.0445
0 0.71116667 0.15625 0.04033333 0.0165
0 0.89766667 0.0255 0.036 0.043
0 0.23033333 0.88125 0.044 0.0485
