0 0.60733333 0.54575 0.08266667 0.0725
0 0.54583333 0.622 0.00433333 0.117
0 0.4605 0.70775 0.001 0.2345
0 0.16033333 0.72375 0.03666667 0.1215
0 0.11633333 0.80875 0.062 0.2615
0 0.0535 0.88275 0.01166667 0.1075
0 0.01566667 0.86525 0.03133333 0.0435
0 0.21483333 0.61175 0.01966667 0.0375
0 0.51966667 0.8645 0.00266667 0.109
0 0.5365 0.95825 0.00366667 0.0835
0 0.53416667 0.84375 0.00966667 0.0835
0 0.663 0.8275 0.034 0.148
0 0.6995 0.9635 0.02233333 0.073
0 0.6375 0.868 0.06566667 0.264
0 0.67466667 0.77425 0.02333333 0.0745
0 0.83883333 0.89825 0.017 0.0665
0 0.8775 0.90075 0.01166667 0.0445
0 0.80316667 0.607 0.025 0.05
0 0.8095 0.66575 0.063 0.0055
0 0.8175 0.6455 0.05033333 0.003
0 0.819 0.69475 0.08333333 0.0125
0 0.9655 0.4825 0.04033333 0.167
0 0.74083333 0.1025 0.017 0.162
0 0.74883333 0.04775 0.00966667 0.0525
0 0.478 0.39975 0.04133333 0.0365
0 0.3675 0.1685 0.06833333 0.008
0 0.56333333 0.15225 0.088 0.0245
0 0.55483333 0.2345 0.06366667 0.013
0 0.53016667 0.269 0.08966667 0.023
0 0.51833333 0.3005 0.11333333 0.016
0 0.425 0.78025 0.002 0.1215
0 0.558 0.95975 0.002 0.0675
0 0.80066667 0.8375 0.018 0.047
