0 0.31983333 0.39425 0.077 0.0475
0 0.29333333 0.556 0.05466667 0.061
0 0.28433333 0.58825 0.042 0.0475
0 0.23633333 0.7135 0.10066667 0.004
0 0.326 0.7285 0.06466667 0.001
0 0.1595 0.7445 0.03166667 0.055
0 0.19183333 0.3275 0.05633333 0.073
0 0.28133333 0.08025 0.11133333 0.1605
0 0.41016667 0.03225 0.033 0.0645
0 0.70883333 0.49725 0.06833333 0.0785
0 0.79516667 0.45675 0.07166667 0.0835
0 0.87383333 0.37475 0.11966667 0.1725
0 0.7685 0.343 0.035 0.058
0 0.8325 0.2575 0.05833333 0.108
0 0.841 0.3235 0.04333333 0.078
0 0.86883333 0.31075 0.03033333 0.0555
0 0.89316667 0.22925 0.01633333 0.0295
0 0.86266667 0.1515 0.12933333 0.05
0 0.83916667 0.08825 0.09366667 0.0285
0 0.9035 0.66325 0.06366667 0.0135
