0 0.178 0.394 0.18333333 0.058
0 0.16716667 0.31525 0.10433333 0.0565
0 0.248 0.4765 0.09333333 0.015
0 0.28616667 0.7755 0.091 0.047
0 0.56966667 0.86375 0.086 0.0675
0 0.37833333 0.471 0.00533333 0.225
0 0.55083333 0.6025 0.009 0.132
0 0.51916667 0.7815 0.05033333 0.035
0 0.652 0.704 0.02066667 0.136
0 0.67616667 0.699 0.01366667 0.093
0 0.70066667 0.70225 0.018 0.1295
0 0.695 0.8975 0.10533333 0.121
0 0.753 0.88075 0.07 0.0905
0 0.8365 0.74525 0.02166667 0.1185
0 0.75066667 0.52 0.06 0.186
0 0.79866667 0.57825 0.052 0.1185
0 0.7785 0.67125 0.02633333 0.0595
0 0.952 0.70225 0.03333333 0.1215
0 0.86033333 0.7385 0.028 0.065
0 0.78066667 0.11725 0.054 0.2075
0 0.912 0.087 0.002 0.174
0 0.90566667 0.18725 0.02133333 0.1135
0 0.2965 0.043 0.08433333 0.008
0 0.2825 0.00675 0.055 0.0055
0 0.328 0.01625 0.072 0.0325
0 0.46533333 0.318 0.04133333 0.078
0 0.4765 0.62875 0.035 0.0985
0 0.48966667 0.55925 0.00533333 0.1025
0 0.9815 0.07625 0.037 0.0635
