0 0.22616667 0.61675 0.02433333 0.0785
0 0.293 0.756 0.06266667 0.115
0 0.3045 0.188 0.06966667 0.082
0 0.48583333 0.368 0.089 0.003
0 0.57416667 0.32875 0.05966667 0.0125
0 0.58183333 0.444 0.081 0.073
0 0.6065 0.4075 0.06966667 0.076
0 0.41316667 0.58725 0.02233333 0.1045
0 0.43383333 0.594 0.023 0.197
0 0.48983333 0.55075 0.04033333 0.1285
0 0.49333333 0.6015 0.03333333 0.112
0 0.549 0.7205 0.03133333 0.123
0 0.56916667 0.64775 0.025 0.2165
0 0.59483333 0.61875 0.04033333 0.0925
0 0.69083333 0.8355 0.01833333 0.068
0 0.70366667 0.88025 0.03333333 0.0635
0 0.9515 0.2455 0.095 0.061
0 0.88233333 0.27125 0.092 0.0545
0 0.97633333 0.32725 0.04733333 0.0455
0 0.86716667 0.59025 0.14033333 0.0895
0 0.97316667 0.7235 0.04766667 0.014
0 0.6105 0.9805 0.06766667 0.009
0 0.61316667 0.95525 0.079 0.0045
