0 0.45866667 0.37275 0.07066667 0.0365
0 0.39533333 0.277 0.10933333 0.074
0 0.1585 0.056 0.06366667 0.063
0 0.14866667 0.132 0.06533333 0.019
0 0.09933333 0.573 0.12666667 0.062
0 0.02116667 0.55875 0.04233333 0.0335
0 0.032 0.5175 0.044 0.027
0 0.01616667 0.57075 0.03233333 0.0225
0 0.107 0.562 0.09866667 0.057
0 0.44383333 0.963 0.03033333 0.074
0 0.55566667 0.79775 0.12333333 0.0995
0 0.58083333 0.73575 0.123 0.1025
0 0.80633333 0.64475 0.08 0.1305
0 0.787 0.28975 0.036 0.1075
0 0.7345 0.3505 0.103 0.059
0 0.88183333 0.29375 0.073 0.0785
0 0.87283333 0.33875 0.091 0.1145
0 0.9605 0.23575 0.03766667 0.0375
0 0.2 0.0465 0.04933333 0.093
0 0.101 0.514 0.202 0.136
0 0.46133333 0.769 0.044 0.147
0 0.6645 0.25125 0.02433333 0.0335
0 0.46 0.20625 0.018 0.1485
