0 0.21783333 0.7305 0.04233333 0.119
0 0.15816667 0.3705 0.06633333 0.016
0 0.147 0.337 0.03333333 0.008
0 0.1595 0.31 0.07833333 0.016
0 0.25383333 0.30925 0.091 0.0175
0 0.06866667 0.16975 0.08533333 0.0755
0 0.115 0.06875 0.07 0.0245
0 0.02916667 0.19 0.05833333 0.057
0 0.6105 0.45475 0.08366667 0.0795
0 0.606 0.39625 0.062 0.0055
0 0.67383333 0.415 0.06833333 0.008
0 0.685 0.3895 0.08 0.005
0 0.69083333 0.374 0.05033333 0.012
0 0.5615 0.376 0.061 0.008
0 0.49066667 0.97775 0.00533333 0.0445
0 0.37966667 0.665 0.01866667 0.082
0 0.67833333 0.01825 0.05733333 0.0125
0 0.47483333 0.94875 0.02966667 0.1025
