0 0.5405 0.26275 0.00433333 0.1375
0 0.55533333 0.1415 0.018 0.086
0 0.61316667 0.0445 0.00633333 0.089
0 0.62683333 0.0465 0.01166667 0.093
0 0.7525 0.173 0.11233333 0.136
0 0.15183333 0.47975 0.01633333 0.1675
0 0.17116667 0.46425 0.00833333 0.1365
0 0.128 0.0525 0.04933333 0.032
0 0.0845 0.1045 0.03766667 0.023
0 0.15633333 0.65025 0.034 0.0335
0 0.14233333 0.62725 0.00466667 0.0445
0 0.13166667 0.67725 0.046 0.0525
0 0.12 0.616 0.01 0.108
0 0.0265 0.705 0.053 0.043
0 0.02566667 0.76275 0.05133333 0.0455
0 0.05383333 0.8645 0.07366667 0.007
0 0.02033333 0.85975 0.026 0.0215
0 0.01616667 0.932 0.03233333 0.001
0 0.17883333 0.9535 0.00366667 0.077
0 0.20483333 0.9535 0.00366667 0.09
0 0.2175 0.812 0.079 0.198
0 0.42666667 0.661 0.07733333 0.22
0 0.381 0.54925 0.04333333 0.0635
0 0.425 0.31325 0.04866667 0.1605
0 0.4305 0.18125 0.01433333 0.0475
0 0.35316667 0.12875 0.01633333 0.1655
0 0.296 0.32225 0.01333333 0.1535
0 0.3545 0.4285 0.00966667 0.1
0 0.36933333 0.347 0.018 0.085
0 0.41766667 0.47025 0.02333333 0.0945
0 0.42316667 0.49725 0.01966667 0.0865
0 0.47066667 0.215 0.018 0.088
0 0.52916667 0.0565 0.05233333 0.113
0 0.53383333 0.02025 0.027 0.0405
0 0.63666667 0.29175 0.03866667 0.1985
0 0.59666667 0.50275 0.02866667 0.1265
0 0.70116667 0.5 0.159 0.148
0 0.7605 0.47375 0.02433333 0.0125
0 0.783 0.4805 0.044 0.036
0 0.68866667 0.2285 0.028 0.061
0 0.739 0.064 0.11066667 0.128
0 0.95516667 0.467 0.08433333 0.182
0 0.97266667 0.4965 0.03133333 0.082
0 0.86116667 0.5835 0.06366667 0.
0 0.88016667 0.55375 0.01166667 0.0325
0 0.828 0.5665 0.05133333 0.004
0 0.78166667 0.529 0.016 0.055
0 0.97666667 0.8155 0.04666667 0.054
0 0.96316667 0.87 0.07366667 0.085
0 0.90833333 0.909 0.11333333 0.028
0 0.806 0.89375 0.08266667 0.0485
0 0.79233333 0.94525 0.07 0.0445
0 0.90216667 0.96425 0.10433333 0.0255
0 0.8225 0.934 0.11433333 0.059
0 0.73983333 0.86325 0.04233333 0.2735
0 0.70933333 0.91775 0.02266667 0.1645
0 0.76366667 0.86925 0.00733333 0.1485
0 0.65083333 0.7015 0.06566667 0.115
0 0.57683333 0.919 0.02166667 0.116
0 0.345 0.7175 0.09333333 0.004
0 0.456 0.6145 0.05133333 0.003
0 0.47266667 0.69475 0.036 0.0015
0 0.4695 0.13875 0.04566667 0.1345
0 0.51583333 0.11675 0.027 0.0875
0 0.81316667 0.38125 0.03433333 0.0135
0 0.91333333 0.25725 0.05666667 0.0325
0 0.93433333 0.13825 0.03066667 0.0175
0 0.8225 0.21025 0.053 0.0105
0 0.974 0.11375 0.052 0.0985
0 0.31316667 0.20825 0.001 0.0475
