0 0.6275 0.73775 0.087 0.0365
0 0.60066667 0.721 0.06933333 0.03
0 0.5885 0.705 0.06833333 0.027
0 0.594 0.589 0.036 0.065
0 0.71966667 0.657 0.10266667 0.047
0 0.33916667 0.7015 0.07433333 0.02
0 0.12433333 0.16175 0.05133333 0.1155
0 0.16083333 0.09225 0.05766667 0.0795
0 0.12616667 0.037 0.07833333 0.074
0 0.22333333 0.04975 0.05666667 0.0135
0 0.482 0.151 0.06533333 0.
0 0.491 0.13125 0.05666667 0.0015
0 0.41066667 0.12 0.05733333 0.011
0 0.43083333 0.062 0.071 0.
0 0.59433333 0.0505 0.04933333 0.007
0 0.66533333 0.0655 0.02266667 0.085
0 0.68366667 0.02025 0.036 0.0405
0 0.75433333 0.10325 0.10333333 0.0285
0 0.78666667 0.153 0.08 0.036
0 0.74766667 0.157 0.10066667 0.047
0 0.756 0.43125 0.03866667 0.0945
0 0.79883333 0.847 0.05566667 0.004
0 0.63566667 0.771 0.03866667 0.024
