0 0.38683333 0.5275 0.053 0.004
0 0.4025 0.545 0.059 0.004
0 0.52616667 0.58775 0.08366667 0.0295
0 0.53683333 0.5295 0.04766667 0.043
0 0.69133333 0.66175 0.13933333 0.1345
0 0.65816667 0.603 0.10166667 0.093
0 0.66583333 0.86925 0.06833333 0.1505
0 0.60766667 0.95675 0.044 0.0865
0 0.67433333 0.93475 0.05666667 0.1305
0 0.744 0.913 0.10066667 0.174
0 0.72333333 0.91375 0.088 0.1725
0 0.86983333 0.71025 0.045 0.0945
0 0.60333333 0.32875 0.08733333 0.0295
0 0.47983333 0.38825 0.13833333 0.0375
0 0.049 0.773 0.06733333 0.152
0 0.2835 0.543 0.055 0.016
