0 0.08433333 0.05 0.00933333 0.1
0 0.13116667 0.0735 0.03033333 0.147
0 0.7035 0.146 0.11433333 0.044
0 0.93583333 0.06675 0.11233333 0.0665
0 0.77933333 0.097 0.05333333 0.003
0 0.859 0.06 0.108 0.05
0 0.7525 0.3865 0.06033333 0.088
0 0.72333333 0.465 0.006 0.091
0 0.90916667 0.3675 0.02033333 0.05
0 0.84 0.47575 0.096 0.1275
0 0.8525 0.729 0.127 0.094
0 0.68833333 0.40775 0.04733333 0.0425
0 0.68583333 0.4615 0.05833333 0.056
0 0.35966667 0.92575 0.05266667 0.0455
0 0.2465 0.90975 0.109 0.0015
