0 0.13833333 0.07125 0.11533333 0.1425
0 0.16416667 0.081 0.10833333 0.162
0 0.1525 0.34025 0.107 0.0165
0 0.32216667 0.266 0.093 0.08
0 0.36416667 0.225 0.04566667 0.041
0 0.28183333 0.27725 0.105 0.0755
0 0.37566667 0.371 0.07266667 0.003
0 0.5025 0.41275 0.07166667 0.0195
0 0.57883333 0.38775 0.03833333 0.0305
0 0.46266667 0.18625 0.06666667 0.0485
0 0.74033333 0.53475 0.05466667 0.1425
0 0.78433333 0.719 0.11 0.026
0 0.302 0.80075 0.13733333 0.0625
0 0.199 0.7395 0.05866667 0.018
0 0.11916667 0.78475 0.117 0.0515
0 0.31316667 0.45775 0.05433333 0.0365
0 0.37466667 0.50075 0.06066667 0.0195
