0 0.33916667 0.65025 0.05833333 0.0875
0 0.58533333 0.82075 0.08 0.1505
0 0.74216667 0.564 0.12233333 0.16
0 0.716 0.50925 0.07733333 0.0835
0 0.71066667 0.89225 0.07933333 0.0725
0 0.93583333 0.498 0.12833333 0.085
0 0.7345 0.14175 0.09433333 0.0485
0 0.827 0.08475 0.02266667 0.0675
0 0.75833333 0.26 0.07933333 0.019
0 0.7565 0.2985 0.07033333 0.02
0 0.354 0.20025 0.02866667 0.0635
0 0.283 0.59225 0.04333333 0.0635
0 0.24883333 0.5905 0.05766667 0.062
0 0.27216667 0.599 0.02166667 0.034
0 0.27 0.678 0.01333333 0.113
0 0.07416667 0.79925 0.04766667 0.0645
0 0.20666667 0.80875 0.04666667 0.0645
0 0.48516667 0.80575 0.007 0.1295
0 0.473 0.6885 0.00266667 0.089
