0 0.54983333 0.70825 0.05233333 0.1465
0 0.41516667 0.415 0.027 0.183
0 0.42083333 0.34975 0.01166667 0.0795
0 0.41733333 0.6455 0.042 0.224
0 0.43616667 0.6545 0.00633333 0.136
0 0.452 0.58825 0.04133333 0.0255
0 0.323 0.47025 0.00066667 0.1025
0 0.2795 0.6045 0.027 0.139
0 0.23183333 0.34525 0.011 0.1725
0 0.04683333 0.47975 0.07366667 0.0435
0 0.04633333 0.733 0.01333333 0.186
0 0.06683333 0.56 0.00633333 0.131
0 0.04633333 0.55175 0.00466667 0.0635
0 0.01983333 0.6145 0.027 0.178
0 0.0145 0.82225 0.00366667 0.1295
0 0.14783333 0.4675 0.04033333 0.116
0 0.1365 0.23775 0.09166667 0.0875
0 0.25883333 0.11325 0.04833333 0.0805
0 0.14283333 0.15775 0.097 0.0805
0 0.08633333 0.14075 0.11133333 0.0795
0 0.03416667 0.215 0.06833333 0.047
0 1.02000000e-01 7.14250000e-01 6.66666667e-04 1.18500000e-01
0 0.26333333 0.71775 0.01266667 0.1495
0 0.552 0.82475 0.03866667 0.0675
0 0.81216667 0.77025 0.07566667 0.1445
0 0.837 0.77075 0.08 0.1535
0 0.729 0.73 0.07266667 0.004
0 0.8375 0.46225 0.06833333 0.0405
0 0.63416667 0.2535 0.03233333 0.078
0 0.633 0.368 0.04066667 0.113
0 0.94883333 0.8435 0.10233333 0.008
0 0.5535 0.05 0.05366667 0.062
0 0.03733333 0.38875 0.02266667 0.0555
0 0.01033333 0.26275 0.02066667 0.0215
