0 0.10816667 0.1355 0.05833333 0.125
0 0.0355 0.6375 0.03166667 0.092
0 0.06566667 0.9435 0.13133333 0.081
0 0.186 0.878 0.09733333 0.066
0 0.275 0.83625 0.18133333 0.1605
0 0.29366667 0.86775 0.16533333 0.1725
0 0.381 0.74525 0.01066667 0.0565
0 0.3715 0.63875 0.019 0.1135
0 0.42133333 0.63525 0.02533333 0.1685
0 0.30183333 0.888 0.16366667 0.186
0 0.63383333 0.6195 0.06033333 0.252
0 0.74216667 0.7425 0.05033333 0.189
0 0.73983333 0.87325 0.04233333 0.2315
0 0.87966667 0.97975 0.034 0.0405
0 0.8265 0.9515 0.063 0.067
0 0.8275 0.6025 0.065 0.035
0 0.41966667 0.4305 0.04133333 0.147
0 0.4345 0.4515 0.02433333 0.159
