0 0.72966667 0.89225 0.036 0.1135
0 0.74433333 0.75625 0.00466667 0.1025
0 0.55616667 0.957 0.05766667 0.07
0 0.3505 0.7965 0.10233333 0.151
0 0.474 0.3525 0.096 0.055
0 0.47966667 0.312 0.07 0.047
0 0.18233333 0.209 0.036 0.027
0 0.176 0.1915 0.04133333 0.035
0 0.06033333 0.26875 0.08266667 0.0255
0 0.69366667 0.37875 0.05933333 0.1105
0 0.73183333 0.382 0.04566667 0.055
0 0.7265 0.41575 0.06566667 0.0795
0 0.80316667 0.33225 0.045 0.0765
0 0.8815 0.38 0.027 0.065
0 0.84716667 0.03925 0.027 0.0755
0 0.77716667 0.787 0.029 0.086
0 0.98516667 0.9225 0.02966667 0.109
0 0.62666667 0.7695 0.01333333 0.043
0 0.83116667 0.12 0.01966667 0.086
0 0.2875 0.03375 0.05766667 0.0325
