0 0.18133333 0.69075 0.118 0.1425
0 0.02733333 0.97725 0.05066667 0.0455
0 0.37633333 0.637 0.03933333 0.144
0 0.3095 0.43875 0.07166667 0.0895
0 0.32633333 0.41725 0.07666667 0.0895
0 0.33283333 0.38275 0.07166667 0.0985
0 0.3025 0.218 0.06366667 0.188
0 0.2945 0.09775 0.06566667 0.1955
0 0.40766667 0.51375 0.03133333 0.0755
0 0.609 0.7355 0.13133333 0.047
0 0.73533333 0.8445 0.06666667 0.041
0 0.83783333 0.73475 0.11033333 0.0455
0 0.68183333 0.17425 0.01833333 0.0815
0 0.6965 0.08175 0.007 0.1485
0 0.77216667 0.162 0.05566667 0.185
