0 0.2385 0.3725 0.019 0.085
0 0.22016667 0.51 0.009 0.058
0 0.19283333 0.5055 0.01166667 0.038
0 0.1465 0.4325 0.025 0.086
0 0.141 0.2775 0.05933333 0.194
0 0.14416667 0.2365 0.02966667 0.104
0 0.24766667 0.09575 0.044 0.0675
0 0.2515 0.07075 0.05033333 0.0665
0 0.261 0.05325 0.062 0.0985
0 0.2785 0.2635 0.03233333 0.066
0 0.2525 0.27675 0.05566667 0.1065
0 0.31883333 0.3415 0.03766667 0.109
0 0.31566667 0.3815 0.02066667 0.054
0 0.314 0.45 0.09266667 0.116
0 0.22733333 0.44125 0. 0.0445
0 0.05116667 0.44625 0.03766667 0.0835
0 0.0625 0.37325 0.053 0.1215
0 0.048 0.3605 0.06933333 0.115
0 0.29566667 0.7135 0.04133333 0.131
0 0.34283333 0.71625 0.07633333 0.0015
0 0.47083333 0.71425 0.05233333 0.0295
0 0.69266667 0.5155 0.02866667 0.066
0 0.64783333 0.43375 0.029 0.0485
0 0.643 0.58625 0.02066667 0.0455
0 0.51883333 0.622 0.051 0.026
0 0.46233333 0.49525 0.044 0.0525
0 0.61816667 0.25675 0.04833333 0.0635
0 0.67216667 0.2945 0.027 0.047
0 0.62133333 0.21775 0.042 0.0635
0 0.73633333 0.219 0.03333333 0.042
0 0.73133333 0.2095 0.02866667 0.034
0 0.77816667 0.2925 0.01966667 0.043
0 0.911 0.2765 0.00733333 0.124
0 0.92766667 0.24875 0.01333333 0.0605
0 0.97666667 0.209 0.02533333 0.143
0 0.8595 0.252 0.017 0.189
0 0.86016667 0.17725 0.04766667 0.1655
0 0.827 0.09175 0.044 0.0405
0 0.78716667 0.153 0.01966667 0.085
0 0.95766667 0.03975 0.02866667 0.0525
0 0.84816667 0.6805 0.045 0.038
0 0.8365 0.659 0.045 0.032
0 0.67883333 0.79725 0.06366667 0.1095
0 0.06566667 0.68925 0.07 0.0285
0 0.10833333 0.79775 0.03866667 0.0565
0 0.20433333 0.0505 0.05133333 0.101
0 0.106 0.21025 0.01466667 0.0595
0 0.77633333 0.45475 0.04133333 0.0365
0 0.88183333 0.9495 0.06366667 0.101
0 0.84716667 0.965 0.03766667 0.07
0 0.01566667 0.0585 0.03133333 0.077
