0 0.579 0.967 0.10133333 0.066
0 0.34866667 0.868 0.06666667 0.081
0 0.381 0.80875 0.03066667 0.0835
0 0.2655 0.785 0.035 0.05
0 0.377 0.64625 0.05466667 0.0255
0 0.38183333 0.68725 0.01433333 0.0835
0 0.11983333 0.67875 0.11233333 0.0795
0 0.0435 0.85725 0.087 0.0295
0 0.11316667 0.8315 0.009 0.035
0 0.06933333 0.34825 0. 0.0715
0 0.09933333 0.2535 0.01333333 0.089
0 0.07983333 0.1435 0.01433333 0.187
0 0.03683333 0.15575 0.01633333 0.2545
0 0.04683333 0.44525 0.079 0.0875
0 0.14916667 0.2805 0.03033333 0.105
0 0.16033333 0.2635 0.03666667 0.093
0 0.185 0.2925 0.034 0.105
0 0.20583333 0.531 0.027 0.119
0 0.27183333 0.4475 0.01366667 0.113
0 0.3505 0.0855 0.05566667 0.112
0 0.53366667 0.09375 0.038 0.1795
0 0.77183333 0.38825 0.03766667 0.2105
0 0.73766667 0.172 0.07933333 0.155
0 0.87566667 0.329 0.04933333 0.046
0 0.81766667 0.6295 0.01266667 0.151
0 0.83916667 0.88875 0.02366667 0.1225
0 0.99183333 0.57875 0.01633333 0.0445
0 0.9875 0.368 0.025 0.046
0 0.49066667 0.75675 0.036 0.0225
0 0.58816667 0.68725 0.00633333 0.0755
0 0.527 0.3785 0.00466667 0.07
0 0.3895 0.60375 0.003 0.0675
0 0.25416667 0.593 0.02166667 0.167
0 0.074 0.71075 0.04933333 0.0445
0 0.2475 0.26825 0.017 0.1345
0 0.27233333 0.145 0.04133333 0.066
0 0.02383333 0.326 0.04766667 0.027
0 0.02966667 0.35575 0.04866667 0.0295
