0 0.2295 0.49175 0.00633333 0.2885
0 0.21066667 0.645 0.008 0.112
0 0.51033333 0.698 0.052 0.027
0 0.4995 0.68125 0.05766667 0.0225
0 0.88316667 0.7015 0.063 0.071
0 0.84633333 0.77625 0.08066667 0.0595
0 0.78116667 0.7965 0.07633333 0.013
0 0.76966667 0.775 0.06733333 0.03
0 0.75933333 0.74275 0.07 0.0565
0 0.749 0.73375 0.062 0.0605
0 0.86066667 0.632 0.108 0.094
0 0.98016667 0.57875 0.03966667 0.0335
0 0.594 0.67125 0.04666667 0.0375
0 0.47166667 0.63275 0.05933333 0.0475
0 0.50316667 0.58775 0.135 0.1455
0 0.70716667 0.558 0.115 0.129
