0 0.45516667 0.42725 0.177 0.0325
0 0.65983333 0.31275 0.22366667 0.0165
0 0.67516667 0.54125 0.033 0.0875
0 0.6895 0.5195 0.02966667 0.063
0 0.74166667 0.81475 0.04733333 0.1575
0 0.81616667 0.93275 0.053 0.1215
0 0.902 0.8565 0.036 0.166
0 0.94933333 0.8375 0.07466667 0.325
0 0.34366667 0.8445 0.136 0.023
0 0.29516667 0.91325 0.069 0.0175
0 0.172 0.541 0.062 0.042
0 0.08716667 0.4885 0.15966667 0.023
0 0.06383333 0.03375 0.03233333 0.0675
0 0.53716667 0.21975 0.115 0.0375
0 0.43716667 0.2555 0.141 0.031
0 0.3595 0.134 0.05566667 0.039
0 0.48833333 0.0675 0.08 0.054
0 0.58433333 0.05575 0.132 0.0365
0 0.61416667 0.1165 0.07833333 0.023
0 0.72866667 0.12725 0.03933333 0.0095
0 0.74183333 0.15925 0.053 0.0135
0 0.74533333 0.0775 0.026 0.042
0 0.65183333 0.0095 0.017 0.019
0 0.91466667 0.231 0.038 0.074
0 0.637 0.74375 0.068 0.1105
0 0.638 0.8315 0.04666667 0.065
0 0.4455 0.3795 0.05566667 0.015
0 0.362 0.3395 0.03066667 0.019
0 0.30866667 0.28175 0.06 0.0055
0 0.57416667 0.98325 0.09366667 0.0095
