0 0.217 0.45025 0.04733333 0.1835
0 0.2165 0.37525 0.029 0.1145
0 0.19533333 0.3425 0.03866667 0.124
0 0.2655 0.32325 0.04566667 0.0135
0 0.33916667 0.272 0.125 0.
0 0.44483333 0.2425 0.079 0.011
0 0.41466667 0.50875 0.13933333 0.1145
0 0.34816667 0.53225 0.033 0.0515
0 0.3005 0.7365 0.08166667 0.05
0 0.314 0.70025 0.04066667 0.0285
0 0.28266667 0.79525 0.03333333 0.0215
0 0.19366667 0.775 0.03866667 0.011
0 0.16266667 0.72175 0.02866667 0.0065
0 0.16083333 0.632 0.007 0.108
0 0.14116667 0.54325 0.00366667 0.2235
0 0.1605 0.51675 0.00633333 0.0795
0 0.11366667 0.517 0.006 0.112
0 0.08483333 0.69725 0.04233333 0.1415
0 0.1365 0.77575 0.03766667 0.1605
0 0.09833333 0.8045 0.03866667 0.124
0 0.01983333 0.624 0.03966667 0.124
0 0.08633333 0.878 0.05733333 0.007
0 0.4245 0.77175 0.017 0.0875
0 0.41816667 0.713 0.02233333 0.03
0 0.36433333 0.93175 0.028 0.0875
0 0.39616667 0.711 0.025 0.023
0 0.45366667 0.63275 0.07533333 0.0255
0 0.51166667 0.63675 0.08333333 0.0205
0 0.725 0.69475 0.04866667 0.1905
0 0.7885 0.7385 0.019 0.059
0 0.88083333 0.971 0.01166667 0.055
0 0.8505 0.85975 0.02233333 0.0835
0 0.87833333 0.48925 0.028 0.0725
0 0.691 0.1995 0.02333333 0.272
0 0.60466667 0.035 0.11666667 0.059
0 0.61316667 0.94275 0.10166667 0.1145
