0 0.389 0.5585 0.106 0.058
0 0.382 0.29325 0.106 0.0905
0 0.29116667 0.36725 0.061 0.0495
0 0.22816667 0.6145 0.009 0.043
0 0.645 0.28975 0.05933333 0.0295
0 0.709 0.124 0.106 0.097
0 0.73666667 0.22775 0.04666667 0.0055
0 0.82116667 0.42175 0.097 0.0135
0 0.75616667 0.39875 0.107 0.0055
0 0.60816667 0.40375 0.05033333 0.0985
0 0.827 0.3295 0.08 0.009
0 0.83466667 0.294 0.09333333 0.
0 0.8095 0.66925 0.025 0.1145
0 0.5035 0.96575 0.02966667 0.0685
0 0.24216667 0.4495 0.04566667 0.066
0 0.03583333 0.314 0.02166667 0.046
0 0.0265 0.64425 0.03166667 0.1485
0 0.77483333 0.29025 0.05833333 0.0795
0 0.64366667 0.93 0.008 0.078
0 0.66533333 0.2405 0.08 0.112
0 0.50133333 0.0405 0.106 0.081
0 0.22066667 0.38875 0.02066667 0.0495
