0 0.292 0.53775 0.034 0.1025
0 0.05666667 0.395 0.00533333 0.132
0 0.03066667 0.10975 0.01266667 0.0875
0 0.00816667 0.1085 0.01633333 0.117
0 0.47433333 0.085 0.072 0.17
0 0.4995 0.223 0.03966667 0.09
0 0.63966667 0.04975 0.02533333 0.0995
0 0.72866667 0.6785 0.054 0.085
0 0.95283333 0.44275 0.03833333 0.0685
0 0.8495 0.4685 0.08366667 0.05
0 0.695 0.9745 0.008 0.051
0 0.49766667 0.944 0.02866667 0.112
0 0.28933333 0.601 0.018 0.081
0 0.128 0.67475 0.008 0.0795
0 0.27133333 0.851 0.00333333 0.077
0 0.6095 0.5735 0.04233333 0.023
0 0.90016667 0.97575 0.07366667 0.0165
0 0.15316667 0.15975 0.06033333 0.1095
0 0.38233333 0.59625 0.00266667 0.0605
