0 0.23683333 0.4635 0.15233333 0.112
0 0.2035 0.6 0.06966667 0.064
0 0.3395 0.62275 0.16566667 0.0755
0 0.33733333 0.7425 0.07466667 0.079
0 0.4055 0.782 0.07766667 0.1
0 0.46916667 0.71525 0.08166667 0.0545
0 0.38833333 0.8985 0.15266667 0.188
0 0.36266667 0.828 0.08466667 0.111
0 0.28783333 0.937 0.111 0.047
0 0.851 0.75975 0.03933333 0.1135
0 0.85766667 0.609 0.012 0.103
0 0.70766667 0.2805 0.02133333 0.094
0 0.96616667 0.25 0.06766667 0.061
0 0.96916667 0.32125 0.06166667 0.0695
0 0.51983333 0.5395 0.06166667 0.103
0 0.501 0.59775 0.10933333 0.1345
0 0.48283333 0.52575 0.111 0.1695
0 0.18733333 0.782 0.1 0.188
0 0.68683333 0.75975 0.02433333 0.0715
