0 0.86025 0.47775 0.0515 0.0195
0 0.40741667 0.665 0.05216667 0.056
0 0.324 0.484875 0.05633333 0.01725
0 0.306 0.372 0.05833333 0.05
0 0.08075 0.16275 0.04083333 0.004
0 0.19 0.1175 0.05966667 0.005
0 0.52783333 0.135375 0.084 0.01425
0 0.55016667 0.256875 0.07333333 0.04375
0 0.54441667 0.325625 0.08616667 0.05075
0 0.2405 0.761125 0.05766667 0.03875
0 0.25233333 0.7525 0.05566667 0.064
0 0.26833333 0.70975 0.04266667 0.054
0 0.07666667 0.934625 0.03 0.06825
0 0.32833333 0.441625 0.057 0.00625
0 0.33316667 0.047875 0.02166667 0.06725
0 0.38841667 0.542375 0.0455 0.09775
0 0.47733333 0.421875 0.036 0.07225
