0 0.221 0.47525 0.08466667 0.0795
0 0.32883333 0.08225 0.03233333 0.1345
0 0.5035 0.08425 0.035 0.0665
0 0.45966667 0.2555 0.03333333 0.131
0 0.514 0.17925 0.04866667 0.1105
0 0.54583333 0.19675 0.03833333 0.0645
0 0.52116667 0.254 0.027 0.109
0 0.58666667 0.41375 0.01066667 0.0885
0 0.757 0.8875 0.08733333 0.061
0 0.59883333 0.969 0.017 0.062
0 0.92466667 0.258 0.06466667 0.015
0 0.85933333 0.2445 0.03333333 0.05
0 0.5325 0.38475 0.02966667 0.0125
0 0.62483333 0.11325 0.04233333 0.0325
0 0.59966667 0.26475 0.00466667 0.0605
0 0.65266667 0.2615 0.00466667 0.113
