0 0.1765 0.70075 0.02966667 0.3075
0 0.16383333 0.6665 0.01166667 0.109
0 0.10833333 0.88675 0.03333333 0.0375
0 0.0925 0.923 0.01433333 0.043
0 0.11316667 0.928 0.011 0.066
0 0.23083333 0.77625 0.06833333 0.1485
0 0.10733333 0.32825 0.01 0.1445
0 0.20216667 0.145 0.01433333 0.101
0 0.52516667 0.54975 0.09233333 0.0325
0 0.60333333 0.3415 0.06933333 0.085
0 0.58533333 0.32625 0.078 0.0565
0 0.64783333 0.50475 0.06833333 0.0175
0 0.6935 0.09175 0.17966667 0.0105
0 0.49333333 0.1085 0.10066667 0.012
0 0.9465 0.483 0.107 0.12
0 0.72466667 0.655 0.03666667 0.078
0 0.61816667 0.725 0.06833333 0.024
0 0.65266667 0.69075 0.03133333 0.0795
0 0.641 0.6495 0.062 0.043
0 0.45283333 0.70425 0.05233333 0.0445
0 0.38533333 0.7325 0.04666667 0.074
0 0.36933333 0.839 0.02333333 0.001
0 0.4255 0.8335 0.089 0.055
0 0.43516667 0.8005 0.159 0.008
0 0.60733333 0.81125 0.08266667 0.0215
0 0.81983333 0.6725 0.05633333 0.057
0 0.75916667 0.7015 0.06833333 0.047
0 0.79416667 0.68525 0.03233333 0.0095
0 0.291 0.597 0.10066667 0.259
0 0.30133333 0.667 0.08533333 0.294
0 0.28533333 0.771 0.05666667 0.143
0 0.33916667 0.67325 0.087 0.2685
0 0.37466667 0.53025 0.00533333 0.0905
0 0.38983333 0.58175 0.01966667 0.1415
