0 0.22233333 0.23125 0.13733333 0.0715
0 0.20483333 0.465 0.10233333 0.046
0 0.1645 0.49925 0.13833333 0.0415
0 0.27133333 0.93725 0.06133333 0.0095
0 0.209 0.98525 0.08 0.0245
0 0.30183333 0.9765 0.04833333 0.015
0 0.46316667 0.90425 0.07433333 0.0165
0 0.4475 0.8525 0.07366667 0.02
0 0.43983333 0.81 0.04766667 0.024
0 0.78083333 0.638 0.081 0.085
0 0.83066667 0.44675 0.078 0.0845
0 0.77233333 0.85975 0.05666667 0.0135
0 0.7625 0.829 0.053 0.019
0 0.606 0.562 0.16266667 0.121
0 0.65983333 0.03575 0.04766667 0.0095
0 0.83066667 0.06125 0.01 0.1175
0 0.762 0.09175 0.034 0.0645
0 0.75283333 0.26675 0.01433333 0.1105
0 0.20766667 0.33675 0.14733333 0.1025
0 0.17333333 0.365 0.20666667 0.097
0 0.05516667 0.04525 0.06033333 0.0255
0 0.026 0.20025 0.052 0.0635
0 0.02516667 0.25525 0.05033333 0.0635
0 0.48333333 0.5135 0.088 0.022
0 0.699 0.9365 0.08466667 0.008
0 0.5185 0.53225 0.02166667 0.0405
