0 0.3585 0.62475 0.079 0.0685
0 0.4025 0.8735 0.077 0.186
0 0.46633333 0.89075 0.05933333 0.0945
0 0.521 0.9825 0.01266667 0.032
0 0.53916667 0.977 0.01966667 0.046
0 0.6285 0.8585 0.019 0.067
0 0.6325 0.84025 0.027 0.0825
0 0.52016667 0.43925 0.03233333 0.1025
0 0.55433333 0.231 0.10266667 0.082
0 0.734 0.529 0.00533333 0.115
0 0.68466667 0.51125 0. 0.0445
0 0.67383333 0.564 0.00366667 0.125
0 0.80683333 0.63125 0.05566667 0.0715
0 0.88366667 0.88875 0.008 0.1095
0 0.93933333 0.52975 0.02266667 0.0995
0 0.87566667 0.44325 0.01533333 0.0915
0 0.9285 0.30925 0.143 0.0495
0 0.86616667 0.3025 0.05366667 0.023
0 0.80233333 0.2535 0.108 0.046
0 0.3045 0.72175 0.06833333 0.0905
0 0.35183333 0.746 0.02233333 0.036
0 0.43033333 0.79725 0.06133333 0.0715
0 0.49966667 0.7735 0.036 0.121
0 0.52383333 0.903 0.00366667 0.102
0 0.51033333 0.9185 0.01466667 0.109
0 0.49333333 0.7965 0.04866667 0.111
0 0.465 0.68525 0.044 0.0255
0 0.39716667 0.934 0.03766667 0.092
0 0.34633333 0.798 0.04066667 0.07
0 0.18766667 0.733 0.13466667 0.089
0 0.2215 0.71425 0.09633333 0.1155
