0 0.063 0.03725 0.098 0.0165
0 0.052 0.2695 0.104 0.094
0 0.02933333 0.33325 0.05866667 0.0545
0 0.1025 0.2825 0.05566667 0.068
0 0.356 0.275 0.03533333 0.059
0 0.42383333 0.27425 0.009 0.1095
0 0.35766667 0.21725 0.05666667 0.0105
0 0.3955 0.253 0.009 0.073
0 0.53833333 0.284 0.13933333 0.041
0 0.21116667 0.53025 0.04233333 0.0755
0 0.22116667 0.55075 0.077 0.1225
0 0.16616667 0.75775 0.009 0.1425
0 0.1135 0.93575 0.06166667 0.0805
0 0.17066667 0.9585 0.04266667 0.059
0 0.441 0.6295 0.03733333 0.117
