0 0.51166667 0.58175 0.08533333 0.0525
0 0.523 0.46025 0.01066667 0.1635
0 0.725 0.92375 0.07533333 0.1525
0 0.31133333 0.9105 0.064 0.179
0 0.55616667 0.9635 0.00366667 0.073
0 0.58183333 0.97375 0.001 0.0525
0 0.5965 0.8995 0.045 0.144
0 0.62716667 0.979 0.03233333 0.042
0 0.83283333 0.45475 0.10966667 0.0335
0 0.86483333 0.444 0.07633333 0.028
0 0.84316667 0.411 0.08366667 0.046
0 0.731 0.366 0.07466667 0.039
0 0.75016667 0.50225 0.08966667 0.0445
0 0.81666667 0.8065 0.11133333 0.101
0 0.94666667 0.847 0.03866667 0.069
0 0.93266667 0.84825 0.02333333 0.0605
0 0.02116667 0.3545 0.04233333 0.005
0 0.071 0.29575 0.142 0.0015
0 0.5265 0.11925 0.00566667 0.1385
0 0.55483333 0.12925 0.00433333 0.1185
0 0.6505 0.05125 0.183 0.0375
0 0.792 0.039 0.046 0.019
0 0.60783333 0.1315 0.09233333 0.039
0 0.633 0.1065 0.12133333 0.035
0 0.63116667 0.1415 0.09233333 0.057
0 0.82783333 0.12 0.18966667 0.07
0 0.88416667 0.03775 0.04833333 0.0675
0 0.823 0.21775 0.068 0.1445
0 0.65766667 0.49175 0.17266667 0.0295
0 0.7795 0.57475 0.14633333 0.0685
0 0.5975 0.52075 0.06833333 0.0015
0 0.87183333 0.57075 0.141 0.0665
0 0.92716667 0.04575 0.081 0.0755
