0 0.27116667 0.0635 0.12433333 0.109
0 0.245 0.16875 0.108 0.0985
0 0.19333333 0.28475 0.16866667 0.0515
0 0.18233333 0.47575 0.15066667 0.0575
0 0.33433333 0.447 0.13133333 0.061
0 0.21566667 0.782 0.104 0.112
0 0.3045 0.7515 0.05766667 0.03
0 0.33533333 0.84925 0.08066667 0.0345
0 0.45816667 0.8515 0.07566667 0.003
0 0.56516667 0.84925 0.013 0.1465
0 0.5415 0.86125 0.02433333 0.2105
0 0.6095 0.5175 0.07566667 0.126
0 0.66966667 0.5265 0.06266667 0.132
0 0.72683333 0.2295 0.011 0.274
0 0.65 0.0395 0.14066667 0.079
0 0.63133333 0.08775 0.196 0.1275
0 0.75566667 0.7545 0.05866667 0.209
0 0.7465 0.706 0.05633333 0.194
0 0.69883333 0.9235 0.03233333 0.153
0 0.93483333 0.35375 0.07566667 0.0015
