0 0.28883333 0.4705 0.05433333 0.177
0 0.28183333 0.39475 0.079 0.2075
0 0.3415 0.7985 0.17166667 0.009
0 0.1005 0.69025 0.04566667 0.0045
0 0.7465 0.237 0.115 0.047
0 0.7445 0.20225 0.099 0.0315
0 0.7375 0.17425 0.103 0.0395
0 0.76316667 0.138 0.06766667 0.015
0 0.96366667 0.0135 0.05266667 0.009
0 0.98633333 0.2675 0.02733333 0.029
0 0.97266667 0.32725 0.04666667 0.0935
0 0.97583333 0.388 0.04833333 0.091
0 0.97683333 0.6695 0.02033333 0.109
0 0.72216667 0.669 0.05233333 0.065
0 0.654 0.91675 0.05533333 0.0695
0 0.57266667 0.9335 0.11533333 0.015
0 0.4585 0.8 0.04033333 0.07
0 0.33783333 0.0205 0.07166667 0.023
0 0.6525 0.08025 0.077 0.0155
