0 0.563 0.24275 0.08733333 0.0725
0 0.548 0.19775 0.09733333 0.0935
0 0.42883333 0.158 0.07633333 0.016
0 0.31916667 0.21925 0.05566667 0.0825
0 0.21416667 0.433 0.051 0.02
0 0.256 0.55275 0.06266667 0.0785
0 0.195 0.7725 0.08666667 0.015
0 3.22333333e-01 9.49500000e-01 6.66666667e-04 1.01000000e-01
0 0.74866667 0.5185 0.05466667 0.157
0 0.8305 0.26925 0.03033333 0.1665
0 0.8715 0.2905 0.037 0.17
0 0.87516667 0.391 0.01766667 0.12
0 0.77483333 0.5295 0.03433333 0.091
0 0.67816667 0.71925 0.033 0.0855
0 0.47916667 0.2195 0.04433333 0.038
0 0.49866667 0.05275 0.09 0.1055
0 0.56216667 0.12075 0.04233333 0.1125
0 0.05916667 0.234 0.06033333 0.035
0 0.36183333 0.38675 0.059 0.0565
0 0.45266667 0.46875 0.04066667 0.0395
