0 0.24266667 0.3255 0.016 0.058
0 0.14566667 0.26825 0.04133333 0.0375
0 0.09516667 0.12875 0.09166667 0.0685
0 0.11283333 0.09725 0.04033333 0.0215
0 0.52066667 0.08625 0.098 0.0295
0 0.84466667 0.33775 0.07733333 0.0285
0 0.96816667 0.11 0.06366667 0.012
0 0.50983333 0.74925 0.18433333 0.0455
0 0.45233333 0.847 0.07466667 0.001
0 0.0395 0.812 0.027 0.047
0 0.30016667 0.409 0.043 0.047
0 0.2695 0.40225 0.02166667 0.0445
0 0.2745 0.419 0.017 0.043
0 0.261 0.39075 0.02266667 0.0455
0 0.91283333 0.407 0.061 0.008
0 0.9685 0.28375 0.063 0.0175
