0 0.22816667 0.481 0.01633333 0.291
0 0.37333333 0.15025 0.03533333 0.1415
0 0.3445 0.103 0.02766667 0.047
0 0.2925 0.0505 0.02233333 0.061
0 0.186 0.048 0.03933333 0.05
0 0.1955 0.02025 0.04233333 0.0405
0 0.08933333 0.12175 0.12666667 0.1145
0 0.646 0.5695 0.13133333 0.314
0 0.61816667 0.593 0.08633333 0.186
0 0.66483333 0.66175 0.06633333 0.0085
0 0.85166667 0.7405 0.106 0.039
0 0.898 0.6895 0.04066667 0.012
0 0.89266667 0.84775 0.15533333 0.0245
0 0.94966667 0.98175 0.04333333 0.0365
0 0.56516667 0.96975 0.08433333 0.0525
0 0.57766667 0.93525 0.11866667 0.0785
0 0.672 0.40375 0.04866667 0.0875
0 0.2865 0.30925 0.045 0.1335
0 0.291 0.40425 0.05933333 0.2315
0 0.336 0.205 0.02866667 0.081
0 0.79966667 0.6705 0.178 0.028
0 0.95683333 0.6685 0.061 0.027
