0 0.06316667 0.485 0.005 0.109
0 0.1395 0.493 0.02433333 0.259
0 0.062 0.79525 0.04133333 0.1545
0 0.19133333 0.41125 0.04933333 0.1895
0 0.297 0.27125 0.21 0.1605
0 0.30416667 0.41275 0.103 0.0865
0 0.302 0.4575 0.08066667 0.067
0 0.41566667 0.49525 0.00733333 0.1425
0 0.33883333 0.66825 0.017 0.1485
0 0.42666667 0.73025 0.03933333 0.2155
0 0.47366667 0.94775 0.07066667 0.0045
0 0.63033333 0.7545 0.04066667 0.073
0 0.801 0.45225 0.09066667 0.0225
0 0.83233333 0.441 0.06866667 0.027
0 0.89433333 0.25225 0.02333333 0.0715
0 0.82283333 0.10975 0.195 0.0015
0 0.58183333 0.0205 0.02833333 0.041
0 0.47883333 0.06125 0.04633333 0.0835
0 0.396 0.0425 0.05466667 0.033
0 0.44083333 0.70225 0.011 0.0655
