0 0.19583333 0.67775 0.05566667 0.1565
0 0.04533333 0.75725 0.09066667 0.0295
0 0.2175 0.188 0.081 0.015
0 0.6775 0.543 0.09366667 0.186
0 0.7835 0.514 0.14033333 0.031
0 0.74933333 0.48725 0.07 0.0145
0 0.87516667 0.51825 0.03233333 0.0765
0 0.68283333 0.8455 0.12566667 0.031
0 0.63533333 0.804 0.088 0.028
0 0.70116667 0.81725 0.053 0.0255
0 0.6365 0.783 0.09966667 0.032
0 0.64866667 0.88425 0.11866667 0.0405
0 0.71116667 0.88125 0.04233333 0.0215
0 0.4195 0.8255 0.06833333 0.028
0 0.37283333 0.81625 0.06833333 0.0795
0 0.20083333 0.9705 0.06566667 0.019
0 0.21666667 0.952 0.05933333 0.004
0 0.51216667 0.35375 0.007 0.1195
0 0.47666667 0.34975 0.00466667 0.0955
