0 0.501 0.85 0.13533333 0.036
0 0.64583333 0.7925 0.14033333 0.012
0 0.66716667 0.765 0.06166667 0.009
0 0.69133333 0.8835 0.106 0.003
0 0.78283333 0.859 0.083 0.012
0 0.9395 0.82575 0.097 0.0035
0 0.91716667 0.78125 0.05033333 0.0075
0 0.96016667 0.75975 0.05966667 0.0015
0 0.87983333 0.4385 0.081 0.047
0 0.949 0.43025 0.096 0.0305
0 0.9055 0.503 0.08366667 0.03
0 0.97066667 0.012 0.05266667 0.015
0 0.94683333 0.044 0.06366667 0.024
0 0.13583333 0.1485 0.04166667 0.167
0 0.096 0.20375 0.004 0.0625
