0 0.76583333 0.314625 0.07866667 0.06025
0 0.04233333 0.740375 0.08466667 0.01675
0 0.03075 0.7865 0.0615 0.014
0 0.115 0.66225 0.07433333 0.0115
0 0.23841667 0.428875 0.1025 0.01925
0 0.109 0.365375 0.112 0.02575
0 0.19791667 0.2635 0.10683333 0.0245
0 0.07391667 0.05125 0.0555 0.0565
0 0.33291667 0.057 0.01116667 0.114
0 0.86283333 0.91725 0.09133333 0.086
0 0.812 0.030125 0.04266667 0.06025
0 0.03933333 0.491 0.03933333 0.0205
0 0.01366667 0.52375 0.02733333 0.004
0 0.21283333 0.034 0.02566667 0.068
