0 0.63116667 0.4365 0.083 0.373
0 0.68508333 0.33975 0.01616667 0.205
0 0.71791667 0.308875 0.00683333 0.11025
0 0.70041667 0.5205 0.02816667 0.1925
0 0.641 0.758375 0.08366667 0.23725
0 0.57058333 0.865375 0.04016667 0.25625
0 0.51241667 0.774375 0.00083333 0.07425
0 0.51241667 0.618625 0.01116667 0.17825
0 0.44783333 0.693 0.00166667 0.091
0 0.76408333 0.562875 0.10083333 0.21525
0 0.85466667 0.40375 0.06333333 0.1385
0 0.909 0.239125 0.035 0.13225
0 0.83241667 0.566 0.1145 0.2065
0 0.91541667 0.33975 0.03416667 0.1975
0 0.8115 0.188375 0.10166667 0.04875
0 0.585 0.118 0.076 0.0205
0 0.50083333 0.08975 0.03066667 0.005
0 0.39866667 0.066 0.03333333 0.0165
0 0.28291667 0.072375 0.1435 0.14475
0 0.23083333 0.083375 0.041 0.03325
0 0.19491667 0.083375 0.05983333 0.04625
0 0.05208333 0.156375 0.07516667 0.06425
0 0.047 0.05325 0.094 0.0295
0 0.13758333 0.006375 0.06316667 0.01275
0 0.02691667 0.093625 0.05383333 0.02325
0 0.0885 0.193625 0.177 0.11025
0 0.07525 0.233375 0.1505 0.08725
0 0.0145 0.30325 0.029 0.027
0 0.13383333 0.393625 0.047 0.05625
0 0.147 0.408875 0.02566667 0.03075
0 0.17391667 0.432 0.03683333 0.036
0 0.11408333 0.634 0.06583333 0.037
0 0.053 0.650625 0.03233333 0.00375
0 0.08333333 0.681375 0.16666667 0.10625
0 0.08075 0.7205 0.1615 0.113
0 0.17433333 0.833875 0.09566667 0.11925
0 0.21108333 0.7615 0.03583333 0.0435
0 0.33891667 0.696875 0.0915 0.18075
0 0.29875 0.578125 0.1325 0.01275
0 0.12475 0.9315 0.12983333 0.1295
0 0.47733333 0.38075 0.00433333 0.1155
0 0.45641667 0.424375 0.00183333 0.06175
0 0.576 0.431375 0.03933333 0.17825
0 0.44058333 0.009625 0.01283333 0.01925
0 0.4265 0.025 0.02566667 0.009
0 0.45816667 0.130125 0.04266667 0.01925
0 0.22266667 0.217375 0.042 0.01675
0 0.19741667 0.29875 0.0685 0.
0 0.3705 0.838375 0.052 0.09225
0 0.66583333 0.35825 0.029 0.2115
0 0.53241667 0.50775 0.0205 0.059
0 0.10683333 0.359625 0.06333333 0.04475
0 0.01708333 0.130125 0.03416667 0.01175
0 0.55725 0.94175 0.0155 0.109
