0 0.58466667 0.490375 0.02733333 0.06775
0 0.60766667 0.516625 0.01533333 0.04375
0 0.68808333 0.2 0.03583333 0.128
0 0.72433333 0.167375 0.047 0.19875
0 0.77091667 0.084 0.01716667 0.091
0 0.78541667 0.20575 0.05816667 0.0345
0 0.6415 0.140375 0.088 0.22675
0 0.41241667 0.05575 0.0675 0.05
0 0.341 0.058375 0.082 0.06025
0 0.27008333 0.14675 0.03583333 0.032
0 0.28075 0.323 0.10516667 0.159
0 0.3205 0.3345 0.065 0.1
0 0.32816667 0.357125 0.05133333 0.09625
0 0.23291667 0.568625 0.10183333 0.01925
0 0.0205 0.534 0.041 0.05
0 0.27516667 0.839125 0.14866667 0.08325
0 0.47858333 0.778875 0.0325 0.08575
0 0.45433333 0.77825 0.03333333 0.0745
0 0.76116667 0.5955 0.15466667 0.055
0 0.22775 0.057 0.02483333 0.0115
0 0.12691667 0.55375 0.0385 0.
