0 0.80558333 0.519875 0.0795 0.10875
0 0.71108333 0.460875 0.07016667 0.07575
0 0.67091667 0.40375 0.0375 0.0795
0 0.62183333 0.573 0.06066667 0.077
0 0.64958333 0.632 0.02216667 0.0845
0 0.93208333 0.82575 0.0965 0.341
0 0.94825 0.52875 0.04183333 0.0705
0 0.85933333 0.7045 0.08633333 0.1705
0 0.82091667 0.84175 0.00416667 0.15
0 0.81625 0.932625 0.03416667 0.10125
0 0.76283333 0.9205 0.03666667 0.159
0 0.72991667 0.9545 0.00516667 0.091
0 0.69225 0.81475 0.04783333 0.0115
0 0.68933333 0.690375 0.07766667 0.08825
0 0.48891667 0.7795 0.25983333 0.0845
0 0.54875 0.696875 0.0565 0.01675
0 0.5735 0.912875 0.13666667 0.06925
0 0.51325 0.96025 0.06083333 0.0205
0 0.368 0.9295 0.16833333 0.0565
0 0.28116667 0.882625 0.06333333 0.01675
0 0.2385 0.872375 0.07866667 0.02425
0 0.05 0.93775 0.1 0.0295
0 0.19483333 0.75775 0.05466667 0.018
0 0.21408333 0.7365 0.0385 0.0245
0 0.15766667 0.723625 0.059 0.01925
0 0.08891667 0.675625 0.0615 0.00525
0 0.11883333 0.643 0.04266667 0.0115
0 0.05475 0.81275 0.08716667 0.0435
0 0.02175 0.299375 0.02816667 0.12175
0 0.49233333 0.2295 0.041 0.0665
0 0.41625 0.25325 0.0255 0.045
0 0.37566667 0.184625 0.04866667 0.06925
0 0.42008333 0.137125 0.0435 0.09225
0 0.685 0.85325 0.059 0.027
