0 0.72925 0.1125 0.2635 0.225
0 0.52241667 0.17375 0.2795 0.3475
0 0.44475 0.496625 0.37983333 0.34075
0 0.22766667 0.870125 0.008 0.10525
0 0.18375 0.882125 0.01583333 0.13975
0 0.02666667 0.597875 0.05333333 0.25025
0 0.70533333 0.4075 0.08433333 0.349
0 0.76608333 0.343625 0.05683333 0.01325
0 0.88858333 0.340125 0.10116667 0.00925
0 0.51041667 0.755625 0.03716667 0.18225
0 0.3045 0.443375 0.103 0.16775
0 0.75716667 0.02 0.04433333 0.04
0 0.9585 0.201125 0.083 0.00275
0 0.79583333 0.208375 0.04 0.00125
