0 0.41025 0.808375 0.29583333 0.08575
0 0.32525 0.36675 0.0265 0.077
0 0.36966667 0.401875 0.00933333 0.13475
0 0.32608333 0.19875 0.08283333 0.254
0 0.68075 0.45125 0.02316667 0.1025
0 0.69441667 0.326875 0.02483333 0.05125
0 0.62091667 0.033375 0.02483333 0.06675
0 0.95216667 0.8275 0.09566667 0.0345
0 0.96966667 0.711625 0.06066667 0.02825
0 0.93333333 0.652625 0.13166667 0.01025
0 0.10216667 0.602625 0.071 0.05125
0 0.58725 0.219875 0.05983333 0.08075
0 0.58591667 0.264125 0.05383333 0.03325
0 0.20083333 0.175625 0.16933333 0.18475
0 0.17308333 0.208875 0.20583333 0.23075
0 0.72733333 0.3045 0.03766667 0.073
