0 0.06366667 0.178875 0.06566667 0.04475
0 0.19316667 0.334 0.089 0.1345
0 0.21033333 0.29675 0.053 0.0885
0 0.53158333 0.376375 0.01883333 0.11925
0 0.54441667 0.5115 0.0205 0.0745
0 0.63416667 0.771125 0.024 0.14725
0 0.53241667 0.716625 0.0325 0.08725
0 0.52733333 0.61025 0.05133333 0.1795
0 0.544 0.6045 0.04866667 0.1575
0 0.54358333 0.976875 0.00516667 0.04625
0 0.50516667 0.42375 0.00166667 0.15
0 0.42775 0.0725 0.00416667 0.109
0 0.32816667 0.0455 0.05633333 0.022
0 0.04825 0.814125 0.0025 0.07425
0 0.03891667 0.757 0.02483333 0.073
0 0.85083333 0.496125 0.059 0.22825
0 0.91025 0.374375 0.0325 0.12575
0 0.93416667 0.246125 0. 0.12825
0 0.94916667 0.23975 0.00433333 0.2515
0 0.91108333 0.465375 0.08383333 0.24125
0 0.83716667 0.653125 0.05566667 0.16025
0 0.89016667 0.69875 0.04866667 0.1385
0 0.885 0.75575 0.047 0.1295
0 0.49066667 0.102625 0.02733333 0.20525
0 0.57775 0.023125 0.1095 0.04625
0 0.61283333 0.060875 0.06833333 0.02175
0 0.63716667 0.008375 0.03166667 0.01675
0 0.09191667 0.0205 0.06916667 0.023
