0 0.30141667 0.60925 0.0595 0.201
0 0.18016667 0.667125 0.06033333 0.04525
0 0.19258333 0.475375 0.03016667 0.07475
0 0.13891667 0.3695 0.03116667 0.036
0 0.08875 0.283625 0.00883333 0.17825
0 0.02441667 0.260375 0.0205 0.22775
0 0.09591667 0.42875 0.07983333 0.032
0 0.21258333 0.9035 0.0345 0.193
0 0.24541667 0.916125 0.03116667 0.16775
0 0.50825 0.84225 0.19083333 0.217
0 0.42166667 0.743625 0.112 0.14775
0 0.49225 0.67775 0.04516667 0.064
0 0.59166667 0.56925 0.04 0.044
0 0.64441667 0.53 0.04083333 0.056
0 0.61516667 0.67575 0.17566667 0.1825
0 0.72791667 0.524625 0.13683333 0.13825
0 0.775 0.4255 0.055 0.06
0 0.67866667 0.452125 0.08066667 0.10775
0 0.53441667 0.31825 0.07983333 0.2585
0 0.35816667 0.4095 0.08066667 0.052
0 0.38658333 0.45475 0.08616667 0.068
0 0.52375 0.91075 0.04083333 0.104
