0 0.85941667 0.841 0.1565 0.0745
0 0.05725 0.760875 0.1145 0.13225
0 0.13758333 0.7525 0.15716667 0.164
0 0.33416667 0.911625 0.10933333 0.00775
0 0.212 0.574375 0.082 0.16675
0 0.19608333 0.615375 0.05383333 0.16175
0 0.14183333 0.24675 0.05466667 0.145
0 0.168 0.23275 0.12566667 0.2475
0 0.04875 0.121125 0.0975 0.11675
0 0.147 0.398 0.07533333 0.2115
0 0.05941667 0.269875 0.11883333 0.24725
0 0.05983333 0.47375 0.11966667 0.0165
0 0.08116667 0.568 0.16233333 0.077
0 0.08675 0.621875 0.17183333 0.11275
0 0.09616667 0.67375 0.16166667 0.132
0 0.26158333 0.159625 0.03083333 0.22425
0 0.59358333 0.040375 0.0435 0.08075
0 0.04441667 0.055125 0.08883333 0.11025
