0 0.14066667 0.159625 0.006 0.31925
0 0.08158333 0.119875 0.00083333 0.23975
0 0.04191667 0.121125 0.0035 0.22425
0 0.20725 0.28525 0.01283333 0.437
0 0.24183333 0.187875 0.01533333 0.37575
0 0.2205 0.066625 0.00333333 0.12825
0 0.2855 0.705125 0.012 0.20525
0 0.30466667 0.698125 0.00433333 0.26025
0 0.23975 0.51475 0.01283333 0.1525
0 0.19141667 0.407 0.00516667 0.109
0 0.96491667 0.384625 0.07016667 0.13575
0 0.8645 0.168 0.124 0.2
0 0.72175 0.037875 0.0675 0.07575
0 0.66583333 0.018 0.04266667 0.036
0 0.99016667 0.366 0.01966667 0.0475
