0 0.12991667 0.12175 0.05283333 0.0025
0 0.1855 0.452 0.09566667 0.068
0 0.09825 0.426875 0.09916667 0.06925
0 0.06791667 0.38275 0.09316667 0.0655
0 0.22908333 0.97625 0.02383333 0.0475
0 0.88725 0.23525 0.11283333 0.05
0 0.94575 0.25 0.06583333 0.013
0 0.7735 0.1 0.094 0.1205
0 0.73925 0.21475 0.23416667 0.3015
0 0.69016667 0.335375 0.189 0.26025
0 0.58375 0.498125 0.04616667 0.10375
0 0.82483333 0.744875 0.176 0.17175
0 0.22441667 0.55325 0.14783333 0.1295
0 0.13208333 0.15825 0.07616667 0.009
0 0.24233333 0.025625 0.035 0.02325
