0 0.52941667 0.683875 0.05383333 0.08075
0 0.47175 0.720625 0.1385 0.18975
0 0.43116667 0.918 0.117 0.164
0 0.63458333 0.9115 0.07783333 0.177
0 0.81583333 0.674375 0.071 0.19475
0 0.86366667 0.45775 0.252 0.105
0 0.64358333 0.106375 0.26316667 0.14375
0 0.7115 0.045625 0.15633333 0.08075
0 0.647 0.13975 0.236 0.1515
0 0.61025 0.035875 0.04616667 0.03575
0 0.57391667 0.03525 0.09816667 0.0705
0 0.13075 0.15075 0.06483333 0.0705
0 0.15775 0.852625 0.0145 0.11275
0 0.13291667 0.76225 0.03683333 0.073
0 0.04491667 0.834 0.05216667 0.063
0 0.03591667 0.886625 0.07183333 0.08075
0 0.0645 0.960875 0.047 0.07575
0 0.13975 0.730125 0.05383333 0.09125
