0 0.50041667 0.6115 0.0675 0.0025
0 0.874 0.66925 0.206 0.0205
0 0.84141667 0.70575 0.1855 0.0165
0 0.7205 0.277625 0.041 0.10375
0 0.46325 0.04425 0.0495 0.0885
0 0.07858333 0.49425 0.01883333 0.096
0 0.09233333 0.652625 0.09066667 0.14625
0 0.32175 0.637875 0.1205 0.04225
0 0.42991667 0.60575 0.04283333 0.0475
0 0.38758333 0.62425 0.0625 0.
0 0.29016667 0.976875 0.01266667 0.04625
0 0.62008333 0.4705 0.02983333 0.118
0 0.68841667 0.424375 0.00083333 0.07175
0 0.67558333 0.18075 0.04016667 0.013
0 0.41025 0.951875 0.04283333 0.09625
0 0.30425 0.825 0.08716667 0.0115
0 0.38508333 0.858875 0.10516667 0.01025
0 0.04875 0.080125 0.0975 0.09125
