0 0.509 0.746875 0.07433333 0.11925
0 0.29658333 0.571125 0.07016667 0.06525
0 0.12516667 0.417875 0.19233333 0.17175
0 0.01841667 0.498125 0.03683333 0.03475
0 0.36366667 0.798125 0.13933333 0.07575
0 0.44658333 0.85325 0.0625 0.068
0 0.22733333 0.96675 0.041 0.0615
0 0.93508333 0.459 0.12983333 0.2845
0 0.27908333 0.082625 0.11883333 0.00125
0 0.20425 0.0615 0.08716667 0.0565
0 0.1235 0.044875 0.13433333 0.00275
0 0.13375 0.014125 0.22983333 0.02825
0 0.9235 0.01475 0.09833333 0.0295
0 0.72825 0.34175 0.02216667 0.0525
0 0.7 0.318625 0.01533333 0.04475
