0 0.58466667 0.4 0.082 0.0745
0 0.59575 0.340375 0.0975 0.07325
0 0.07008333 0.789 0.07183333 0.1705
0 0.75983333 0.2115 0.13 0.0385
0 0.82941667 0.089125 0.14616667 0.03225
0 0.7295 0.13325 0.083 0.0025
0 0.94233333 0.183875 0.11533333 0.01925
0 0.9735 0.111 0.053 0.0115
0 0.94016667 0.2295 0.058 0.0385
0 0.82566667 0.79425 0.024 0.063
0 0.79275 0.834 0.06583333 0.0525
0 0.17133333 0.667375 0.07433333 0.11925
0 0.71066667 0.05 0.11033333 0.069
0 0.57608333 0.044875 0.12816667 0.07175
0 0.56841667 0.071125 0.07516667 0.04225
0 0.97433333 0.86475 0.04966667 0.0475
