0 0.43033333 0.5475 0.059 0.0385
0 0.3385 0.293625 0.024 0.15625
0 0.30858333 0.173125 0.04616667 0.13075
0 0.36541667 0.341 0.01283333 0.0615
0 0.36575 0.844875 0.08716667 0.10525
0 0.3615 0.969875 0.03766667 0.06025
0 0.11066667 0.665375 0.03 0.04375
0 0.55816667 0.912875 0.02733333 0.05125
0 0.48541667 0.91925 0.08883333 0.118
0 0.84483333 0.9045 0.112 0.1835
0 0.82008333 0.912125 0.0915 0.16525
0 0.79225 0.9065 0.0615 0.141
0 0.59275 0.624375 0.08816667 0.04875
0 0.00425 0.80575 0.0085 0.1425
