0 0.71841667 0.435875 0.10683333 0.13575
0 0.80258333 0.23275 0.07183333 0.15
0 0.95258333 0.290375 0.08116667 0.11425
0 0.74483333 0.502625 0.06066667 0.12825
0 0.47941667 0.6475 0.0325 0.0565
0 0.44058333 0.682 0.0555 0.018
0 0.097 0.48775 0.01466667 0.073
0 0.36025 0.762125 0.1085 0.04475
0 0.52483333 0.48075 0.05466667 0.095
0 0.62091667 0.369875 0.0625 0.12425
0 0.52608333 0.1045 0.04016667 0.004
0 0.38458333 0.10575 0.11283333 0.0245
0 0.46708333 0.11025 0.09483333 0.0155
0 0.36283333 0.13075 0.059 0.0075
0 0.40216667 0.15 0.08633333 0.041
0 0.44108333 0.057625 0.25816667 0.05375
0 0.36533333 0.011625 0.112 0.01025
