0 0.37191667 0.277625 0.0835 0.11075
0 0.30533333 0.200375 0.03733333 0.06775
0 0.3005 0.155125 0.01333333 0.03875
0 0.31466667 0.137125 0.23 0.27425
0 0.304 0.0865 0.04533333 0.0905
0 0.40883333 0.227125 0.031 0.03325
0 0.55833333 0.819 0.06933333 0.229
0 0.59925 0.75225 0.0675 0.213
0 0.241 0.289 0.221 0.0425
0 0.25391667 0.340875 0.24683333 0.01575
0 0.35508333 0.3775 0.08883333 0.0305
0 0.18241667 0.448 0.36483333 0.0465
0 0.21083333 0.4175 0.198 0.0225
0 0.32308333 0.498625 0.0355 0.03075
0 0.39633333 0.510625 0.04533333 0.03325
0 0.42525 0.477375 0.03016667 0.06275
