0 0.46233333 0.0705 0.135 0.0925
0 0.21241667 0.03075 0.0845 0.0615
0 0.01583333 0.059625 0.03 0.10375
0 0.18291667 0.540375 0.2035 0.15775
0 0.31833333 0.530125 0.07266667 0.04475
0 0.159 0.61475 0.14533333 0.0935
0 0.17216667 0.577625 0.088 0.06025
0 0.15816667 0.65375 0.11966667 0.0795
0 0.03891667 0.674375 0.07783333 0.04875
0 0.1235 0.735875 0.12066667 0.08475
0 0.01325 0.953875 0.01616667 0.09225
0 0.82091667 0.73325 0.07783333 0.041
0 0.63633333 0.17375 0.03 0.168
0 0.35808333 0.435875 0.0735 0.05625
0 0.23125 0.766 0.05216667 0.1345
