0 0.53508333 0.152 0.1025 0.1935
0 0.25041667 0.63975 0.1555 0.087
0 0.21325 0.86275 0.0315 0.1205
0 0.35858333 0.902625 0.09316667 0.02825
0 0.60041667 0.862125 0.2025 0.15775
0 0.56241667 0.9685 0.0615 0.0525
0 0.63975 0.757625 0.0845 0.02825
0 0.88116667 0.476875 0.07 0.11025
0 0.9615 0.464 0.077 0.1
0 0.86583333 0.44625 0.089 0.1385
0 0.88975 0.366 0.2205 0.309
0 0.88675 0.325625 0.1735 0.27675
0 0.92441667 0.193625 0.05216667 0.07175
0 0.87175 0.135875 0.00516667 0.27175
0 0.69225 0.05325 0.0615 0.1065
0 0.71408333 0.01475 0.02816667 0.0295
0 0.63116667 0.39425 0.03333333 0.096
0 0.67783333 0.501375 0.02733333 0.08975
0 0.36283333 0.418625 0.15466667 0.00625
0 0.36966667 0.443625 0.095 0.01025
0 0.41625 0.337125 0.0855 0.15125
0 0.8175 0.682 0.04866667 0.0975
0 0.69058333 0.884 0.01183333 0.0345
