0 0.70616667 0.79425 0.143 0.132
0 0.39241667 0.777625 0.25383333 0.15425
0 0.4035 0.727 0.205 0.12
0 0.2335 0.753 0.12066667 0.14
0 0.08958333 0.600625 0.12783333 0.16775
0 0.02975 0.55925 0.03116667 0.0985
0 0.12566667 0.571875 0.182 0.19025
0 0.12916667 0.54525 0.14466667 0.1745
0 0.17266667 0.554625 0.06666667 0.14525
0 0.08475 0.437375 0.0755 0.08925
0 0.273 0.1265 0.111 0.056
0 0.85883333 0.3835 0.08433333 0.2875
0 0.80075 0.358875 0.01783333 0.08925
0 0.89483333 0.403375 0.07633333 0.33025
0 0.93741667 0.50525 0.03183333 0.177
0 0.75858333 0.3975 0.0595 0.028
0 0.557 0.523375 0.07366667 0.03725
0 0.02175 0.884125 0.03983333 0.16525
0 0.98 0.518625 0.023 0.11575
0 0.9405 0.336875 0.047 0.14625
0 0.25566667 0.589875 0.112 0.07175
