0 0.30725 0.159625 0.11883333 0.00125
0 0.39916667 0.058375 0.00866667 0.11675
0 0.062 0.305125 0.124 0.01275
0 0.25558333 0.825625 0.14183333 0.10525
0 0.14358333 0.759 0.2205 0.236
0 0.22825 0.958375 0.02216667 0.08325
0 0.16841667 0.934625 0.03083333 0.13075
0 0.13591667 0.087875 0.01716667 0.05775
0 0.041 0.11475 0.082 0.0115
0 0.08333333 0.05125 0.05033333 0.0665
0 0.06958333 0.030125 0.04016667 0.06025
0 0.497 0.307125 0.03833333 0.23725
0 0.45125 0.4185 0.03416667 0.232
0 0.43633333 0.38325 0.03833333 0.3
0 0.42775 0.27375 0.07616667 0.5295
0 0.38508333 0.33725 0.06416667 0.4025
0 0.77691667 0.625 0.06483333 0.173
0 0.60725 0.69675 0.02483333 0.114
0 0.53333333 0.725625 0.06333333 0.16675
0 0.65725 0.9635 0.0035 0.073
0 0.86408333 0.846125 0.0565 0.30775
0 0.94016667 0.49175 0.024 0.127
0 0.92308333 0.430125 0.05816667 0.16025
0 0.84316667 0.278875 0.04866667 0.03725
0 0.52358333 0.412875 0.0265 0.00775
