0 0.33158333 0.6115 0.1025 0.005
0 0.33158333 0.37825 0.07183333 0.0385
0 0.18841667 0.1865 0.02483333 0.068
0 0.20425 0.346875 0.02383333 0.05775
0 0.26283333 0.20775 0.01466667 0.0385
0 0.16875 0.495625 0.1325 0.03975
0 0.08891667 0.51025 0.1265 0.0075
0 0.01491667 0.518625 0.02983333 0.00375
0 0.1085 0.55125 0.176 0.018
0 0.1265 0.5885 0.10433333 0.023
0 0.92991667 0.52825 0.1145 0.182
0 0.94266667 0.46275 0.02566667 0.0615
0 0.95933333 0.532 0.03333333 0.0435
0 0.90341667 0.593625 0.01716667 0.03325
0 0.9085 0.4615 0.029 0.077
0 0.89316667 0.341625 0.06333333 0.01425
0 0.97091667 0.126375 0.04283333 0.08075
0 0.84533333 0.9705 0.012 0.059
0 0.57308333 0.514125 0.02816667 0.08725
0 0.25808333 0.451875 0.08883333 0.03725
