0 0.29208333 0.489375 0.0355 0.19825
0 0.33733333 0.356125 0.01766667 0.16375
0 0.35775 0.267625 0.03716667 0.07975
0 0.087 0.293625 0.01066667 0.07575
0 0.10383333 0.121875 0.03366667 0.24375
0 0.11541667 0.155875 0.02316667 0.15975
0 0.00708333 0.167125 0.0035 0.15575
0 0.7705 0.931375 0.11533333 0.13725
0 0.79633333 0.945375 0.10833333 0.10925
0 0.97825 0.702375 0.04083333 0.04375
0 0.78608333 0.659125 0.0505 0.08275
0 0.66666667 0.79025 0.08333333 0.0015
0 0.87033333 0.328875 0.08966667 0.13575
