0 0.56575 0.312125 0.04783333 0.08075
0 0.68208333 0.768625 0.0445 0.13475
0 0.60733333 0.7775 0.07266667 0.068
0 0.63375 0.88525 0.0795 0.104
0 0.39783333 0.666 0.064 0.0655
0 0.26325 0.786625 0.0035 0.05775
0 0.17566667 0.946125 0.035 0.10775
0 0.06025 0.27875 0.01783333 0.1115
0 0.03333333 0.2045 0.048 0.0755
0 0.01883333 0.20575 0.03766667 0.05
0 0.74316667 0.6135 0.00433333 0.073
0 0.85558333 0.57425 0.02916667 0.1
0 0.86191667 0.764125 0.04016667 0.11025
0 0.90808333 0.9635 0.02816667 0.073
0 0.87008333 0.4475 0.09583333 0.0025
0 0.77825 0.28525 0.00083333 0.0575
0 0.18633333 0.32175 0.02733333 0.054
0 0.29616667 0.314125 0.00266667 0.06925
0 0.31033333 0.336 0. 0.041
