0 0.16375 0.6685 0.04883333 0.1705
0 0.12025 0.6805 0.03816667 0.0985
0 0.253 0.07925 0.01066667 0.1585
0 0.27791667 0.087875 0.02483333 0.17575
0 0.22241667 0.060625 0.00983333 0.11575
0 0.26366667 0.761 0.167 0.068
0 0.45583333 0.696375 0.10033333 0.02675
0 0.6915 0.6305 0.24333333 0.081
0 0.94358333 0.757625 0.0515 0.06675
0 0.976 0.8195 0.03633333 0.0945
0 0.96225 0.846875 0.02483333 0.10925
0 0.91616667 0.74975 0.087 0.1225
0 0.82908333 0.560625 0.0355 0.08525
0 0.81625 0.513375 0.00616667 0.04925
0 0.86241667 0.362875 0.00616667 0.08125
0 0.84558333 0.26975 0.08083333 0.004
0 0.00666667 0.279 0.01333333 0.044
0 0.49308333 0.723 0.0985 0.032
0 0.21 0.837 0.07366667 0.012
