0 0.07508333 0.293625 0.11983333 0.08925
0 0.07458333 0.3515 0.10483333 0.0985
0 0.18683333 0.453375 0.06133333 0.06525
0 0.41983333 0.60975 0.032 0.024
0 0.80075 0.096625 0.0515 0.16375
0 0.32758333 0.060625 0.05683333 0.05725
0 0.32575 0.036 0.0675 0.064
0 0.083 0.082625 0.104 0.15175
0 0.08966667 0.062 0.03733333 0.0705
0 0.11766667 0.034625 0.031 0.06925
0 0.0915 0.1305 0.071 0.101
0 0.0195 0.05925 0.039 0.0705
0 0.0785 0.199625 0.08433333 0.05325
0 0.31608333 0.335625 0.27516667 0.42075
0 0.33866667 0.27025 0.127 0.2185
0 0.21216667 0.11725 0.04966667 0.048
0 0.32625 0.427375 0.0755 0.09325
0 0.07508333 0.5805 0.03283333 0.0345
0 0.07808333 0.514 0.07983333 0.12
