0 0.25258333 0.1305 0.22283333 0.197
0 0.22541667 0.394875 0.14916667 0.13725
0 0.1185 0.279625 0.079 0.09875
0 0.07283333 0.196375 0.14566667 0.13175
0 0.10958333 0.758875 0.13583333 0.04525
0 0.01816667 0.78625 0.03633333 0.0145
0 0.37816667 0.8795 0.165 0.089
0 0.48516667 0.592625 0.06666667 0.09325
0 0.56591667 0.538 0.11816667 0.04
0 0.56191667 0.5985 0.11883333 0.0305
0 0.48508333 0.643125 0.05416667 0.07725
0 0.4825 0.75225 0.03633333 0.1145
0 0.90191667 0.780875 0.0515 0.14775
0 0.927 0.45675 0.146 0.2425
0 0.88808333 0.477375 0.0435 0.05975
0 0.41808333 0.668375 0.0515 0.14925
0 0.3555 0.456 0.21033333 0.305
