0 0.2325 0.355125 0.20166667 0.10525
0 0.23975 0.4545 0.19583333 0.1115
0 0.11625 0.6525 0.21883333 0.023
0 0.01875 0.96725 0.01883333 0.0655
0 0.07741667 0.95775 0.01283333 0.077
0 0.106 0.964125 0.00866667 0.07175
0 0.27608333 0.614125 0.08883333 0.00275
0 0.44358333 0.505125 0.07183333 0.18725
0 0.562 0.38725 0.02133333 0.077
0 0.82225 0.04675 0.00683333 0.0935
0 0.52941667 0.96925 0.0675 0.0615
0 0.69316667 0.8615 0.08733333 0.2435
0 0.72691667 0.86925 0.0675 0.2615
0 0.77691667 0.9205 0.02383333 0.159
0 0.83208333 0.6385 0.0385 0.2
