0 0.06708333 0.424375 0.10516667 0.03575
0 0.32775 0.527 0.1035 0.0795
0 0.27441667 0.621875 0.09916667 0.03075
0 0.09875 0.355125 0.0505 0.01525
0 0.515 0.612125 0.23166667 0.08075
0 0.71533333 0.75375 0.147 0.1
0 0.50508333 0.76025 0.23583333 0.1075
0 0.30591667 0.952625 0.0855 0.09225
0 0.2765 0.8205 0.276 0.3385
0 0.16583333 0.63075 0.32133333 0.1335
0 0.78291667 0.322375 0.0565 0.12425
0 0.25725 0.178875 0.16583333 0.13475
0 0.22008333 0.445625 0.09483333 0.03975
0 0.2385 0.193625 0.07866667 0.05625
