0 0.97008333 0.32575 0.03416667 0.2
0 0.96541667 0.4775 0.06916667 0.114
0 0.80941667 0.70775 0.0155 0.064
0 0.75983333 0.819875 0.00866667 0.04225
0 0.67175 0.7905 0.0445 0.0705
0 0.62308333 0.744875 0.0785 0.04625
0 0.20383333 0.925625 0.112 0.14875
0 0.29741667 0.564125 0.08716667 0.04375
0 0.32991667 0.41925 0.1215 0.0205
0 0.23675 0.4345 0.05983333 0.0205
0 0.15 0.484 0.05733333 0.1575
0 0.06108333 0.1725 0.12216667 0.0115
0 0.17308333 0.06475 0.08116667 0.1015
0 0.59066667 0.033375 0.03933333 0.03575
0 0.03075 0.399375 0.0615 0.07825
0 0.01491667 0.212125 0.02983333 0.03975
0 0.47175 0.402 0.14016667 0.05
0 0.55341667 0.448125 0.07083333 0.07825
0 0.53975 0.492875 0.0675 0.10125
0 0.45475 0.433375 0.1555 0.04875
0 0.497 0.676375 0.047 0.06025
0 0.98291667 0.418625 0.0085 0.03975
0 0.73725 0.4 0.0675 0.1255
0 0.76575 0.414125 0.01883333 0.04625
0 0.77691667 0.212125 0.0685 0.10375
0 0.79316667 0.16925 0.05633333 0.087
