0 0.50241667 0.46 0.0675 0.044
0 0.63783333 0.084625 0.02566667 0.12375
0 0.72125 0.195125 0.04716667 0.10525
0 0.77491667 0.01925 0.01416667 0.0385
0 0.8335 0.646375 0.09766667 0.06525
0 0.974 0.58725 0.052 0.0425
0 0.31425 0.540625 0.08683333 0.03725
0 0.37675 0.4115 0.12516667 0.04
0 0.20191667 0.491375 0.0755 0.02675
0 0.31375 0.609125 0.16416667 0.11575
0 0.27383333 0.5885 0.03633333 0.032
0 0.24191667 0.707 0.1465 0.1225
0 0.41233333 0.6425 0.16233333 0.121
0 0.668 0.267625 0.02566667 0.05875
0 0.589 0.249625 0.02033333 0.05475
0 0.554 0.279 0.01066667 0.1
0 0.59741667 0.58125 0.0125 0.105
0 0.573 0.5685 0.01333333 0.0585
