0 0.43408333 0.803625 0.2325 0.03875
0 0.59516667 0.747 0.13933333 0.0905
0 0.63783333 0.57 0.14833333 0.04
0 0.4145 0.534625 0.11366667 0.03325
0 0.29475 0.766375 0.21483333 0.04125
0 0.14241667 0.81225 0.14116667 0.072
0 0.95808333 0.0945 0.08383333 0.0265
0 0.9705 0.1265 0.059 0.0215
0 0.95583333 0.155125 0.08833333 0.00125
0 0.95183333 0.036625 0.09633333 0.05975
0 0.891 0.487375 0.218 0.19425
0 0.93716667 0.37475 0.12566667 0.012
0 0.91591667 0.31025 0.16816667 0.0185
0 0.84333333 0.348875 0.09066667 0.01575
0 0.97316667 0.789 0.05366667 0.0545
0 0.89075 0.967375 0.10383333 0.05975
0 0.95433333 0.98075 0.087 0.0385
