0 0.83166667 0.241625 0.03933333 0.09875
0 0.8945 0.148125 0.112 0.14225
0 0.90983333 0.03975 0.06066667 0.0795
0 0.85683333 0.049375 0.06233333 0.08325
0 0.72266667 0.1545 0.105 0.137
0 0.7235 0.23275 0.06233333 0.068
0 0.70641667 0.28525 0.05716667 0.073
0 0.73033333 0.2795 0.07766667 0.087
0 0.72258333 0.634625 0.06583333 0.11025
0 0.85591667 0.42575 0.09316667 0.1795
0 0.87308333 0.5185 0.0795 0.068
0 0.98158333 0.503125 0.03683333 0.03725
0 0.91075 0.939125 0.06583333 0.04725
0 0.88208333 0.97175 0.01016667 0.046
0 0.82608333 0.89675 0.12216667 0.0295
0 0.762 0.857 0.10333333 0.0295
0 0.62008333 0.831375 0.0435 0.06025
0 0.66491667 0.89675 0.0035 0.0755
0 0.7025 0.93525 0. 0.032
0 0.72816667 0.92375 0.012 0.0755
0 0.74825 0.93075 0.01116667 0.077
0 0.70983333 0.81925 0.06766667 0.0025
0 0.31958333 0.67825 0.1265 0.059
0 0.25 0.681375 0.047 0.03725
0 0.12433333 0.73275 0.04533333 0.073
0 0.041 0.214125 0.082 0.07675
0 0.03375 0.249375 0.0675 0.04725
0 0.06408333 0.166625 0.08383333 0.07425
0 0.01325 0.105125 0.0265 0.01775
0 0.05808333 0.79925 0.11116667 0.0705
0 0.0265 0.769875 0.03933333 0.00625
0 0.04483333 0.860875 0.08966667 0.00625
0 0.11925 0.9025 0.1565 0.018
0 0.10633333 0.874375 0.1 0.04875
0 0.15258333 0.8615 0.0315 0.0025
0 0.19058333 0.9865 0.09583333 0.004
0 0.44533333 0.75825 0.01366667 0.05
0 0.47058333 0.825 0.05383333 0.063
0 0.3885 0.911625 0.03333333 0.02825
0 0.65175 0.834 0.02483333 0.009
