0 0.44208333 0.8435 0.1225 0.0865
0 0.39941667 0.808875 0.09583333 0.05725
0 0.54858333 0.851625 0.08883333 0.05725
0 0.59391667 0.973375 0.07283333 0.05325
0 0.57566667 0.94875 0.08066667 0.0175
0 0.86325 0.719 0.1695 0.0505
0 0.95566667 0.713625 0.063 0.01325
0 0.51 0.21375 0.17833333 0.124
0 0.58325 0.241 0.25383333 0.1305
0 0.23083333 0.006 0.06566667 0.012
0 0.52283333 0.3955 0.12066667 0.1865
0 0.51266667 0.346875 0.095 0.07875
0 0.91566667 0.607875 0.072 0.07875
0 0.98158333 0.581125 0.03683333 0.04125
