0 0.86108333 0.6955 0.18383333 0.309
0 0.76625 0.734625 0.0555 0.01025
0 0.69741667 0.667875 0.13683333 0.03325
0 0.68033333 0.644875 0.111 0.00775
0 0.56366667 0.643625 0.06233333 0.01525
0 0.55208333 0.577625 0.05983333 0.01925
0 0.61191667 0.521125 0.04616667 0.09875
0 0.13633333 0.14175 0.10166667 0.1115
0 0.162 0.926875 0.059 0.14625
0 0.12991667 0.906375 0.0735 0.18725
0 0.53083333 0.783875 0.094 0.01925
0 0.7325 0.801375 0.15733333 0.01025
0 0.47566667 0.66925 0.17 0.077
0 0.62516667 0.72175 0.194 0.0435
