0 0.368 0.585875 0.03166667 0.16925
0 0.89916667 0.423625 0.094 0.10125
0 0.8735 0.148 0.05133333 0.05
0 0.74141667 0.921125 0.0145 0.09375
0 0.71791667 0.882125 0.00683333 0.07175
0 0.77733333 0.919875 0.00433333 0.13725
0 0.10775 0.860875 0.1385 0.11925
0 0.06025 0.96475 0.05883333 0.0575
0 0.14833333 0.9045 0.07433333 0.078
0 0.12525 0.969875 0.02983333 0.06025
0 0.07608333 0.773125 0.15216667 0.04875
0 0.1945 0.685875 0.08633333 0.05125
0 0.23883333 0.682125 0.08633333 0.06675
0 0.088 0.809625 0.07 0.02675
