0 0.55658333 0.266875 0.22016667 0.17175
0 0.63733333 0.3775 0.16866667 0.1425
0 0.82958333 0.4075 0.00083333 0.0745
0 0.99041667 0.364125 0.01916667 0.15325
0 0.98466667 0.475375 0.03066667 0.01875
0 0.4075 0.801625 0.103 0.09575
0 0.36883333 0.679125 0.13233333 0.07175
0 0.43766667 0.48525 0.158 0.02
0 0.48116667 0.34825 0.35333333 0.2145
0 0.10916667 0.061875 0.21666667 0.12125
0 0.08083333 0.364875 0.04266667 0.11175
0 0.18108333 0.41475 0.0835 0.1185
0 0.15175 0.498 0.18816667 0.008
0 0.37641667 0.5945 0.10483333 0.0015
0 0.20458333 0.1605 0.10916667 0.0865
0 0.301 0.167125 0.06033333 0.06275
0 0.43008333 0.447375 0.06483333 0.05325
