0 0.79358333 0.546125 0.21116667 0.15625
0 0.90683333 0.352625 0.18633333 0.17175
0 0.84358333 0.10575 0.0975 0.2115
0 0.71875 0.159 0.11283333 0.3075
0 0.37516667 0.153125 0.03766667 0.09875
0 0.47091667 0.1 0.0495 0.1565
0 0.13633333 0.448125 0.06066667 0.15775
0 0.07566667 0.61025 0.06933333 0.054
0 0.14825 0.90775 0.17016667 0.141
0 0.04316667 0.9115 0.08133333 0.1255
0 0.19491667 0.983375 0.03583333 0.03325
0 0.34058333 0.944875 0.02483333 0.05625
0 0.88375 0.703875 0.04116667 0.01525
0 0.77391667 0.98075 0.0145 0.0385
0 0.2025 0.373 0.02566667 0.0975
