0 0.22433333 0.378875 0.07433333 0.29375
0 0.06625 0.416 0.09483333 0.1525
0 0.0205 0.518 0.041 0.064
0 0.0645 0.5545 0.03333333 0.0755
0 0.20941667 0.868 0.1505 0.2435
0 0.34441667 0.668625 0.0855 0.02175
0 0.42991667 0.682 0.1025 0.0025
0 0.45558333 0.644125 0.07183333 0.00125
0 0.42258333 0.5955 0.09316667 0.0065
0 0.33425 0.577625 0.04783333 0.01675
0 0.75216667 0.535875 0.04266667 0.12825
0 0.72858333 0.541625 0.02816667 0.09625
0 0.68975 0.54425 0.05116667 0.0165
0 0.90858333 0.347375 0.07183333 0.22575
0 0.97866667 0.201875 0.04266667 0.06025
0 0.9765 0.169875 0.047 0.10125
0 0.8115 0.289125 0.04866667 0.12675
0 0.87733333 0.07625 0.04533333 0.091
0 0.941 0.47825 0.118 0.054
0 0.86708333 0.501875 0.0675 0.00125
0 0.82566667 0.5205 0.053 0.0435
0 0.83208333 0.559625 0.1325 0.04725
0 0.98633333 0.508375 0.02733333 0.01675
0 0.85858333 0.75125 0.16316667 0.023
0 0.95558333 0.74875 0.08883333 0.0205
0 0.653 0.587875 0.09566667 0.02175
0 0.73158333 0.740375 0.02216667 0.15525
0 0.69866667 0.7205 0.03333333 0.1565
0 0.6765 0.68325 0.03333333 0.023
0 0.94866667 0.367375 0.03766667 0.09625
0 0.97991667 0.3275 0.04016667 0.0935
0 0.32775 0.715375 0.02983333 0.03575
