0 0.98241667 0.486625 0.0265 0.16275
0 0.92775 0.423125 0.08983333 0.08975
0 0.91541667 0.164 0.04283333 0.0385
0 0.46158333 0.2545 0.28383333 0.0065
0 0.52908333 0.103875 0.1915 0.18475
0 0.60891667 0.224375 0.15983333 0.11525
0 0.51408333 0.399375 0.1615 0.00375
0 0.10466667 0.18975 0.08633333 0.1515
0 0.34825 0.671125 0.08116667 0.07575
0 0.403 0.65325 0.06933333 0.0475
0 0.41025 0.684 0.20683333 0.145
0 0.40508333 0.717875 0.19483333 0.15125
0 0.447 0.734 0.03233333 0.0425
0 0.45683333 0.759625 0.03 0.03225
0 0.55558333 0.688375 0.03416667 0.03075
0 0.52308333 0.521125 0.0325 0.02425
0 0.044 0.675 0.083 0.009
0 0.329 0.639125 0.07866667 0.01675
0 0.22908333 0.75825 0.0445 0.009
0 0.06408333 0.828875 0.05816667 0.00625
0 0.93625 0.82625 0.10683333 0.268
0 0.97308333 0.593625 0.04883333 0.02325
0 0.85216667 0.4685 0.03766667 0.032
0 0.87133333 0.778875 0.13766667 0.44225
0 0.2 0.04425 0.07533333 0.0885
0 0.341 0.321875 0.082 0.01025
