0 0.49316667 0.83075 0.06666667 0.023
0 0.09441667 0.34225 0.08283333 0.0615
0 0.02866667 0.040375 0.03 0.08075
0 0.0145 0.0725 0.029 0.086
0 0.21066667 0.274375 0.1 0.11775
0 0.28808333 0.384625 0.04783333 0.04625
0 0.27566667 0.468625 0.10166667 0.02425
0 0.129 0.41025 0.06666667 0.0515
0 0.068 0.349375 0.06233333 0.04725
0 0.05808333 0.741 0.11616667 0.018
0 0.05 0.551875 0.04366667 0.02425
0 0.3325 0.31475 0.06833333 0.0655
0 0.59108333 0.257625 0.04016667 0.03325
0 0.64791667 0.315375 0.0445 0.11775
0 0.60516667 0.078875 0.05633333 0.05775
0 0.647 0.080125 0.10933333 0.09125
0 0.69783333 0.176875 0.06066667 0.04625
0 0.92858333 0.325625 0.09316667 0.03825
0 0.8005 0.257 0.13933333 0.0885
0 0.86966667 0.2775 0.12233333 0.068
0 0.89183333 0.360375 0.194 0.11025
0 0.92141667 0.448125 0.08883333 0.03475
0 0.91966667 0.669875 0.02733333 0.07325
0 0.90216667 0.6705 0.04533333 0.1255
0 0.86066667 0.658375 0.02566667 0.05525
0 0.83125 0.630125 0.02816667 0.10875
0 0.77691667 0.517375 0.09216667 0.16025
0 0.7265 0.380125 0.08533333 0.18825
0 0.779 0.40575 0.03166667 0.0575
0 0.85466667 0.848625 0.01533333 0.09225
0 0.5705 0.497375 0.04866667 0.04875
0 0.57391667 0.01925 0.02816667 0.0385
0 0.59533333 0.01475 0.01633333 0.0295
0 0.89016667 0.268625 0.11366667 0.07825
0 0.87175 0.543625 0.0205 0.03075
