0 0.32 0.601875 0.008 0.16775
0 0.25166667 0.3995 0.00266667 0.1785
0 0.12075 0.1785 0.2415 0.056
0 0.20816667 0.038 0.11266667 0.0305
0 0.06125 0.743 0.1225 0.072
0 0.5495 0.92675 0.10833333 0.0105
0 0.40258333 0.637125 0.0185 0.12375
0 0.48025 0.466625 0.00516667 0.18775
0 0.40516667 0.34225 0.008 0.133
0 0.46158333 0.259 0.03016667 0.132
0 0.82108333 0.52 0.23616667 0.2705
0 0.885 0.649125 0.09766667 0.11575
0 0.88375 0.706375 0.1535 0.21975
0 0.82558333 0.689125 0.04616667 0.09175
0 0.73058333 0.4535 0.13483333 0.1185
0 0.9485 0.60125 0.05766667 0.004
0 0.97716667 0.6305 0.04566667 0.0145
0 0.72833333 0.92275 0.08433333 0.0105
0 0.62358333 0.75625 0.07183333 0.024
