0 0.73416667 0.4885 0.029 0.123
0 0.96283333 0.51025 0.01966667 0.0975
0 0.97091667 0.225625 0.05816667 0.00275
0 0.80641667 0.3775 0.1155 0.086
0 0.22225 0.7 0.0375 0.059
0 0.08116667 0.92625 0.065 0.1165
0 0.1145 0.8435 0.017 0.0795
0 0.14916667 0.778125 0.076 0.08725
0 0.09866667 0.813375 0.194 0.34225
0 0.03583333 0.64225 0.053 0.
0 0.05641667 0.534625 0.07183333 0.00775
0 0.17991667 0.850625 0.10683333 0.00375
0 0.21408333 0.9275 0.17683333 0.0345
0 0.33116667 0.90325 0.09666667 0.086
0 0.73625 0.364 0.09316667 0.0615
0 0.0645 0.08975 0.12566667 0.1385
0 0.07783333 0.0475 0.053 0.0565
