0 0.36975 0.6585 0.07716667 0.289
0 0.43716667 0.90675 0.03633333 0.1865
0 0.47316667 0.912125 0.039 0.17575
0 0.42525 0.969375 0.00883333 0.06125
0 0.51391667 0.781 0.01416667 0.217
0 0.53841667 0.80625 0.00616667 0.148
0 0.6245 0.971375 0.008 0.05175
0 0.98141667 0.735625 0.0115 0.15325
0 0.52375 0.569875 0.0035 0.05575
0 0.49266667 0.524625 0.023 0.14925
0 0.49491667 0.390875 0.01683333 0.12125
0 0.1025 0.175125 0.08966667 0.07325
0 0.04658333 0.20375 0.09316667 0.1145
0 0.02533333 0.199 0.05066667 0.076
0 0.02708333 0.139875 0.05416667 0.06925
0 0.00975 0.129875 0.0195 0.03325
0 0.04975 0.921375 0.0995 0.14925
0 0.90325 0.051875 0.0755 0.01075
