0 0.86283333 0.460375 0.148 0.01025
0 0.8 0.36925 0.07366667 0.018
0 0.588 0.151375 0.2 0.19225
0 0.4705 0.022375 0.095 0.04475
0 0.44533333 0.0725 0.13333333 0.1115
0 0.67183333 0.08325 0.06833333 0.041
0 0.60983333 0.041 0.1 0.0745
0 0.62008333 0.01025 0.0385 0.0205
0 0.22991667 0.11275 0.00683333 0.1205
0 0.24616667 0.20125 0.03933333 0.123
0 0.30725 0.834625 0.07083333 0.11525
0 0.3915 0.95 0.05466667 0.0895
0 0.48808333 0.809625 0.04783333 0.04725
0 0.509 0.78325 0.00933333 0.0385
0 0.56583333 0.728875 0.2 0.11925
0 0.74266667 0.833875 0.106 0.07825
0 0.76666667 0.7455 0.19833333 0.1295
0 0.81966667 0.70825 0.12133333 0.0885
0 0.88758333 0.74225 0.04183333 0.0205
0 0.01233333 0.757125 0.006 0.19875
0 0.085 0.334 0.076 0.014
0 0.08333333 0.442375 0.13933333 0.06925
0 0.40725 0.264125 0.17516667 0.17175
0 0.41708333 0.190375 0.03416667 0.11175
0 0.4765 0.2795 0.071 0.0975
0 0.42433333 0.1365 0.018 0.055
0 0.63416667 0.28525 0.06666667 0.0835
