0 0.589 0.452 0.19633333 0.1105
0 0.62675 0.362875 0.09416667 0.04675
0 0.8375 0.117125 0.18733333 0.13325
0 0.8855 0.044625 0.11266667 0.08925
0 0.51933333 0.21375 0.213 0.028
0 0.4275 0.117875 0.08966667 0.07575
0 0.29866667 0.91675 0.008 0.161
0 0.43941667 0.62975 0.00883333 0.064
0 0.17575 0.042625 0.01416667 0.07725
0 0.07233333 0.09725 0.06466667 0.1865
0 0.02041667 0.18375 0.03183333 0.08
0 0.96025 0.55925 0.0795 0.0665
0 0.94916667 0.279625 0.10166667 0.01325
0 0.37066667 0.325 0.04533333 0.1465
0 0.40525 0.3175 0.00616667 0.1505
0 0.6645 0.5745 0.01866667 0.052
0 0.59258333 0.53725 0.01683333 0.0545
