0 0.70708333 0.6145 0.08616667 0.068
0 0.71333333 0.6765 0.05233333 0.04
0 0.80158333 0.59125 0.03183333 0.016
0 0.72791667 0.74425 0.0265 0.04
0 0.66883333 0.831625 0.01866667 0.14775
0 0.617 0.814875 0.02133333 0.15175
0 0.27733333 0.672375 0.079 0.10375
0 0.21391667 0.70375 0.08516667 0.145
0 0.17091667 0.701125 0.07183333 0.09975
0 0.07016667 0.955375 0.02133333 0.04675
0 0.146 0.432125 0.134 0.04925
0 0.56591667 0.103875 0.09483333 0.20775
0 0.68483333 0.0845 0.02933333 0.169
0 0.39191667 0.637875 0.1075 0.02125
0 0.63958333 0.395375 0.03116667 0.06925
0 0.684 0.428125 0.001 0.07075
