0 0.04525 0.04 0.05316667 0.08
0 0.0945 0.09525 0.189 0.1905
0 0.02575 0.03125 0.04983333 0.0625
0 0.1745 0.657125 0.095 0.07075
0 0.2215 0.495375 0.08433333 0.08525
0 0.41683333 0.485375 0.063 0.08925
0 0.26591667 0.360875 0.00983333 0.10125
0 0.30941667 0.249625 0.09316667 0.17975
0 0.22858333 0.704375 0.11983333 0.10125
0 0.83666667 0.94075 0.06466667 0.1185
0 0.91616667 0.502 0.02133333 0.176
0 0.88908333 0.428125 0.01683333 0.12125
0 0.89258333 0.611125 0.00983333 0.14925
0 0.98225 0.41875 0.00616667 0.2355
0 0.905 0.269 0.00633333 0.1145
