0 0.8525 0.91725 0.13933333 0.1655
0 0.93291667 0.92625 0.09316667 0.004
0 0.83125 0.215375 0.0795 0.14875
0 0.64058333 0.793625 0.1565 0.18475
0 0.59783333 0.757 0.124 0.0935
0 0.66283333 0.689625 0.05033333 0.08975
0 0.61916667 0.065375 0.03333333 0.11775
0 0.05341667 0.66475 0.10683333 0.1835
0 0.10091667 0.853875 0.1145 0.06675
0 0.04616667 0.9025 0.09066667 0.0795
0 0.48975 0.44625 0.0085 0.0615
0 0.52225 0.949375 0.0855 0.05275
0 0.77775 0.5595 0.02216667 0.05
0 0.75133333 0.54425 0.029 0.055
0 0.86241667 0.66675 0.04783333 0.018
0 0.19016667 0.84675 0.06566667 0.004
