0 0.64141667 0.65575 0.05216667 0.0835
0 0.173 0.824375 0.047 0.13325
0 0.14916667 0.719125 0.00933333 0.13075
0 0.10983333 0.566 0.08133333 0.227
0 0.07866667 0.71275 0.09066667 0.423
0 0.19183333 0.97825 0.01966667 0.0435
0 0.00725 0.624375 0.0145 0.07175
0 0.212 0.299375 0.05133333 0.05525
0 0.04533333 0.080125 0.082 0.12175
0 0.032 0.039125 0.06066667 0.07825
0 0.45816667 0.701375 0.25133333 0.34875
0 0.64358333 0.84425 0.04783333 0.063
0 0.41625 0.48075 0.04116667 0.072
0 0.76575 0.691 0.03416667 0.095
0 0.78033333 0.58775 0.05633333 0.114
0 0.70125 0.04875 0.07783333 0.0975
0 0.16116667 0.4975 0.047 0.0435
0 0.15258333 0.2955 0.05216667 0.05
