0 0.7435 0.196375 0.05066667 0.28375
0 0.81 0.01925 0.02033333 0.0385
0 0.72216667 0.279625 0.015 0.08775
0 0.67508333 0.362125 0.12516667 0.01325
0 0.74516667 0.35225 0.05766667 0.02
0 0.78916667 0.378125 0.05666667 0.01075
0 0.84958333 0.47475 0.14916667 0.036
0 0.978 0.528625 0.044 0.00775
0 0.75233333 0.4235 0.16433333 0.016
0 0.60541667 0.400125 0.09583333 0.04675
0 0.33116667 0.336875 0.18466667 0.02675
0 0.20466667 0.319625 0.06833333 0.02925
0 0.16241667 0.34825 0.04616667 0.0545
0 0.03725 0.08725 0.0745 0.076
0 0.16158333 0.526625 0.01416667 0.25425
0 0.20058333 0.584625 0.00183333 0.10125
0 0.21616667 0.516625 0.00966667 0.13325
0 0.25966667 0.4115 0.079 0.008
0 0.06608333 0.44075 0.0755 0.0425
0 0.10966667 0.458 0.015 0.064
0 0.16908333 0.809 0.02216667 0.3475
0 0.13541667 0.8795 0.01683333 0.2115
0 0.97891667 0.432125 0.04216667 0.04125
0 0.95075 0.41875 0.0445 0.004
0 0.87966667 0.410125 0.048 0.02375
0 0.13491667 0.62325 0.01416667 0.1545
0 0.56458333 0.34025 0.06583333 0.004
