0 0.15558333 0.3685 0.04616667 0.1475
0 0.07941667 0.2095 0.05983333 0.1705
0 0.12825 0.17625 0.0325 0.0885
0 0.37308333 0.210875 0.0025 0.05275
0 0.07608333 0.862875 0.0565 0.08475
0 0.09658333 0.717375 0.0905 0.07575
0 0.10258333 0.684 0.07183333 0.0525
0 0.01325 0.851375 0.0265 0.02825
0 0.94958333 0.62375 0.08216667 0.2115
0 0.96541667 0.6365 0.06916667 0.196
0 0.99441667 0.68975 0.01116667 0.0485
0 0.96066667 0.734625 0.029 0.05625
0 0.83416667 0.743625 0.13166667 0.03075
0 0.75 0.8955 0.011 0.0295
0 0.71708333 0.930125 0.01183333 0.06275
0 0.81708333 0.966 0.05983333 0.0655
0 0.96883333 0.14875 0.03666667 0.105
0 0.038 0.124375 0.023 0.03325
0 0.01666667 0.103875 0.02133333 0.02325
0 0.22991667 0.759 0.0155 0.0435
0 0.73933333 0.838375 0.03066667 0.06925
