0 0.52775 0.717 0.13416667 0.1105
0 0.45275 0.745625 0.23616667 0.19975
0 0.21975 0.550625 0.09316667 0.04125
0 0.14908333 0.47925 0.05683333 0.1225
0 0.21391667 0.16575 0.1155 0.137
0 0.269 0.079875 0.07466667 0.08525
0 0.27875 0.013375 0.0265 0.02675
0 0.25925 0.158375 0.10116667 0.10925
0 0.38791667 0.066625 0.13683333 0.13325
0 0.34533333 0.22975 0.064 0.0945
0 0.85 0.04325 0.095 0.0865
0 0.94941667 0.6885 0.04183333 0.024
0 0.613 0.941375 0.05233333 0.03475
0 0.40166667 0.98 0.088 0.0105
0 0.25966667 0.93875 0.08433333 0.0215
0 0.23258333 0.958 0.1545 0.036
0 0.0315 0.937375 0.063 0.11725
0 0.0355 0.48725 0.071 0.024
0 0.25516667 0.51125 0.10033333 0.032
0 0.26941667 0.54325 0.03983333 0.0135
0 0.18991667 0.26225 0.04616667 0.056
0 0.14475 0.10725 0.0675 0.0545
0 0.01108333 0.149125 0.02216667 0.10925
0 0.73058333 0.534 0.13316667 0.104
0 0.59566667 0.540625 0.11533333 0.06675
