0 0.91525 0.13575 0.05316667 0.1225
0 0.92591667 0.161125 0.05683333 0.13575
0 0.968 0.82625 0.063 0.0065
0 0.94758333 0.97075 0.05416667 0.0585
0 0.52866667 0.91675 0.05766667 0.1665
0 0.47666667 0.939375 0.055 0.12125
0 0.13491667 0.953375 0.0745 0.09325
0 0.23925 0.4295 0.13583333 0.052
0 0.29775 0.47725 0.11983333 0.004
0 0.3165 0.531375 0.09133333 0.00525
0 0.38566667 0.56725 0.189 0.008
0 0.601 0.51525 0.007 0.0825
0 0.45716667 0.3935 0.064 0.02
0 0.14333333 0.03125 0.05066667 0.02
0 0.94758333 0.364875 0.0045 0.05875
