0 0.49866667 0.071125 0.071 0.12675
0 0.05641667 0.521125 0.05116667 0.06525
0 0.13975 0.23275 0.0675 0.014
0 0.93975 0.344875 0.1205 0.54625
0 0.61025 0.590375 0.03416667 0.09125
0 0.59441667 0.590375 0.02316667 0.09625
0 0.55125 0.624375 0.08716667 0.38725
0 0.49058333 0.74225 0.0905 0.3845
0 0.644 0.387875 0.018 0.16525
0 0.61283333 0.825 0.012 0.2605
0 0.597 0.773 0.00433333 0.0565
0 0.68891667 0.746125 0.0325 0.27425
0 0.78375 0.744875 0.1315 0.02325
0 0.77866667 0.7865 0.13 0.0165
0 0.79275 0.839125 0.11016667 0.01925
0 0.68716667 0.419875 0.00866667 0.08325
0 0.1765 0.748125 0.06933333 0.03725
0 0.98975 0.30775 0.0205 0.082
0 0.9765 0.742375 0.047 0.00775
