0 0.19483333 0.913375 0.08033333 0.03725
0 0.38633333 0.930125 0.123 0.03225
0 0.39533333 0.86925 0.059 0.028
0 0.38458333 0.957 0.08716667 0.027
0 0.37908333 0.9885 0.0795 0.0155
0 0.17175 0.80325 0.14183333 0.0525
0 0.17991667 0.8385 0.17683333 0.0795
0 0.04491667 0.755125 0.07783333 0.06175
0 0.21583333 0.760875 0.076 0.03725
0 0.89358333 0.844875 0.05883333 0.31025
0 0.82558333 0.6975 0.03416667 0.1
0 0.75941667 0.643625 0.02983333 0.08725
0 0.80208333 0.94425 0.0385 0.1065
0 0.76283333 0.7955 0.03166667 0.155
0 0.17733333 0.018625 0.05033333 0.03725
