0 0.57225 0.597375 0.22816667 0.07175
0 0.62566667 0.652 0.23933333 0.0885
0 0.83075 0.59875 0.2445 0.041
0 0.7705 0.86475 0.10866667 0.0295
0 0.46066667 0.752 0.15566667 0.0115
0 0.41325 0.690375 0.05216667 0.00875
0 0.26066667 0.426875 0.10266667 0.11275
0 0.06533333 0.0205 0.12566667 0.041
0 0.04575 0.566125 0.04183333 0.08075
0 0.215 0.73975 0.271 0.1025
0 0.1675 0.813375 0.05133333 0.01925
0 0.11575 0.824375 0.04016667 0.07175
0 0.22183333 0.902 0.17866667 0.0115
0 0.13633333 0.93525 0.18533333 0.004
0 0.27225 0.8275 0.19583333 0.0345
0 0.34875 0.78075 0.0735 0.
0 0.33675 0.73975 0.10583333 0.018
0 0.35766667 0.93325 0.083 0.018
0 0.44058333 0.992875 0.21616667 0.00375
0 0.51491667 0.93975 0.09483333 0.0155
0 0.26966667 0.3295 0.03166667 0.0385
