0 0.38833333 0.55125 0.015 0.197
0 0.45366667 0.161875 0.039 0.14775
0 0.28808333 0.635125 0.01683333 0.17575
0 0.209 0.765625 0.02933333 0.38875
0 0.25033333 0.473375 0.03566667 0.13725
0 0.146 0.800875 0.008 0.39825
0 0.12291667 0.715 0.0115 0.1465
0 0.241 0.147125 0.02566667 0.15825
0 0.47266667 0.922 0.01333333 0.1345
0 0.52241667 0.729625 0.06483333 0.23175
0 0.56141667 0.704375 0.08783333 0.29575
0 0.60191667 0.71575 0.04083333 0.036
0 0.85891667 0.878125 0.1465 0.09725
0 0.95116667 0.599875 0.079 0.00675
0 0.83308333 0.97275 0.06116667 0.0545
