0 0.668 0.23725 0.00766667 0.164
0 0.64483333 0.248 0.006 0.1115
0 0.67175 0.06725 0.00683333 0.1345
0 0.57175 0.068 0.02216667 0.136
0 0.55041667 0.049375 0.0205 0.09875
0 0.58291667 0.16925 0.0035 0.0745
0 0.32908333 0.035875 0.0615 0.07175
0 0.77433333 0.493 0.08366667 0.1065
0 0.73758333 0.5365 0.0905 0.0525
0 0.98291667 0.432125 0.0035 0.06675
0 0.99058333 0.52175 0.0155 0.0845
0 0.96716667 0.514 0.01966667 0.059
0 0.93075 0.566 0.07016667 0.0345
0 0.89491667 0.2955 0.00516667 0.0885
0 0.70941667 0.1385 0.02216667 0.123
