0 0.45558333 0.612875 0.03583333 0.13075
0 0.53675 0.3705 0.05116667 0.287
0 0.59275 0.116125 0.0555 0.19875
0 0.60641667 0.334625 0.0215 0.10525
0 0.68466667 0.539 0.01533333 0.0705
0 0.68166667 0.163375 0.03166667 0.26275
0 0.78291667 0.1885 0.0855 0.246
0 0.61966667 0.90325 0.14366667 0.114
0 0.3675 0.384 0.058 0.137
0 0.33883333 0.396125 0.08633333 0.21525
0 0.27008333 0.52825 0.0805 0.105
0 0.21025 0.614 0.1315 0.0205
0 0.12866667 0.96925 0.09833333 0.0615
0 0.55641667 0.596875 0.03916667 0.18325
0 0.45516667 0.101875 0.035 0.11675
