0 0.52333333 0.719 0.09666667 0.04
0 0.8215 0.779 0.10033333 0.032
0 0.93166667 0.743 0.10733333 0.0265
0 0.85758333 0.533375 0.10116667 0.02525
0 0.873 0.34425 0.03466667 0.012
0 0.75275 0.277625 0.08883333 0.04925
0 0.81975 0.213 0.10916667 0.056
0 0.72883333 0.172375 0.05866667 0.03075
0 0.82916667 0.183125 0.04433333 0.06775
0 0.28233333 0.20575 0.071 0.028
0 0.23791667 0.1765 0.05683333 0.0545
0 0.25658333 0.649125 0.06916667 0.02525
0 0.93741667 0.1705 0.03916667 0.04
0 0.73591667 0.516 0.04983333 0.0015
0 0.63866667 0.5785 0.03466667 0.004
