0 0.58716667 0.404875 0.07366667 0.07725
0 0.69991667 0.50325 0.06483333 0.048
0 0.7355 0.55325 0.05766667 0.0335
0 0.86325 0.683125 0.09683333 0.07175
0 0.80608333 0.51525 0.04616667 0.088
0 0.96958333 0.40475 0.06083333 0.0745
0 0.97316667 0.435375 0.05366667 0.07725
0 0.97183333 0.290375 0.05633333 0.08525
0 0.94383333 0.8375 0.11233333 0.016
0 0.80783333 0.78825 0.16166667 0.112
0 0.73816667 0.709125 0.056 0.04125
0 0.69375 0.6525 0.0665 0.0585
0 0.61916667 0.560625 0.06466667 0.06375
0 0.49483333 0.486 0.01866667 0.08
0 0.46783333 0.324875 0.01766667 0.09575
0 0.54066667 0.261625 0.055 0.07325
0 0.56858333 0.1365 0.03116667 0.132
0 0.55483333 0.062625 0.009 0.12525
0 0.23966667 0.04725 0.00166667 0.0945
0 0.19033333 0.15575 0.00266667 0.12
0 0.21041667 0.21375 0.00183333 0.068
0 0.1935 0.315 0.07633333 0.012
0 0.10958333 0.08725 0.00983333 0.1
0 0.11533333 0.01925 0.01066667 0.0385
0 0.09941667 0.29425 0.0035 0.104
0 0.02933333 0.323625 0.05866667 0.03725
0 0.30533333 0.682375 0.12966667 0.10525
0 0.19391667 0.635125 0.07716667 0.00525
0 0.095 0.911375 0.11533333 0.13975
0 0.43408333 0.95875 0.1315 0.0825
0 0.72566667 0.771625 0.02933333 0.04125
0 0.74616667 0.824875 0.08433333 0.04125
0 0.97183333 0.878875 0.05633333 0.01875
0 0.74966667 0.8675 0.079 0.0175
0 0.4225 0.538 0.04966667 0.1385
0 0.43275 0.579125 0.05583333 0.17575
0 0.5775 0.662375 0.024 0.15575
0 0.16108333 0.333625 0.07716667 0.02525
