0 0.3 0.414125 0.05966667 0.07675
0 0.32691667 0.566 0.06916667 0.05
0 0.15941667 0.46925 0.07083333 0.054
0 0.31366667 0.95325 0.01533333 0.0935
0 0.25508333 0.937875 0.01116667 0.12425
0 0.21833333 0.98525 0.018 0.0295
0 0.177 0.59675 0. 0.114
0 0.07816667 0.413375 0.01966667 0.47825
0 0.08933333 0.114125 0.018 0.06425
0 0.02691667 0.183375 0.05383333 0.05625
0 0.126 0.108375 0.00766667 0.03475
0 0.1675 0.165375 0.00166667 0.14875
0 0.15383333 0.280125 0.02233333 0.02675
0 0.16791667 0.332 0.04183333 0.036
0 0.16283333 0.358375 0.06066667 0.06275
0 0.12216667 0.348 0.00166667 0.068
0 0.12908333 0.51925 0.00516667 0.0615
0 0.11283333 0.5635 0.00166667 0.055
0 0.32516667 0.06925 0.06233333 0.0255
0 0.38041667 0.332 0.04616667 0.0615
0 0.69141667 0.322375 0.0735 0.04475
0 0.63591667 0.069875 0.11783333 0.05275
