0 0.83591667 0.630125 0.0085 0.09625
0 0.85466667 0.5275 0.02566667 0.068
0 0.82433333 0.83525 0.12733333 0.145
0 0.36541667 0.712125 0.01116667 0.13975
0 0.38375 0.894875 0.01016667 0.11275
0 0.43291667 0.919875 0.06583333 0.14725
0 0.40425 0.480125 0.01716667 0.11675
0 0.35383333 0.603875 0.02233333 0.31525
0 0.31708333 0.643625 0.00683333 0.37675
0 0.30041667 0.55 0.01283333 0.182
0 0.2995 0.746125 0.01966667 0.13075
0 0.45041667 0.203125 0.02916667 0.04225
0 0.79783333 0.612125 0.018 0.12425
0 0.765 0.678875 0.01533333 0.13475
0 0.75383333 0.8545 0.024 0.114
0 0.72866667 0.937875 0.02133333 0.04475
0 0.76283333 0.943 0.03 0.1115
0 0.23975 0.9295 0.0555 0.0745
