0 0.26966667 0.956375 0.03666667 0.05625
0 0.0475 0.83525 0.03333333 0.05
0 0.09483333 0.98275 0.02566667 0.0345
0 0.23766667 0.30375 0.00166667 0.159
0 0.24908333 0.22875 0.00083333 0.091
0 0.28375 0.168625 0.00683333 0.08075
0 0.30516667 0.563375 0.07866667 0.24225
0 0.19658333 0.4705 0.0035 0.1845
0 0.68633333 0.049375 0.089 0.09875
0 0.74408333 0.584625 0.13416667 0.13075
0 0.81575 0.680125 0.04016667 0.03725
0 0.79533333 0.752 0.04533333 0.0065
0 0.80941667 0.966 0.15716667 0.027
0 0.8085 0.6 0.21533333 0.1925
0 0.61666667 0.497375 0.124 0.13325
0 0.59791667 0.527 0.17183333 0.1205
0 0.72391667 0.659625 0.11783333 0.08575
0 0.62691667 0.6025 0.22483333 0.241
