0 0.64575 0.5795 0.08116667 0.1075
0 0.69016667 0.375 0.054 0.0605
0 0.80558333 0.275 0.07783333 0.081
0 0.87266667 0.198625 0.04266667 0.07175
0 0.42991667 0.492875 0.04116667 0.03725
0 0.36366667 0.539 0.06066667 0.0295
0 0.13891667 0.890375 0.0265 0.00375
0 0.08508333 0.89175 0.06916667 0.0475
0 0.11966667 0.126875 0.041 0.08725
0 0.006 0.357625 0.012 0.07425
0 0.66191667 0.900625 0.10516667 0.01425
0 0.75808333 0.89225 0.07516667 0.018
0 0.62433333 0.703875 0.071 0.04375
0 0.976 0.377625 0.01366667 0.04475
0 0.42441667 0.784625 0.04183333 0.01775
