0 0.52608333 0.24425 0.05216667 0.1525
0 0.47266667 0.18525 0.05133333 0.145
0 0.68333333 0.084 0.129 0.0295
0 0.86958333 0.115375 0.09316667 0.04125
0 0.91233333 0.059 0.07433333 0.0845
0 0.97225 0.087125 0.0555 0.05375
0 0.89366667 0.149375 0.1 0.04725
0 0.77566667 0.491 0.14966667 0.0975
0 0.7705 0.468 0.10333333 0.0615
0 0.69566667 0.212875 0.05466667 0.03075
0 0.67691667 0.184625 0.06316667 0.02575
0 0.55 0.276875 0.03333333 0.10525
0 0.94441667 0.53525 0.04783333 0.0165
0 0.9205 0.483375 0.077 0.03575
0 0.77691667 0.587875 0.18116667 0.09875
0 0.58675 0.696125 0.1735 0.06925
0 0.591 0.655125 0.17 0.07425
0 0.53291667 0.977625 0.02483333 0.03725
0 0.01025 0.462875 0.00683333 0.15375
0 0.75083333 0.8275 0.31533333 0.2065
0 0.8825 0.471125 0.11366667 0.08325
0 0.6295 0.95125 0.06066667 0.0975
