0 0.212 0.5655 0.06933333 0.111
0 0.21866667 0.5895 0.09866667 0.145
0 0.26066667 0.5555 0.044 0.065
0 0.27833333 0.5655 0.018 0.037
0 0.36466667 0.5825 0.01866667 0.153
0 0.38866667 0.7005 0.044 0.143
0 0.47366667 0.5645 0.13266667 0.101
0 0.52433333 0.5465 0.11666667 0.115
0 0.48766667 0.17 0.09933333 0.146
0 0.44533333 0.3805 0.04666667 0.075
0 0.12933333 0.2875 0.02933333 0.141
0 0.155 0.2905 0.038 0.025
0 0.07266667 0.215 0.07733333 0.08
0 0.025 0.0565 0.05 0.039
0 0.13633333 0.481 0.03133333 0.162
0 0.146 0.3815 0.01066667 0.099
0 0.66433333 0.1015 0.08866667 0.203
0 0.66066667 0.216 0.092 0.212
0 0.56866667 0.399 0.096 0.222
0 0.584 0.4295 0.088 0.213
0 0.638 0.4225 0.07466667 0.189
0 0.57966667 0.537 0.026 0.072
0 0.28366667 0.725 0.07133333 0.114
0 0.29966667 0.6725 0.03933333 0.061
