0 0.56233333 0.20175 0.031 0.1585
0 0.41725 0.50675 0.17583333 0.3955
0 0.24325 0.854125 0.1615 0.27825
0 0.15491667 0.95075 0.05583333 0.0985
0 0.26758333 0.90475 0.1465 0.1905
0 0.70083333 0.727625 0.16966667 0.08125
0 0.86458333 0.536625 0.1065 0.02375
0 0.74966667 0.45075 0.086 0.0015
0 0.60141667 0.532 0.13416667 0.0225
0 0.57391667 0.589875 0.1215 0.02375
0 0.80825 0.135125 0.12683333 0.06775
0 0.18825 0.02 0.04083333 0.04
0 0.01683333 0.12125 0.03366667 0.04
0 0.96075 0.199 0.0785 0.02
0 0.70883333 0.235 0.191 0.1
0 0.7475 0.176375 0.27166667 0.11575
0 0.72741667 0.121875 0.1145 0.03075
0 0.478 0.033875 0.15533333 0.00925
