0 0.72733333 0.08275 0.10266667 0.1655
0 0.83333333 0.2955 0.28733333 0.4115
0 0.96666667 0.577 0.06666667 0.1025
0 0.62391667 0.231375 0.02916667 0.11425
0 0.4735 0.09875 0.036 0.1975
0 0.39616667 0.33275 0.035 0.1525
0 0.13891667 0.21225 0.0555 0.268
0 0.12008333 0.8185 0.03516667 0.1115
0 0.46583333 0.364125 0.077 0.32325
0 0.42691667 0.293 0.02483333 0.1705
0 0.5205 0.691 0.12833333 0.4565
0 0.70983333 0.950625 0.01633333 0.09875
0 0.7295 0.964125 0.011 0.07175
0 0.11791667 0.940375 0.0445 0.11925
