0 0.76066667 0.700625 0.024 0.11675
0 0.75258333 0.753875 0.01283333 0.15125
0 0.9115 0.587125 0.10333333 0.07425
0 0.9735 0.61275 0.053 0.
0 0.25641667 0.462875 0.12816667 0.13325
0 0.297 0.474375 0.189 0.18225
0 0.41108333 0.4 0.11116667 0.0895
0 0.36625 0.462125 0.08816667 0.06275
0 0.10508333 0.715375 0.1145 0.19475
0 0.07558333 0.718 0.0675 0.0975
0 0.01966667 0.535875 0.03933333 0.02825
0 0.06875 0.96725 0.0385 0.0655
0 0.08975 0.5705 0.03916667 0.0845
0 0.68166667 0.101875 0.006 0.20375
0 0.68083333 0.9455 0.02133333 0.109
0 0.64616667 0.944875 0.01033333 0.11025
