0 0.63333333 0.312875 0.142 0.01025
0 0.78033333 0.082125 0.20866667 0.11275
0 0.82816667 0.374375 0.094 0.21025
0 0.04783333 0.50775 0.00333333 0.064
0 0.03675 0.456375 0.0275 0.08725
0 0.01491667 0.5275 0.02983333 0.086
0 0.34316667 0.128875 0.05566667 0.25775
0 0.52825 0.14925 0.10083333 0.009
0 0.60766667 0.874375 0.04966667 0.06925
0 0.16916667 0.92175 0.041 0.0975
0 0.171 0.774375 0.02566667 0.05625
0 0.0765 0.46225 0.006 0.073
0 0.05858333 0.534625 0.04183333 0.11275
0 0.03766667 0.618 0.00166667 0.1
0 0.02091667 0.710875 0.04183333 0.13475
0 0.00808333 0.655125 0.01616667 0.04375
0 0.09016667 0.600625 0.03166667 0.25775
0 0.46025 0.755875 0.0675 0.00125
0 0.51883333 0.743625 0.08033333 0.03575
