0 0.465 0.578875 0.05466667 0.18575
0 0.327 0.79875 0.047 0.1975
0 0.32941667 0.209 0.1325 0.1565
0 0.33716667 0.3795 0.12233333 0.0155
0 0.63458333 0.239 0.17183333 0.109
0 0.66966667 0.18325 0.09833333 0.041
0 0.69958333 0.134 0.06583333 0.0245
0 0.64233333 0.349375 0.31533333 0.06775
0 0.63841667 0.394875 0.0855 0.01275
0 0.65425 0.3225 0.13083333 0.0345
0 0.09608333 0.975625 0.01283333 0.04875
0 0.07608333 0.962875 0.0155 0.07425
0 0.05516667 0.953125 0.035 0.03975
0 0.09183333 0.18775 0.006 0.0525
