0 0.21666667 0.144875 0.13933333 0.25625
0 0.11283333 0.05 0.03066667 0.0665
0 0.17141667 0.128875 0.10683333 0.11425
0 0.23591667 0.232625 0.06316667 0.14225
0 0.16841667 0.30325 0.0205 0.1295
0 0.021 0.061625 0.03166667 0.08975
0 0.06108333 0.38275 0.03683333 0.0935
0 0.51666667 0.973 0.04366667 0.023
0 0.93291667 0.966 0.13416667 0.0575
0 0.51325 0.359 0.1155 0.018
0 0.72775 0.441 0.1035 0.013
0 0.32391667 0.049375 0.0375 0.09875
0 0.35383333 0.066 0.04266667 0.132
0 0.1885 0.5885 0.00766667 0.0845
0 0.15508333 0.527625 0.0385 0.00375
0 0.17691667 0.543 0.03083333 0.0345
0 0.08158333 0.10775 0.05383333 0.2155
0 0.73458333 0.365375 0.09483333 0.00525
