0 0.39108333 0.741 0.08783333 0.0625
0 0.27208333 0.609875 0.0755 0.06925
0 0.18025 0.545875 0.08516667 0.07725
0 0.11008333 0.508625 0.0605 0.05575
0 0.13141667 0.462125 0.17216667 0.14375
0 0.091 0.404125 0.143 0.11875
0 0.23391667 0.48875 0.2265 0.205
0 0.19133333 0.42075 0.16066667 0.152
0 0.27825 0.465375 0.10916667 0.12375
0 0.35908333 0.56925 0.08616667 0.068
0 0.51491667 0.40075 0.00183333 0.157
0 0.5295 0.3735 0.00966667 0.18
0 0.54591667 0.56125 0.03016667 0.193
0 0.52691667 0.54725 0.0275 0.12
0 0.55883333 0.563875 0.02033333 0.14775
0 0.57925 0.03 0.00983333 0.06
0 0.5375 0.119125 0.02766667 0.23825
0 0.53441667 0.241 0.01783333 0.149
0 0.83758333 0.925375 0.06483333 0.05325
0 0.74175 0.93875 0.03816667 0.0055
0 0.73816667 0.808875 0.031 0.00675
0 0.98616667 0.86875 0.01066667 0.249
0 0.978 0.6205 0.044 0.136
0 0.9245 0.974 0.00266667 0.052
0 0.88908333 0.565875 0.01683333 0.39675
0 0.90766667 0.61125 0.00433333 0.08
0 0.84816667 0.37675 0.01866667 0.213
0 0.86775 0.390125 0.02583333 0.20225
0 0.82291667 0.470125 0.02116667 0.29825
0 0.81533333 0.55725 0.02566667 0.305
0 0.80608333 0.672375 0.0125 0.12525
0 0.7905 0.781 0.015 0.1
0 0.573 0.26825 0.01166667 0.0945
0 0.55975 0.03525 0.00083333 0.0705
0 0.46916667 0.03725 0.01333333 0.0745
0 0.98133333 0.044 0.02933333 0.088
