0 0.54441667 0.374375 0.05816667 0.00775
0 0.33508333 0.289125 0.16916667 0.05775
0 0.07608333 0.205125 0.15216667 0.05875
0 0.23125 0.38975 0.2265 0.041
0 0.26583333 0.34225 0.09233333 0.0435
0 0.10941667 0.4135 0.1625 0.0065
0 0.21625 0.498 0.1435 0.0065
0 0.30516667 0.9365 0.12133333 0.127
0 0.06925 0.78975 0.04283333 0.046
0 0.04525 0.92625 0.0325 0.0525
0 0.83075 0.6295 0.0375 0.159
0 0.89783333 0.5795 0.08466667 0.318
0 0.98075 0.503875 0.0385 0.12325
0 0.93883333 0.039125 0.03333333 0.07825
0 0.90775 0.066625 0.05816667 0.13325
0 0.85558333 0.242875 0.05983333 0.07825
0 0.78766667 0.76725 0.03333333 0.109
0 0.394 0.891625 0.04433333 0.06275
0 0.0355 0.434 0.071 0.032
0 0.0795 0.33325 0.06166667 0.0205
0 0.02866667 0.296125 0.05733333 0.02575
0 0.31533333 0.132 0.09233333 0.0435
