0 0.83891667 0.7885 0.26916667 0.064
0 0.89616667 0.326875 0.153 0.18975
0 0.94016667 0.422375 0.11966667 0.14225
0 0.97991667 0.3905 0.04016667 0.05
0 0.57175 0.048 0.03083333 0.068
0 0.62091667 0.160875 0.06416667 0.07575
0 0.58766667 0.20125 0.1 0.1385
0 0.31875 0.199375 0.19316667 0.39875
0 0.544 0.26675 0.12566667 0.2615
0 0.63591667 0.134 0.0565 0.1065
0 0.82908333 0.380125 0.32816667 0.38825
0 0.77733333 0.340375 0.076 0.06775
0 0.78291667 0.60775 0.1625 0.064
0 0.76583333 0.548125 0.20166667 0.10375
0 0.84575 0.54625 0.1495 0.2
0 0.69741667 0.389125 0.11116667 0.07575
0 0.71191667 0.43775 0.1385 0.1115
0 0.67908333 0.4525 0.0675 0.059
0 0.55258333 0.105125 0.0385 0.04625
