0 0.43633333 0.034 0.071 0.068
0 0.60858333 0.731375 0.1965 0.25775
0 0.63158333 0.752625 0.12483333 0.17175
0 0.95208333 0.412125 0.0085 0.12425
0 0.97816667 0.417875 0.006 0.15375
0 0.96791667 0.5775 0.06416667 0.091
0 0.87691667 0.149375 0.0375 0.29875
0 8.35416667e-01 1.79500000e-01 8.33333333e-04 8.45000000e-02
0 0.82783333 0.11475 0.02133333 0.0885
0 0.9235 0.09675 0.00933333 0.1935
0 0.3705 0.2205 0.06066667 0.0335
0 0.40425 0.24675 0.1555 0.068
0 0.36066667 0.309625 0.09733333 0.03975
0 0.36325 0.344875 0.12316667 0.03075
0 0.72391667 0.624375 0.04783333 0.07425
