0 0.88458333 0.051875 0.0115 0.10375
0 0.89658333 0.046625 0.0125 0.09325
0 0.9255 0.192375 0.008 0.13175
0 0.97533333 0.336875 0.04933333 0.06925
0 0.94958333 0.34425 0.10083333 0.1105
0 0.9205 0.493375 0.03733333 0.31575
0 0.2295 0.058625 0.05233333 0.11725
0 0.37058333 0.401375 0.0505 0.09725
0 0.39141667 0.908875 0.04616667 0.03325
0 0.87258333 0.260875 0.01783333 0.16775
0 0.92416667 0.064 0.01066667 0.0905
0 0.91075 0.04125 0.0125 0.0825
0 0.72566667 0.779625 0.015 0.12125
0 0.79766667 0.66775 0.14466667 0.646
0 0.01783333 0.153875 0. 0.12125
