0 0.95766667 0.6385 0.08466667 0.2025
0 0.97308333 0.400625 0.05383333 0.01675
0 0.31066667 0.834625 0.04533333 0.08475
0 0.37091667 0.744875 0.0565 0.15125
0 0.29066667 0.71925 0.053 0.0255
0 0.19791667 0.96025 0.0555 0.0795
0 0.02133333 0.9595 0.04266667 0.0705
0 0.109 0.589125 0.08633333 0.01925
0 0.30391667 0.26925 0.13416667 0.0435
0 0.40341667 0.38325 0.0325 0.059
0 0.3615 0.459625 0.06666667 0.05775
0 0.02858333 0.30775 0.0555 0.0565
0 0.03241667 0.089125 0.0325 0.03225
0 0.185 0.023625 0.02133333 0.04225
0 0.13241667 0.137875 0.05983333 0.01925
