0 0.15383333 0.73525 0.029 0.2295
0 0.29833333 0.769125 0.029 0.15125
0 0.45433333 0.92175 0.06066667 0.018
0 0.37825 0.103875 0.06416667 0.20775
0 0.40425 0.110875 0.0615 0.22175
0 0.43716667 0.134625 0.047 0.26925
0 0.27991667 0.1 0.05216667 0.2
0 0.32091667 0.547375 0.09483333 0.30775
0 0.41708333 0.646125 0.14183333 0.17175
0 0.48416667 0.672375 0.10866667 0.10375
0 0.46066667 0.625 0.09733333 0.078
0 0.80341667 0.883375 0.14716667 0.09225
0 0.90558333 0.928875 0.12216667 0.09625
0 0.91708333 0.8115 0.16583333 0.0335
0 0.88808333 0.70375 0.0205 0.1615
0 0.92866667 0.534625 0.01966667 0.19225
0 0.991 0.725 0.018 0.0575
