0 0.55566667 0.3535 0.06933333 0.0785
0 0.58808333 0.31425 0.06116667 0.093
0 0.64675 0.32425 0.02216667 0.028
0 0.6445 0.203125 0.02666667 0.09975
0 0.51225 0.08725 0.09416667 0.1185
0 0.85391667 0.05525 0.04083333 0.1105
0 0.67558333 0.35425 0.09416667 0.1705
0 0.70791667 0.506625 0.08783333 0.00675
0 0.93566667 0.752375 0.12066667 0.06925
0 0.92325 0.71775 0.06216667 0.016
0 0.972 0.69575 0.055 0.0385
0 0.95291667 0.769625 0.08616667 0.05325
0 0.84375 0.858875 0.1535 0.07475
0 0.84466667 0.89675 0.11266667 0.028
0 0.80741667 0.952 0.07016667 0.0745
0 0.85666667 0.966 0.04966667 0.0625
0 0.82908333 0.679125 0.02316667 0.15725
0 0.80916667 0.663125 0.02566667 0.18625
0 0.79491667 0.77625 0.03283333 0.0185
0 0.95075 0.476125 0.07816667 0.17175
0 0.38833333 0.955375 0.031 0.08925
0 0.06033333 0.442125 0.12066667 0.06925
0 0.05375 0.740375 0.0045 0.08775
0 0.01641667 0.868875 0.01683333 0.13175
0 0.02708333 0.230375 0.05416667 0.00525
0 0.06166667 0.139875 0.03633333 0.12525
0 0.0755 0.153875 0.032 0.12375
0 0.09183333 0.153125 0.03466667 0.15175
0 0.06966667 0.249 0.03466667 0.0425
0 0.06258333 0.276375 0.0115 0.03325
0 0.0395 0.312875 0.031 0.14375
0 0.03016667 0.277625 0.016 0.07075
0 0.36975 0.306875 0.0915 0.15575
0 0.43458333 0.169125 0.04883333 0.05575
0 0.459 0.211 0.016 0.0225
