0 0.71458333 0.4135 0.02216667 0.0655
0 0.74491667 0.394875 0.02483333 0.05625
0 0.67691667 0.344125 0.04283333 0.11925
0 0.83675 0.19925 0.05983333 0.0705
0 0.63416667 0.68075 0.15566667 0.0975
0 0.64108333 0.75375 0.1385 0.141
0 0.6235 0.8365 0.14966667 0.132
0 0.66075 0.847375 0.19316667 0.15375
0 0.69058333 0.93975 0.12316667 0.1155
0 0.71916667 0.94225 0.059 0.064
0 0.741 0.959 0.024 0.0795
0 0.88758333 0.550625 0.22483333 0.21175
0 0.8705 0.6725 0.09833333 0.0705
0 0.19058333 0.34175 0.0325 0.1295
0 0.43033333 0.93525 0.14266667 0.1295
0 0.447 0.97375 0.05633333 0.0525
