0 0.36375 0.525 0.09316667 0.0065
0 0.40858333 0.6475 0.00516667 0.0845
0 0.43716667 0.755125 0.00766667 0.15625
0 0.45683333 0.906375 0.001 0.18725
0 0.47866667 0.93525 0.01033333 0.109
0 0.48633333 0.730125 0.01866667 0.30625
0 0.55475 0.618625 0.0325 0.00625
0 0.5615 0.567375 0.03766667 0.00375
0 0.7945 0.521125 0.01966667 0.16525
0 0.75983333 0.85575 0.01033333 0.2835
0 0.77091667 0.960875 0.0035 0.07825
0 7.12416667e-01 8.62250000e-01 8.33333333e-04 2.73000000e-01
0 0.888 0.7795 0.11966667 0.0665
0 0.96416667 0.83075 0.06666667 0.072
0 0.9645 0.769875 0.06933333 0.07075
0 0.89916667 0.725 0.118 0.063
0 0.89058333 0.338375 0.0085 0.08725
0 0.92433333 0.039125 0.00933333 0.07825
0 0.5325 0.087875 0.017 0.13475
0 0.46325 0.23275 0.0325 0.168
0 0.2705 0.19425 0.03833333 0.078
0 0.26241667 0.132 0.03083333 0.0615
0 0.25558333 0.1205 0.0325 0.059
0 0.3265 0.466 0.07 0.0065
0 0.27825 0.501875 0.0145 0.17825
0 0.318 0.555125 0.053 0.01525
0 0.38975 0.823125 0.01883333 0.35375
0 0.31958333 0.81475 0.00683333 0.1425
0 0.24016667 0.82175 0.041 0.2845
0 0.38208333 0.391625 0.02383333 0.08325
