0 0.80775 0.391 0.03416667 0.082
0 0.6795 0.730125 0.205 0.07325
0 0.6585 0.708375 0.235 0.09375
0 0.62525 0.632125 0.1495 0.04875
0 0.58591667 0.61225 0.12383333 0.0295
0 0.50558333 0.66025 0.08116667 0.082
0 0.1265 0.44675 0.212 0.086
0 0.04616667 0.324375 0.09233333 0.03825
0 0.07691667 0.791125 0.15216667 0.02825
0 0.32358333 0.856375 0.15983333 0.07175
0 0.34875 0.794875 0.14183333 0.05625
0 0.29183333 0.712875 0.112 0.01525
0 0.33075 0.76025 0.0565 0.0155
0 0.26666667 0.747375 0.10266667 0.02825
0 0.48116667 0.680125 0.106 0.10125
0 0.29183333 0.54875 0.182 0.082
0 0.39658333 0.607125 0.08216667 0.06025
0 0.48758333 0.73275 0.07083333 0.091
0 0.40433333 0.6565 0.135 0.1025
0 0.25516667 0.58975 0.23333333 0.1335
0 0.17483333 0.59225 0.194 0.1
