0 0.54483333 0.8315 0.16333333 0.0115
0 0.9645 0.6545 0.071 0.068
0 0.91925 0.497375 0.1615 0.16675
0 0.81066667 0.358375 0.07266667 0.03475
0 0.56283333 0.09425 0.11366667 0.0655
0 0.53033333 0.050625 0.12566667 0.05275
0 0.49833333 0.01725 0.03933333 0.0345
0 0.23033333 0.482625 0.05033333 0.12175
0 0.221 0.412125 0.047 0.11925
0 0.3325 0.6 0.041 0.0665
0 0.87216667 0.991625 0.08466667 0.01675
0 0.93716667 0.484 0.12566667 0.127
0 0.64616667 0.617875 0.05133333 0.04875
0 0.61583333 0.547375 0.04866667 0.02575
0 0.429 0.991625 0.065 0.01675
