0 0.35983333 0.568625 0.058 0.05525
0 0.19058333 0.809625 0.08216667 0.03975
0 0.12091667 0.792875 0.08283333 0.00375
0 0.5645 0.716 0.218 0.2425
0 0.75591667 0.907625 0.05216667 0.11025
0 0.79741667 0.975 0.05116667 0.05
0 0.56533333 0.96925 0.02133333 0.0615
0 0.79791667 0.816625 0.0385 0.16425
0 0.85591667 0.47625 0.04016667 0.255
0 0.92391667 0.508875 0.0205 0.22825
0 0.88458333 0.18075 0.0495 0.087
0 0.96966667 0.3455 0.047 0.173
0 0.93291667 0.233375 0.03516667 0.07175
0 0.73333333 0.287125 0.09066667 0.06925
0 0.653 0.306375 0.089 0.06925
0 0.3675 0.306375 0.09066667 0.05125
0 0.31833333 0.218 0.112 0.059
0 0.44533333 0.309 0.15733333 0.0795
0 0.02266667 0.46475 0.04533333 0.009
0 0.1475 0.13725 0.18033333 0.1205
0 0.688 0.14425 0.00333333 0.132
0 0.59483333 0.38025 0.05633333 0.05
0 0.74358333 0.589125 0.11783333 0.04475
0 0.37008333 0.5365 0.05283333 0.0475
