0 0.25516667 0.056375 0.04366667 0.11275
0 0.27433333 0.101875 0.02233333 0.08325
0 0.13125 0.2975 0.08116667 0.2205
0 0.08758333 0.30325 0.04016667 0.096
0 0.72008333 0.668 0.01616667 0.1565
0 0.85733333 0.3385 0.01366667 0.1975
0 0.84233333 0.489 0.011 0.1115
0 0.88383333 0.8685 0.03933333 0.209
0 0.86541667 0.85125 0.0385 0.218
0 0.92566667 0.830125 0.017 0.18075
0 0.95258333 0.866625 0.05216667 0.23575
0 0.98333333 0.8385 0.03333333 0.164
0 0.05508333 0.531375 0.0265 0.01675
0 0.04566667 0.55125 0.01966667 0.018
0 0.0265 0.9595 0.053 0.0705
