0 0.71116667 0.177625 0.00166667 0.24225
0 0.79958333 0.10325 0.0025 0.2065
0 0.432 0.681375 0.16666667 0.09625
0 0.54358333 0.748 0.03916667 0.009
0 0.56925 0.725 0.0375 0.0165
0 0.48375 0.875 0.07183333 0.0165
0 0.30941667 0.757625 0.15216667 0.08975
0 0.12733333 0.7225 0.25466667 0.1885
0 0.13291667 0.625 0.26583333 0.2245
0 0.03508333 0.650625 0.07016667 0.05525
0 0.06241667 0.208375 0.08716667 0.08075
0 0.12008333 0.168625 0.09816667 0.13725
0 0.39533333 0.041 0.02133333 0.082
0 0.36625 0.041 0.01616667 0.082
0 0.61325 0.258375 0.00416667 0.11425
0 0.59191667 0.3155 0.0025 0.1795
0 0.72475 0.55825 0.0445 0.227
0 0.75383333 0.551875 0.01033333 0.29625
0 0.80041667 0.514125 0.0265 0.33325
0 0.83116667 0.407625 0.02133333 0.07425
0 0.87008333 0.1725 0.02216667 0.1115
0 0.759 0.26725 0. 0.2295
0 0.73508333 0.166625 0.02216667 0.15125
0 0.9675 0.5025 0.065 0.0385
