0 0.57866667 0.075625 0.024 0.15125
0 0.92775 0.5025 0.0675 0.159
0 0.90341667 0.784625 0.09216667 0.11025
0 0.43675 0.77625 0.0205 0.0525
0 0.33333333 0.491125 0.04266667 0.07175
0 0.33841667 0.5205 0.03416667 0.0615
0 0.53333333 0.066625 0.01866667 0.09225
0 0.63808333 0.266 0.0025 0.0885
0 0.61108333 0.04425 0.02383333 0.0885
0 0.78675 0.48775 0.00583333 0.173
0 0.71158333 0.362125 0.02483333 0.15775
0 0.74875 0.509 0.0205 0.105
0 0.72308333 0.539 0.04283333 0.091
0 0.74358333 0.68775 0.00183333 0.1295
0 0.385 0.453875 0.04866667 0.11025
