0 0.93975 0.348125 0.1205 0.12175
0 0.86233333 0.444875 0.06833333 0.12575
0 0.79525 0.584 0.0675 0.0885
0 0.64958333 0.48275 0.02216667 0.0935
0 0.59825 0.480875 0.03083333 0.05125
0 0.54141667 0.4295 0.0025 0.2205
0 0.5615 0.191625 0.01533333 0.08325
0 0.55558333 0.08275 0.01883333 0.055
0 0.32525 0.03525 0.13083333 0.0295
0 0.31541667 0.081375 0.13683333 0.01925
0 0.1265 0.126375 0.212 0.07825
0 0.07608333 0.094875 0.15216667 0.05125
0 0.06841667 0.468625 0.07183333 0.02425
0 0.30341667 0.448 0.08716667 0.1885
0 0.49958333 0.5295 0.02816667 0.2615
0 0.48075 0.540375 0.0385 0.20125
0 0.456 0.65 0.06233333 0.113
0 0.39658333 0.7525 0.03416667 0.0435
0 0.41833333 0.80125 0.02133333 0.036
0 0.512 0.73075 0.16233333 0.264
0 0.76966667 0.966625 0.001 0.06675
0 0.3705 0.541625 0.17166667 0.18575
0 0.12775 0.642375 0.08116667 0.01025
0 0.04658333 0.627 0.08283333 0.018
0 0.156 0.249375 0.06933333 0.03225
0 0.691 0.752625 0.006 0.04875
0 0.69191667 0.91225 0.01616667 0.091
