0 0.92433333 0.88775 0.01966667 0.214
0 0.91583333 0.743 0.00933333 0.0755
0 0.84741667 0.519875 0.0095 0.10375
0 0.82741667 0.3455 0.04783333 0.022
0 0.77091667 0.33275 0.16583333 0.068
0 0.52266667 0.45125 0.105 0.023
0 0.27258333 0.344875 0.08716667 0.03075
0 0.23975 0.307 0.13583333 0.0345
0 0.209 0.275625 0.11366667 0.02575
0 0.28675 0.37375 0.0745 0.0245
0 0.30641667 0.577625 0.10183333 0.03975
0 0.46533333 0.356375 0.13766667 0.05375
0 0.43125 0.340375 0.07783333 0.01175
0 0.16233333 0.8795 0.08033333 0.028
0 0.22608333 0.541 0.0675 0.0565
0 0.09491667 0.6525 0.08383333 0.1
0 0.05766667 0.583375 0.04533333 0.06925
0 0.08891667 0.185875 0.0375 0.05375
