0 0.64016667 0.639125 0.14366667 0.08325
0 0.6115 0.576375 0.153 0.07825
0 0.65433333 0.16475 0.07433333 0.027
0 0.18333333 0.308375 0.117 0.08575
0 0.12608333 0.917375 0.10183333 0.07825
0 0.05641667 0.687875 0.02216667 0.02175
0 0.13933333 0.750625 0.03766667 0.02675
0 0.36841667 0.743 0.10083333 0.073
0 0.36833333 0.7975 0.077 0.0435
0 0.37308333 0.85575 0.0725 0.0115
0 0.6145 0.96225 0.2 0.068
0 0.7325 0.944875 0.17766667 0.00525
0 0.72991667 0.55775 0.13683333 0.218
0 0.66458333 0.506375 0.04183333 0.06925
0 0.68508333 0.566 0.08116667 0.114
0 0.62475 0.521875 0.0735 0.13075
0 0.58766667 0.3365 0.035 0.055
0 0.23158333 0.22375 0.07183333 0.0835
0 0.25775 0.262125 0.04016667 0.06025
0 0.63458333 0.880125 0.12383333 0.02175
0 0.54741667 0.89675 0.20416667 0.0295
0 0.00983333 0.205125 0.018 0.02075
