0 0.52775 0.10125 0.0595 0.2025
0 0.55616667 0.301625 0.04533333 0.16925
0 0.637 0.195 0.095 0.225
0 0.19616667 0.43875 0.03366667 0.1985
0 0.273 0.082625 0.031 0.11725
0 0.261 0.180375 0.04266667 0.16375
0 0.27733333 0.812875 0.008 0.16925
0 0.25433333 0.792875 0.00433333 0.10775
0 0.26808333 0.658375 0.09583333 0.20375
0 0.05591667 0.777625 0.11183333 0.10675
0 0.11541667 0.904125 0.02316667 0.19175
0 0.06883333 0.52925 0.008 0.281
0 0.0395 0.56525 0.033 0.3475
0 0.15491667 0.088625 0.0365 0.13975
0 0.45266667 0.063875 0.14733333 0.12775
0 0.34308333 0.91075 0.02916667 0.1785
0 0.05241667 0.159125 0.0035 0.10775
