0 0.4975 0.72125 0.16066667 0.132
0 0.70941667 0.572375 0.05483333 0.05525
0 0.66108333 0.51025 0.0675 0.023
0 0.69358333 0.514125 0.03516667 0.03075
0 0.51708333 0.533375 0.12316667 0.03325
0 0.51491667 0.50375 0.12216667 0.0385
0 0.65558333 0.3295 0.13683333 0.023
0 0.34275 0.780125 0.0685 0.06525
0 0.2855 0.8115 0.06333333 0.023
0 0.34833333 0.8315 0.06233333 0.0475
0 0.12308333 0.66025 0.19316667 0.113
0 0.0825 0.657125 0.11533333 0.03975
0 0.19616667 0.667375 0.16833333 0.11925
0 0.14441667 0.062125 0.14016667 0.06025
0 0.15725 0.08725 0.05483333 0.036
0 0.32391667 0.892875 0.07683333 0.06025
0 0.53591667 0.787875 0.04783333 0.05525
0 0.4795 0.785875 0.05633333 0.04875
0 0.7 0.5975 0.04433333 0.0565
0 0.16841667 0.78975 0.0735 0.005
