0 0.82525 0.491625 0.1495 0.28325
0 0.88675 0.575 0.06583333 0.1015
0 0.96841667 0.4025 0.05816667 0.0845
0 0.956 0.317875 0.03 0.04625
0 0.69316667 0.321875 0.07533333 0.16675
0 0.779 0.57825 0.165 0.2615
0 0.65941667 0.78775 0.1735 0.1065
0 0.67991667 0.777 0.03683333 0.023
0 0.72816667 0.792875 0.03933333 0.02175
0 0.74916667 0.82825 0.023 0.018
0 0.5945 0.835875 0.16666667 0.08975
0 0.5555 0.836 0.06666667 0.059
0 0.535 0.91475 0.06833333 0.0655
0 0.191 0.907 0.05733333 0.186
0 0.41791667 0.677625 0.04283333 0.03725
0 0.66758333 0.58525 0.25983333 0.2165
0 0.47908333 0.4135 0.08283333 0.1165
0 0.415 0.377 0.07266667 0.0975
0 0.32825 0.256375 0.0445 0.04875
0 0.66841667 0.153875 0.01716667 0.09725
0 0.73675 0.7225 0.11116667 0.1115
