0 0.36966667 0.411375 0.07366667 0.11725
0 0.28316667 0.093875 0.01966667 0.10525
0 0.25741667 0.03 0.01416667 0.06
0 0.21533333 0.059875 0.024 0.11725
0 0.27791667 0.6445 0.2095 0.064
0 0.18725 0.6505 0.07816667 0.0015
0 0.2445 0.705 0.19266667 0.0865
0 0.09941667 0.48125 0.06383333 0.1025
0 0.10116667 0.56525 0.15266667 0.2705
0 0.42875 0.774375 0.0745 0.03325
0 0.55033333 0.526625 0.00533333 0.13725
0 0.73766667 0.6785 0.11366667 0.217
0 0.64933333 0.320125 0.00433333 0.07325
0 0.95875 0.518625 0.0425 0.06525
0 0.25966667 0.263 0.05766667 0.156
0 0.435 0.31025 0.023 0.085
0 0.42258333 0.3195 0.01783333 0.0985
0 0.38833333 0.3455 0.00266667 0.108
