0 0.28333333 0.515375 0.047 0.06925
0 0.2415 0.444875 0.03333333 0.07925
0 0.19658333 0.333375 0.21183333 0.22825
0 0.04358333 0.209625 0.08716667 0.15525
0 0.06583333 0.380125 0.13166667 0.05775
0 0.14616667 0.847375 0.13333333 0.00775
0 0.85091667 0.89875 0.29316667 0.0845
0 0.85475 0.768625 0.14016667 0.11925
0 0.91966667 0.614 0.16066667 0.1205
0 0.89533333 0.3205 0.20933333 0.123
0 0.63158333 0.20775 0.14183333 0.005
0 0.5555 0.22875 0.159 0.068
0 0.19533333 0.43775 0.19566667 0.2115
0 0.3 0.3385 0.08033333 0.0335
0 0.30641667 0.028875 0.14283333 0.05775
0 0.62475 0.923125 0.1965 0.04625
0 0.89916667 0.991 0.20166667 0.0025
0 0.26458333 0.938375 0.04183333 0.07175
0 0.79658333 0.530125 0.05816667 0.11925
0 0.86408333 0.628125 0.10083333 0.11025
0 0.24491667 0.548125 0.02483333 0.04225
