0 0.53591667 0.189 0.21016667 0.2705
0 0.59616667 0.191 0.18366667 0.2155
0 0.79058333 0.146125 0.12816667 0.03575
0 0.74916667 0.184625 0.05033333 0.04125
0 0.797 0.54225 0.117 0.0615
0 0.72908333 0.60125 0.12983333 0.0025
0 0.84058333 0.707125 0.15116667 0.00125
0 0.90858333 0.746125 0.08383333 0.01025
0 0.47858333 0.588375 0.16416667 0.14875
0 0.37608333 0.575625 0.2085 0.26175
0 0.28808333 0.831375 0.1265 0.11425
0 0.19616667 0.782 0.05566667 0.0845
0 0.0295 0.78975 0.059 0.205
0 0.0235 0.743 0.047 0.1525
0 0.5235 0.48975 0.03833333 0.064
0 0.49708333 0.7865 0.0795 0.327
0 0.54525 0.685875 0.02216667 0.00525
