0 0.52091667 0.973125 0.07783333 0.05375
0 0.67691667 0.969875 0.06483333 0.05275
0 0.40508333 0.653125 0.0615 0.01925
0 0.197 0.56675 0.13766667 0.0795
0 0.25175 0.477 0.1205 0.0615
0 0.26875 0.402 0.05383333 0.0295
0 0.40083333 0.327 0.065 0.0565
0 0.53291667 0.474375 0.02983333 0.16675
0 0.5205 0.377 0. 0.082
0 0.40475 0.07825 0.10683333 0.0025
0 0.17441667 0.1045 0.07516667 0.0245
0 0.19616667 0.055875 0.00933333 0.06025
0 0.03158333 0.030125 0.06316667 0.04475
0 0.04908333 0.600625 0.05216667 0.04475
0 0.15641667 0.633375 0.08383333 0.05375
0 0.20891667 0.725625 0.05216667 0.03575
0 0.729 0.38725 0.053 0.018
0 0.65775 0.01725 0.01283333 0.0345
0 0.07308333 0.659625 0.05216667 0.03725
