0 0.71925 0.507625 0.0265 0.08975
0 0.662 0.451875 0.01633333 0.15775
0 0.64825 0.258375 0.00083333 0.11675
0 0.75558333 0.065375 0.00516667 0.13075
0 0.85341667 0.075625 0.01616667 0.15125
0 0.57608333 0.925 0.11116667 0.1395
0 0.33208333 0.819875 0.2145 0.02925
0 0.39958333 0.860875 0.13083333 0.00625
0 0.197 0.943625 0.088 0.01025
0 0.2205 0.91925 0.09566667 0.0155
0 0.20425 0.88975 0.1625 0.005
0 0.09358333 0.699375 0.1375 0.04225
0 0.391 0.50575 0.09833333 0.078
0 0.50216667 0.453875 0.11533333 0.13575
0 0.6 0.455125 0.02233333 0.12075
0 0.62733333 0.510875 0.012 0.10125
0 0.60941667 0.635875 0.0155 0.08975
0 0.58675 0.239 0.01116667 0.0705
0 0.28841667 0.500625 0.29316667 0.20375
0 0.21066667 0.6135 0.10866667 0.0935
0 0.85641667 0.390375 0.01016667 0.09375
0 0.87516667 0.440375 0.029 0.20125
0 0.75175 0.34225 0.02983333 0.164
0 0.21708333 0.010875 0.0855 0.02175
0 0.27775 0.02625 0.12816667 0.0475
