0 0.51 0.13125 0.00966667 0.257
0 0.56991667 0.07125 0.03383333 0.1425
0 0.45583333 0.17775 0.024 0.3075
0 0.40075 0.265 0.00616667 0.1145
0 0.37416667 0.657125 0.118 0.11875
0 0.37191667 0.6225 0.05316667 0.06
0 0.24183333 0.62375 0.24766667 0.193
0 0.18283333 0.6225 0.126 0.0785
0 0.18108333 0.679125 0.11883333 0.08775
0 0.26633333 0.72025 0.08166667 0.
0 0.31375 0.70975 0.05416667 0.04
0 0.22233333 0.76425 0.031 0.064
0 0.14641667 0.75625 0.05683333 0.072
0 0.04133333 0.77625 0.05233333 0.048
0 0.0395 0.797625 0.04 0.03725
0 0.05016667 0.93 0.10033333 0.1025
0 0.1735 0.46875 0.024 0.104
0 0.14291667 0.47875 0.0105 0.0705
0 0.44741667 0.92475 0.03183333 0.137
0 0.573 0.952 0.06466667 0.08
0 0.64091667 0.384125 0.04616667 0.09175
0 0.6405 0.344875 0.06666667 0.11725
0 0.95183333 0.0565 0.09633333 0.044
0 0.97266667 0.09725 0.05466667 0.0265
0 0.75233333 0.09925 0.12 0.028
0 0.39641667 0.492 0.00616667 0.2385
