0 0.08975 0.336625 0.07516667 0.06275
0 0.35175 0.178875 0.2025 0.03725
0 0.36916667 0.15075 0.106 0.0295
0 0.52775 0.407 0.2675 0.355
0 0.447 0.36025 0.18633333 0.259
0 0.41708333 0.394875 0.15383333 0.18225
0 0.40291667 0.428875 0.09316667 0.10125
0 0.57858333 0.428875 0.23416667 0.29625
0 0.74358333 0.63275 0.0905 0.0295
0 0.69525 0.591625 0.02816667 0.08325
0 0.80091667 0.123125 0.05983333 0.03575
0 0.81408333 0.223625 0.02983333 0.19875
0 0.95858333 0.010375 0.0555 0.01025
0 0.85475 0.257625 0.00683333 0.12825
