0 0.81325 0.582625 0.07083333 0.22175
0 0.72133333 0.81725 0.09566667 0.227
0 0.98333333 0.90775 0.03333333 0.0795
0 0.85725 0.656375 0.02916667 0.09225
0 0.96875 0.068 0.04016667 0.136
0 0.83466667 0.04225 0.018 0.0845
0 0.76625 0.059625 0.03516667 0.11925
0 0.77566667 0.105125 0.02133333 0.07175
0 0.73891667 0.211625 0.0795 0.00775
0 0.67525 0.15825 0.0735 0.1115
0 0.44741667 0.18775 0.0965 0.132
0 0.39616667 0.39225 0.129 0.195
0 0.35041667 0.343 0.06483333 0.068
0 0.35 0.3935 0.141 0.1795
0 0.703 0.407 0.03 0.1705
0 0.69575 0.57125 0.00516667 0.1115
0 0.71158333 0.614125 0.01283333 0.05625
0 0.76541667 0.5935 0.0095 0.218
0 0.78291667 0.4135 0.0325 0.204
0 0.67141667 0.840375 0.0025 0.05525
0 0.67225 0.70575 0.01616667 0.191
0 0.68291667 0.537125 0.00183333 0.09475
0 0.68975 0.387125 0.02216667 0.17425
