0 0.79316667 0.459625 0.16066667 0.30125
0 0.78725 0.64675 0.0735 0.15
0 0.08758333 0.6475 0.17516667 0.0615
0 0.0145 0.9185 0.029 0.068
0 0.06116667 0.78525 0.08466667 0.1345
0 0.36491667 0.62625 0.12983333 0.0835
0 0.47441667 0.733375 0.18116667 0.11025
0 0.62741667 0.473125 0.10083333 0.06925
0 0.68758333 0.409625 0.05383333 0.09625
0 0.63291667 0.522375 0.24883333 0.24225
0 0.841 0.64875 0.23933333 0.5
0 0.84608333 0.718625 0.08716667 0.21925
0 0.976 0.44675 0.03933333 0.15
0 0.08291667 0.344125 0.10083333 0.03975
0 0.26241667 0.673125 0.14883333 0.03075
0 0.11575 0.705125 0.08116667 0.07925
0 0.52008333 0.878875 0.10183333 0.17575
0 0.37991667 0.43525 0.15983333 0.155
