0 0.34525 0.805125 0.11116667 0.08475
0 0.24791667 0.712125 0.08716667 0.06275
0 0.09658333 0.66025 0.10583333 0.077
0 0.1355 0.6025 0.06233333 0.059
0 0.36791667 0.258875 0.05716667 0.11025
0 0.38716667 0.241625 0.10933333 0.23475
0 0.70258333 0.81025 0.15716667 0.3665
0 0.556 0.5365 0.12733333 0.1935
0 0.56241667 0.609625 0.10416667 0.19625
0 0.75641667 0.801875 0.23083333 0.38575
0 0.49783333 0.876875 0.27433333 0.18475
0 0.432 0.940375 0.047 0.10125
0 0.38291667 0.966 0.02383333 0.068
0 0.28425 0.909625 0.10516667 0.05525
0 0.19141667 0.9 0.27683333 0.1925
0 0.02225 0.765375 0.0445 0.04375
0 0.01883333 0.853875 0.03766667 0.04625
0 0.08208333 0.922375 0.16416667 0.00375
0 0.28458333 0.089125 0.0905 0.17825
0 0.32008333 0.06025 0.06416667 0.1205
0 0.60941667 0.755875 0.20683333 0.36025
0 0.62566667 0.851375 0.12133333 0.28975
