0 0.77716667 0.11325 0.118 0.221
0 0.75633333 0.209 0.048 0.08
0 0.9365 0.093125 0.03733333 0.04525
0 0.9325 0.3835 0.11633333 0.0215
0 0.97491667 0.376125 0.05016667 0.01475
0 0.91075 0.408125 0.08516667 0.02525
0 0.71858333 0.40875 0.08783333 0.149
0 0.04483333 0.25575 0.04166667 0.1065
0 0.01508333 0.154375 0.03016667 0.06925
0 0.48066667 0.193 0.09133333 0.072
0 0.6675 0.0445 0.174 0.004
0 0.93341667 0.83625 0.04883333 0.0105
0 0.93791667 0.17175 0.08783333 0.096
0 0.9505 0.223625 0.099 0.10925
0 0.86333333 0.032625 0.02933333 0.06525
