0 0.19233333 0.228875 0.03933333 0.06275
0 0.14916667 0.09225 0.023 0.064
0 0.041 0.16025 0.082 0.241
0 0.10941667 0.330125 0.0325 0.11175
0 0.12866667 0.330125 0.07266667 0.19875
0 0.1795 0.349375 0.04433333 0.03225
0 0.16241667 0.310875 0.00516667 0.06775
0 0.19741667 0.522375 0.06316667 0.05525
0 0.16966667 0.583375 0.088 0.08725
0 0.05641667 0.657125 0.0905 0.05775
0 0.04358333 0.711 0.0735 0.0705
0 0.20083333 0.625625 0.229 0.21775
0 0.20041667 0.67375 0.1905 0.1935
0 0.403 0.746125 0.076 0.08975
0 0.43425 0.758375 0.04783333 0.06525
0 0.34533333 0.85575 0.04266667 0.055
0 0.288 0.952625 0.05133333 0.07425
0 0.62733333 0.462875 0.04966667 0.08725
0 0.44825 0.4 0.0385 0.054
0 0.4705 0.262125 0.05566667 0.06525
0 0.52733333 0.1815 0.036 0.0525
0 0.56708333 0.062125 0.04016667 0.08075
0 0.60475 0.035875 0.04016667 0.07175
0 0.46833333 0.18975 0.16233333 0.259
0 0.32558333 0.249375 0.0735 0.10125
0 0.23716667 0.21025 0.052 0.072
0 0.37783333 0.368 0.13166667 0.1975
0 0.40725 0.468625 0.11716667 0.15525
0 0.744 0.094875 0.12566667 0.08975
0 0.85425 0.059 0.1085 0.118
0 0.82991667 0.03975 0.0735 0.0795
0 0.90683333 0.033375 0.082 0.02825
0 0.806 0.0225 0.029 0.032
0 0.73291667 0.03725 0.10683333 0.059
0 0.90683333 0.174375 0.07 0.05625
0 0.91325 0.146875 0.0385 0.04225
0 0.85933333 0.183375 0.06066667 0.03575
0 0.944 0.23525 0.112 0.0245
0 0.80341667 0.296875 0.21383333 0.03975
0 0.83116667 0.316 0.288 0.05
0 0.771 0.365375 0.17266667 0.02575
0 0.644 0.5635 0.08966667 0.1345
0 0.61616667 0.5705 0.06666667 0.0975
0 0.76233333 0.221125 0.041 0.06525
0 0.285 0.2475 0.04366667 0.0565
0 0.21066667 0.484 0.00266667 0.027
0 0.13675 0.17375 0.02383333 0.2115
0 0.49533333 0.321125 0.02133333 0.04725
0 0.459 0.30575 0.094 0.114
