0 0.36708333 0.0705 0.08116667 0.118
0 0.34275 0.087125 0.1025 0.17425
0 0.2645 0.066 0.08633333 0.132
0 0.19483333 0.059 0.053 0.118
0 0.37225 0.3545 0.06416667 0.091
0 0.0235 0.482 0.047 0.0155
0 0.77391667 0.78075 0.02983333 0.059
0 0.74183333 0.78725 0.06666667 0.0615
0 0.93508333 0.957125 0.08716667 0.03725
0 0.9735 0.894875 0.053 0.03575
0 0.9825 0.8685 0.035 0.05
0 0.78933333 0.35 0.04866667 0.0075
0 0.78458333 0.2045 0.0495 0.0475
0 0.74566667 0.17825 0.035 0.1025
0 0.5585 0.098 0.006 0.191
0 0.39183333 0.799375 0.006 0.05525
