0 0.59925 0.514625 0.0835 0.02275
0 0.71233333 0.512625 0.063 0.05325
0 0.69991667 0.53925 0.0755 0.0505
0 0.68933333 0.876875 0.063 0.24625
0 0.65641667 0.888875 0.06483333 0.22225
0 0.3315 0.448625 0.17666667 0.05325
0 0.45541667 0.44075 0.2965 0.088
0 0.41016667 0.44875 0.261 0.08
0 0.86325 0.5885 0.0985 0.
0 0.83708333 0.51925 0.2095 0.0345
0 0.17183333 0.842875 0.17133333 0.14625
0 0.2805 0.967375 0.05866667 0.06525
0 0.11408333 0.856125 0.0755 0.10125
0 0.06658333 0.761 0.0265 0.052
0 0.1465 0.959375 0.07466667 0.08125
0 0.26058333 0.694375 0.08616667 0.16375
0 0.10966667 0.723 0.024 0.0585
0 0.39016667 0.92475 0.07533333 0.121
