0 0.85466667 0.521875 0.06333333 0.03325
0 0.95475 0.598125 0.04783333 0.04225
0 0.74616667 0.535875 0.159 0.04375
0 0.78416667 0.575 0.10333333 0.063
0 0.72433333 0.43725 0.07266667 0.023
0 0.62991667 0.418 0.07683333 0.0255
0 0.58716667 0.45375 0.05633333 0.018
0 0.55641667 0.487875 0.11783333 0.00125
0 0.17566667 0.5975 0.035 0.164
0 0.174 0.687875 0.03333333 0.16525
0 0.141 0.707625 0.01366667 0.13075
0 0.13416667 0.50075 0.05633333 0.191
0 0.159 0.3295 0.029 0.105
0 0.98716667 0.716 0.02566667 0.0115
0 0.14316667 0.959 0.02133333 0.082
