0 0.74966667 0.745625 0.06466667 0.38075
0 0.51 0.874125 0.16233333 0.00925
0 0.11891667 0.70175 0.23783333 0.109
0 0.04258333 0.567875 0.08516667 0.04925
0 0.3475 0.27225 0.11633333 0.0385
0 0.36658333 0.227125 0.13316667 0.03325
0 0.23166667 0.153125 0.11366667 0.09075
0 0.13933333 0.093875 0.09233333 0.04375
0 0.209 0.024 0.079 0.016
0 0.35641667 0.18975 0.12516667 0.0335
0 0.25075 0.93075 0.0205 0.1385
0 0.25075 0.83625 0.02583333 0.0665
0 0.22141667 0.828875 0.03816667 0.08125
0 0.213 0.921375 0.016 0.14925
