0 0.53525 0.3355 0.00716667 0.104
0 0.40741667 0.3475 0.0515 0.088
0 0.28008333 0.38875 0.07183333 0.0985
0 0.28091667 0.424875 0.04883333 0.06925
0 0.31958333 0.454 0.03016667 0.048
0 0.06566667 0.52525 0.02666667 0.43
0 0.08383333 0.929375 0.00266667 0.14125
0 0.15408333 0.96875 0.0595 0.036
0 0.01958333 0.87425 0.02483333 0.249
0 0.00266667 0.66975 0.00166667 0.1145
0 0.74616667 0.60725 0.04 0.189
0 0.72483333 0.461375 0.01333333 0.07075
0 0.81275 0.55525 0.07016667 0.093
0 0.82066667 0.621875 0.09133333 0.09325
0 0.97066667 0.590625 0.05233333 0.08125
0 0.83533333 0.800875 0.032 0.09975
0 0.9745 0.766375 0.051 0.08925
0 0.94366667 0.975375 0.05866667 0.04925
0 0.71191667 0.62325 0.0195 0.1785
0 0.719 0.751625 0.00533333 0.12925
0 0.69816667 0.70775 0.001 0.108
0 0.68483333 0.617875 0.02933333 0.11975
0 0.65291667 0.486625 0.02383333 0.13725
0 0.59741667 0.538 0.0195 0.157
0 0.64316667 0.73775 0.05766667 0.1065
0 0.60408333 0.91875 0.08616667 0.1625
0 0.546 0.97275 0.02133333 0.0545
0 0.577 0.8555 0.05666667 0.076
0 0.57525 0.82225 0.05683333 0.068
0 0.48025 0.912875 0.05683333 0.09725
0 0.68483333 0.0845 0.10566667 0.153
0 0.664 0.02525 0.03366667 0.0505
0 0.90058333 0.151125 0.0185 0.07575
0 0.97066667 0.1145 0.02933333 0.0825
0 0.58816667 0.66575 0.008 0.1225
0 0.05908333 0.03325 0.0115 0.0665
0 0.11625 0.107875 0.01416667 0.11175
0 0.12866667 0.1505 0.01066667 0.117
0 0.28716667 0.633875 0.111 0.33825
0 0.31958333 0.6585 0.12616667 0.353
0 0.6645 0.18775 0.01333333 0.0505
0 0.684 0.159125 0.01866667 0.05725
