0 0.23608333 0.665125 0.02483333 0.21425
0 0.12908333 0.43 0.1305 0.1065
0 0.099 0.799625 0.157 0.29975
0 0.07058333 0.910875 0.1395 0.16775
0 0.3555 0.6765 0.134 0.056
0 0.48333333 0.588625 0.30633333 0.05325
0 0.55391667 0.686375 0.12416667 0.00675
0 0.63908333 0.728375 0.11716667 0.00275
0 0.67866667 0.477375 0.143 0.05475
0 0.498 0.419375 0.31066667 0.09325
0 0.8305 0.386875 0.31333333 0.04125
0 0.59608333 0.398875 0.46083333 0.12375
0 0.01816667 0.953375 0.03633333 0.04275
0 0.39683333 0.604625 0.09933333 0.02925
0 0.04041667 0.3575 0.0505 0.0545
0 0.21258333 0.912125 0.0045 0.04775
