0 0.96541667 0.916 0.06916667 0.009
0 0.98208333 0.568625 0.03583333 0.05775
0 0.86325 0.36475 0.0855 0.0245
0 0.85766667 0.293625 0.064 0.00525
0 0.87433333 0.273125 0.07 0.01525
0 0.91916667 0.091625 0.03333333 0.18325
0 0.91158333 0.22625 0.01283333 0.063
0 0.55858333 0.11225 0.02483333 0.0525
0 0.51541667 0.148125 0.04616667 0.11925
0 0.45258333 0.094875 0.0675 0.18975
0 0.41791667 0.064125 0.03416667 0.12825
0 0.40208333 0.085875 0.0555 0.17175
0 0.33758333 0.219875 0.03416667 0.28075
0 0.44316667 0.331375 0.06766667 0.01925
0 0.38166667 0.323 0.1 0.0025
0 0.25941667 0.157125 0.01616667 0.16025
0 0.23841667 0.19875 0.00516667 0.064
0 0.20858333 0.043 0.01016667 0.086
0 0.05641667 0.175 0.05483333 0.0115
0 0.07008333 0.28725 0.08216667 0.064
0 0.21275 0.57625 0.00683333 0.091
0 0.212 0.426375 0.01033333 0.09875
0 0.19608333 0.755125 0.01283333 0.20775
0 0.19916667 0.910875 0.024 0.17825
0 0.13166667 0.925 0.02566667 0.15
0 0.485 0.892875 0.08633333 0.00125
0 0.48758333 0.927625 0.0265 0.00125
0 0.75558333 0.763375 0.1265 0.01925
0 0.9735 0.967375 0.053 0.00125
0 0.818 0.905875 0.05133333 0.01925
0 0.66583333 0.716 0.06833333 0.0115
0 0.1355 0.109 0.018 0.0845
0 0.115 0.116125 0.018 0.06025
0 0.09741667 0.12825 0.01716667 0.064
