0 0.22991667 0.65375 0.13483333 0.016
0 0.31241667 0.6565 0.07816667 0.0185
0 0.32358333 0.799625 0.10216667 0.00675
0 0.13008333 0.75625 0.04883333 0.0905
0 0.09183333 0.743 0.01866667 0.0455
0 0.13716667 0.8495 0.127 0.008
0 0.047 0.783625 0.09233333 0.01975
0 0.27566667 0.77625 0.02933333 0.056
0 0.50775 0.047875 0.0265 0.09575
0 0.90858333 0.9135 0.08616667 0.0585
0 0.95808333 0.93475 0.08383333 0.04
0 0.97933333 0.878875 0.04133333 0.00275
0 0.94208333 0.676375 0.11583333 0.01075
0 0.55525 0.829625 0.03116667 0.14125
