0 0.05858333 0.417375 0.02316667 0.10775
0 0.0395 0.1685 0.07733333 0.337
0 0.02041667 0.1405 0.04083333 0.1985
0 0.80425 0.635125 0.08516667 0.20525
0 0.6405 0.165125 0.07533333 0.15975
0 0.62316667 0.05925 0.07266667 0.1185
0 0.79316667 0.42275 0.111 0.281
0 0.86416667 0.47675 0.031 0.072
0 0.86416667 0.803 0.04533333 0.1065
0 0.98958333 0.814875 0.02083333 0.06125
0 0.85883333 0.94475 0.10566667 0.1105
0 0.739 0.7915 0.12333333 0.1425
0 0.71191667 0.858125 0.14916667 0.17175
0 0.72608333 0.916125 0.12783333 0.16775
0 0.63825 0.743 0.0835 0.104
0 0.64758333 0.23175 0.02383333 0.072
