0 0.4235 0.161 0.02833333 0.109
0 0.38075 0.3955 0.02816667 0.0935
0 0.63841667 0.729375 0.05816667 0.11025
0 0.7265 0.9135 0.041 0.073
0 0.27225 0.512875 0.01116667 0.05375
0 0.20591667 0.539125 0.00683333 0.08075
0 0.27866667 0.026875 0.00166667 0.05375
0 0.70766667 0.527625 0.01366667 0.07825
0 0.6415 0.555125 0.047 0.13575
0 0.64533333 0.466 0.053 0.191
0 0.6675 0.255125 0.01533333 0.12575
0 0.67225 0.3365 0.00416667 0.1295
0 0.71758333 0.4045 0.01283333 0.0705
0 0.72908333 0.427625 0.0155 0.06275
