0 0.56625 0.808375 0.11016667 0.00125
0 0.48633333 0.875625 0.13 0.00775
0 0.03675 0.473 0.05116667 0.1615
0 0.03375 0.136625 0.0675 0.06275
0 0.27091667 0.1975 0.05816667 0.041
0 0.32266667 0.185875 0.07433333 0.01025
0 0.5945 0.3435 0.165 0.0615
0 0.7735 0.453125 0.23933333 0.07825
0 0.915 0.59425 0.06233333 0.0245
0 0.97566667 0.649375 0.04866667 0.01925
0 0.50683333 0.60325 0.08366667 0.05
0 0.59491667 0.588375 0.1385 0.06925
0 0.77141667 0.51025 0.24016667 0.087
0 0.58375 0.519875 0.08716667 0.03725
