0 0.662 0.037125 0.16833333 0.06925
0 0.77566667 0.073125 0.10333333 0.01275
0 0.8005 0.245625 0.13933333 0.03975
0 0.88033333 0.30125 0.05133333 0.0155
0 0.84316667 0.35825 0.083 0.027
0 0.78425 0.360875 0.09483333 0.01425
0 0.02608333 0.68775 0.05216667 0.0065
0 0.303 0.049375 0.07433333 0.08575
0 0.42516667 0.123125 0.15133333 0.12825
0 0.85558333 0.19875 0.12483333 0.036
0 0.4145 0.283375 0.14866667 0.04375
0 0.53208333 0.28725 0.2145 0.018
0 0.7945 0.8635 0.059 0.127
0 0.76458333 0.943 0.02483333 0.1115
0 0.91491667 0.872375 0.17016667 0.14225
