0 0.79316667 0.666625 0.14533333 0.03575
0 0.72691667 0.79875 0.0845 0.0385
0 0.88291667 0.71925 0.11116667 0.054
0 0.92516667 0.66475 0.08633333 0.037
0 0.90125 0.57375 0.17516667 0.014
0 0.94791667 0.41275 0.07183333 0.0205
0 0.9705 0.24875 0.059 0.023
0 0.53933333 0.782625 0.123 0.08325
0 0.57775 0.838375 0.05816667 0.03075
0 0.4675 0.633375 0.09066667 0.17425
0 0.57391667 0.75 0.1685 0.105
0 0.66066667 0.758375 0.05466667 0.04475
0 0.6265 0.626875 0.22066667 0.00775
0 0.93508333 0.5045 0.0735 0.0525
