0 0.25216667 0.317625 0.02133333 0.20375
0 0.23083333 0.058625 0.01066667 0.11725
0 0.25566667 0.028 0.00166667 0.056
0 0.29783333 0.066625 0.00266667 0.13325
0 0.30675 0.431375 0.00983333 0.21575
0 0.25566667 0.502625 0.02133333 0.05725
0 0.37108333 0.53925 0.0585 0.2395
0 0.03375 0.558625 0.0515 0.18775
0 0.04083333 0.659875 0.04266667 0.13975
0 0.024 0.51125 0.048 0.205
0 0.7745 0.701125 0.10566667 0.09975
0 0.939 0.428125 0.122 0.11325
0 0.95941667 0.29425 0.08116667 0.072
0 0.84641667 0.066625 0.01516667 0.13325
0 0.90808333 0.01925 0.0125 0.0385
0 0.83441667 0.6285 0.31783333 0.213
0 0.48383333 0.201625 0.05866667 0.21175
0 0.50683333 0.234375 0.02833333 0.23975
0 0.44341667 0.239125 0.04716667 0.17975
0 0.32983333 0.37625 0.008 0.193
0 0.3325 0.1725 0.04166667 0.297
0 0.02533333 0.074625 0.04533333 0.14375
0 0.10433333 0.56125 0.07733333 0.065
0 0.08783333 0.68975 0.08166667 0.0345
0 0.11583333 0.705625 0.16066667 0.08525
0 0.08033333 0.759 0.104 0.048
0 0.08083333 0.785625 0.12066667 0.07175
0 0.08925 0.956 0.14116667 0.024
0 0.49441667 0.06125 0.0355 0.1225
0 0.38133333 0.349625 0.024 0.08125
0 0.03108333 0.22975 0.02483333 0.092
