0 0.25883333 0.233 0.15 0.2105
0 0.09408333 0.346875 0.0605 0.33175
0 0.44475 0.410875 0.08516667 0.02525
0 0.53708333 0.280875 0.0515 0.07725
0 0.30625 0.675125 0.03916667 0.08275
0 0.2885 0.675125 0.03733333 0.09575
0 0.2295 0.662375 0.03466667 0.10525
0 0.36575 0.727 0.08883333 0.096
0 0.47041667 0.073875 0.1225 0.14775
0 0.65075 0.079125 0.09583333 0.06525
0 0.70083333 0.15575 0.13933333 0.0985
0 0.59516667 0.1345 0.102 0.072
0 0.57308333 0.0985 0.04883333 0.04
0 0.56808333 0.13775 0.07283333 0.06
0 0.53258333 0.13975 0.11716667 0.0985
0 0.45891667 0.12325 0.02483333 0.052
