0 0.92458333 0.491375 0.0665 0.10925
0 0.68708333 0.85675 0.0585 0.1265
0 0.61875 0.951375 0.10483333 0.09725
0 0.47625 0.73975 0.01516667 0.1185
0 0.573 0.23375 0.03633333 0.1425
0 0.6245 0.049375 0.017 0.05325
0 0.57608333 0.28425 0.02483333 0.1025
0 0.65691667 0.31425 0.02316667 0.101
0 0.60941667 0.431375 0.10383333 0.41275
0 0.55883333 0.723625 0.00266667 0.24375
0 0.54283333 0.6345 0.033 0.273
0 0.53125 0.294875 0.02216667 0.14775
0 0.51625 0.296875 0.02216667 0.12775
0 0.54683333 0.1645 0.03033333 0.1
0 0.561 0.0905 0.016 0.0345
0 0.514 0.04525 0.02833333 0.0905
0 0.49408333 0.238375 0.04883333 0.07175
0 0.30266667 0.309625 0.35333333 0.22225
0 0.10383333 0.476 0.206 0.1505
0 0.08925 0.516 0.1785 0.105
0 0.19175 0.515375 0.31616667 0.21825
0 0.43141667 0.312875 0.03383333 0.02125
0 0.36433333 0.464 0.07366667 0.052
0 0.26225 0.52525 0.10383333 0.084
0 0.27383333 0.539875 0.102 0.07325
0 0.80958333 0.200375 0.1295 0.07325
0 0.8695 0.219 0.04 0.02
