0 0.6415 0.507 0.059 0.0115
0 0.68891667 0.540375 0.0495 0.01675
0 0.76966667 0.4595 0.136 0.1295
0 0.90641667 0.358375 0.1685 0.10375
0 0.97775 0.521125 0.0445 0.04725
0 0.76883333 0.773125 0.071 0.00525
0 0.70433333 0.77825 0.08033333 0.0205
0 0.66666667 0.65575 0.06333333 0.037
0 0.68158333 0.269875 0.1205 0.12675
0 0.1675 0.0865 0.13166667 0.173
0 0.58508333 0.9295 0.04016667 0.128
0 0.78591667 0.887125 0.10683333 0.14625
0 0.7385 0.911 0.09233333 0.109
0 0.91833333 0.04675 0.07266667 0.0935
0 0.74658333 0.053875 0.03683333 0.05125
0 0.52441667 0.2275 0.17516667 0.0065
