0 0.69275 0.243625 0.19583333 0.07175
0 0.6475 0.18525 0.194 0.0935
0 0.76491667 0.144875 0.0975 0.01025
0 0.56966667 0.176875 0.19066667 0.10775
0 0.51025 0.184 0.17783333 0.0935
0 0.37691667 0.32825 0.03583333 0.205
0 0.69791667 0.683375 0.14616667 0.02825
0 0.60508333 0.7225 0.05983333 0.068
0 0.35041667 0.821875 0.0445 0.09225
0 0.17183333 0.612875 0.02566667 0.04875
0 0.18033333 0.51275 0.10266667 0.036
0 0.7025 0.45125 0.12133333 0.0795
0 0.76583333 0.45 0.11966667 0.0795
0 0.76283333 0.402 0.24533333 0.132
0 0.93891667 0.530125 0.12216667 0.04725
0 0.83883333 0.671875 0.06066667 0.00775
0 0.51966667 0.952625 0.06333333 0.09475
