0 0.68291667 0.635875 0.01883333 0.06425
0 0.10516667 0.873125 0.17266667 0.23325
0 0.1585 0.45 0.09833333 0.054
0 0.1885 0.308375 0.141 0.02425
0 0.09741667 0.323625 0.0685 0.02175
0 0.30941667 0.31225 0.1555 0.05
0 0.34275 0.2865 0.11283333 0.0475
0 0.594 0.25575 0.06666667 0.1065
0 0.5885 0.218625 0.03666667 0.06025
0 0.64316667 0.3455 0.00766667 0.078
0 0.65466667 0.318 0.01366667 0.0435
0 0.65766667 0.11025 0.08633333 0.113
0 0.6645 0.06475 0.05033333 0.0755
0 0.83933333 0.21925 0.024 0.159
0 0.88633333 0.272375 0.029 0.15525
0 0.91025 0.296125 0.04116667 0.18475
0 0.96575 0.2595 0.03416667 0.1295
0 0.85258333 0.36725 0.08283333 0.127
0 0.6265 0.74875 0.01533333 0.0385
0 0.48925 0.412125 0.06583333 0.10125
0 0.047 0.071125 0.053 0.03975
0 0.956 0.73075 0.088 0.064
