0 0.68383333 0.45825 0.106 0.068
0 0.6645 0.42375 0.15133333 0.1165
0 0.70816667 0.425625 0.088 0.08475
0 0.76108333 0.523625 0.05216667 0.03975
0 0.86833333 0.76725 0.05133333 0.0475
0 0.98333333 0.935875 0.03333333 0.05125
0 0.959 0.968625 0.06833333 0.06275
0 0.815 0.802625 0.08466667 0.08725
0 0.60941667 0.5615 0.0855 0.059
0 0.65516667 0.522375 0.04533333 0.04475
0 0.57225 0.885875 0.06916667 0.02325
0 0.47091667 0.84425 0.07016667 0.0705
0 0.59566667 0.834 0.041 0.032
0 0.08841667 0.8795 0.08283333 0.0845
0 0.10341667 0.948 0.08383333 0.0935
0 0.0735 0.95775 0.036 0.059
0 0.062 0.965375 0.03 0.05875
0 0.0205 0.917875 0.03066667 0.07175
0 0.02133333 0.9615 0.04266667 0.046
0 0.36366667 0.380125 0.03 0.07825
0 0.05466667 0.534 0.05466667 0.037
0 0.01966667 0.563375 0.036 0.04225
0 0.11833333 0.556375 0.00433333 0.07425
0 0.54316667 0.043625 0.00266667 0.07175
0 0.62741667 0.658875 0.0205 0.03075
0 0.9795 0.8725 0.029 0.0345
