0 0.78116667 0.53075 0.05633333 0.041
0 0.96025 0.617875 0.0265 0.00775
0 0.96116667 0.639125 0.03333333 0.00625
0 0.93333333 0.8615 0.04966667 0.2335
0 0.92608333 0.95575 0.0095 0.0655
0 0.65808333 0.900625 0.0615 0.04475
0 0.65433333 0.923125 0.035 0.03075
0 0.67566667 0.7225 0.03333333 0.014
0 0.58591667 0.74675 0.1155 0.086
0 0.50558333 0.821125 0.06916667 0.08575
0 0.55083333 0.826875 0.035 0.06425
0 0.60516667 0.680125 0.14866667 0.13225
0 0.46366667 0.798625 0.064 0.08975
0 0.35641667 0.356375 0.02383333 0.12325
0 0.07091667 0.643625 0.00516667 0.09475
0 0.39183333 0.42175 0.088 0.1025
0 0.459 0.374375 0.082 0.01525
0 0.60683333 0.950625 0.106 0.09875
0 0.4555 0.732625 0. 0.07575
0 0.43158333 0.781375 0.01716667 0.07825
