0 0.95725 0.54675 0.0855 0.032
0 0.75933333 0.769875 0.07266667 0.00375
0 0.75683333 0.95575 0.20766667 0.068
0 0.838 0.952 0.035 0.0295
0 0.84191667 0.984 0.03583333 0.032
0 0.61883333 0.89625 0.13166667 0.1205
0 0.41758333 0.784625 0.08116667 0.01025
0 0.60725 0.45125 0.12916667 0.1
0 0.59266667 0.11475 0.11366667 0.055
0 0.62225 0.016 0.05816667 0.032
0 0.70383333 0.11275 0.14266667 0.0565
0 0.68933333 0.237125 0.03666667 0.05125
0 0.75258333 0.41025 0.13416667 0.0515
0 0.73116667 0.419875 0.08633333 0.04475
0 0.69908333 0.353875 0.04616667 0.00525
0 0.3205 0.8385 0.089 0.0025
0 0.26491667 0.81475 0.08716667 0.081
0 0.54908333 0.8045 0.08116667 0.0935
0 0.4975 0.823 0.053 0.
0 0.3765 0.971875 0.04866667 0.04875
0 0.88375 0.948 0.0565 0.032
0 0.96075 0.654375 0.0325 0.06025
0 0.68675 0.282625 0.02983333 0.03975
0 0.529 0.421125 0.041 0.02425
0 0.76416667 0.578125 0.02733333 0.02825
