0 0.65333333 0.356125 0.02666667 0.07325
0 0.8735 0.184375 0.00533333 0.23025
0 0.85391667 0.135875 0.0035 0.14125
0 0.84558333 0.277 0.0275 0.0905
0 0.56633333 0.04925 0.06566667 0.093
0 0.29733333 0.56 0.04266667 0.0785
0 0.249 0.737 0.047 0.1
0 0.18108333 0.613875 0.18983333 0.34875
0 0.04258333 0.534625 0.05316667 0.06275
0 0.0635 0.491375 0.07366667 0.12775
0 0.182 0.14775 0.13133333 0.1625
0 0.664 0.721 0.01766667 0.3635
0 0.88366667 0.6965 0.02566667 0.1145
0 0.97891667 0.661875 0.04216667 0.16775
0 0.83666667 0.112625 0.00433333 0.06525
0 0.542 0.02 0.01866667 0.04
0 0.12291667 0.1445 0.1535 0.1345
0 0.22725 0.249 0.08516667 0.1145
