0 0.58466667 0.387125 0.012 0.07175
0 0.64616667 0.22825 0.017 0.154
0 0.6 0.1115 0.03066667 0.223
0 0.57783333 0.040375 0. 0.07825
0 0.544 0.130875 0.018 0.23075
0 0.826 0.1045 0.07433333 0.209
0 0.135 0.934 0.13166667 0.0835
0 0.26583333 0.798125 0.31633333 0.11675
0 0.30816667 0.7565 0.182 0.0795
0 0.95516667 0.89425 0.08966667 0.196
0 0.98158333 0.942375 0.03683333 0.11025
0 0.94108333 0.856375 0.0325 0.09225
0 0.96625 0.033375 0.0675 0.00525
0 0.95683333 0.09175 0.08633333 0.0115
0 0.71108333 0.03525 0.08383333 0.019
