0 0.02841667 0.566625 0.05683333 0.03875
0 0.45716667 0.33825 0.00533333 0.1065
0 0.47308333 0.3795 0.02483333 0.133
0 0.49933333 0.335625 0.00633333 0.14375
0 0.522 0.29625 0. 0.116
0 0.85533333 0.799625 0.07366667 0.05475
0 0.42341667 0.702375 0.06216667 0.15825
0 0.48066667 0.5605 0.15366667 0.0905
0 0.6515 0.621125 0.09233333 0.04675
0 0.56358333 0.532375 0.09583333 0.05325
0 0.56358333 0.532375 0.09583333 0.05325
0 0.63916667 0.536 0.165 0.0545
0 0.67866667 0.8395 0.214 0.1185
0 0.56766667 0.8315 0.088 0.052
0 0.52108333 0.852875 0.06916667 0.05725
0 0.56191667 0.929375 0.0265 0.08525
0 0.63516667 0.966625 0.02933333 0.06125
0 0.4785 0.90275 0.06566667 0.1945
0 0.42558333 0.91475 0.0435 0.1225
0 0.38216667 0.42475 0.127 0.0425
0 0.81316667 0.832875 0.08 0.09175
