0 0.50341667 0.44425 0.02916667 0.0525
0 0.45041667 0.561 0.0495 0.0885
0 0.56925 0.91475 0.0975 0.055
0 0.61875 0.95325 0.0325 0.05
0 0.67308333 0.94425 0.0505 0.0165
0 0.60591667 0.809 0.14016667 0.0385
0 0.87308333 0.8365 0.19583333 0.027
0 0.96158333 0.47175 0.05983333 0.095
0 0.97525 0.537875 0.0495 0.07825
0 0.92225 0.348 0.1555 0.2475
0 0.91066667 0.112875 0.00266667 0.22575
0 0.95383333 0.181375 0.00166667 0.19875
0 0.96625 0.055125 0.00416667 0.10775
0 0.20816667 0.17825 0.006 0.082
0 0.29575 0.45 0.02916667 0.1435
0 0.30341667 0.37375 0.00683333 0.055
0 0.11616667 0.541 0.08033333 0.213
0 0.05725 0.736625 0.02383333 0.05775
0 0.07816667 0.772375 0.02133333 0.08075
0 0.55083333 0.757125 0.00933333 0.05775
