0 0.31116667 0.201875 0.06833333 0.07575
0 0.33116667 0.2315 0.06233333 0.0705
0 0.46925 0.116 0.07183333 0.045
0 0.17525 0.115375 0.12983333 0.09725
0 0.21241667 0.127625 0.20083333 0.15775
0 0.27816667 0.119875 0.312 0.23725
0 0.27391667 0.165375 0.29483333 0.24875
0 0.25558333 0.8365 0.15716667 0.0525
0 0.06583333 0.855125 0.07866667 0.02825
0 0.82175 0.308375 0.10516667 0.06025
0 0.86191667 0.851375 0.04016667 0.07175
0 0.82566667 0.95125 0.041 0.0975
0 0.9355 0.942875 0.03 0.10375
0 0.94316667 0.977625 0.02133333 0.04475
0 0.98158333 0.86925 0.03683333 0.0845
0 0.88541667 0.97375 0.02216667 0.0525
0 0.85383333 0.67625 0.13333333 0.204
0 0.88375 0.6725 0.04616667 0.05
0 0.75166667 0.78275 0.25733333 0.4345
0 0.803 0.6045 0.052 0.0835
0 0.69575 0.76925 0.11616667 0.2255
0 0.5945 0.941 0.02133333 0.0925
0 0.61666667 0.9 0.04033333 0.031
