0 0.33416667 0.90575 0.13333333 0.096
0 0.16325 0.809625 0.1265 0.08825
0 0.06533333 0.898 0.12566667 0.032
0 0.01841667 0.778875 0.03683333 0.02425
0 0.26616667 0.589625 0.247 0.31025
0 0.14233333 0.54675 0.09666667 0.1525
0 0.28416667 0.72375 0.07266667 0.091
0 0.34916667 0.824375 0.059 0.05375
0 0.54875 0.63075 0.01716667 0.123
0 0.738 0.757 0.03666667 0.3885
0 0.53083333 0.065375 0.02733333 0.13075
0 0.38975 0.66025 0.2325 0.287
0 0.91325 0.02375 0.03516667 0.0475
0 0.97183333 0.09875 0.05633333 0.059
