0 0.63733333 0.346875 0.27333333 0.12375
0 0.63691667 0.24625 0.30283333 0.1385
0 0.55533333 0.13775 0.237 0.076
0 0.69283333 0.38675 0.07366667 0.0705
0 0.96341667 0.761625 0.07316667 0.02675
0 0.57083333 0.920125 0.3 0.15975
0 0.55925 0.972 0.11016667 0.056
0 0.70175 0.967375 0.07183333 0.06525
0 0.54191667 0.816875 0.15716667 0.07325
0 0.59783333 0.84675 0.30633333 0.1305
0 0.61158333 0.733 0.21483333 0.0305
0 0.75275 0.416125 0.15083333 0.19825
0 0.64666667 0.499375 0.20333333 0.27175
0 0.44475 0.826875 0.1775 0.34625
0 0.31158333 0.89675 0.0905 0.169
0 0.28275 0.1545 0.08083333 0.008
0 0.233 0.224375 0.40033333 0.08925
0 0.24541667 0.727625 0.35416667 0.00675
