0 0.41758333 0.33525 0.19916667 0.355
0 0.51283333 0.915375 0.07866667 0.16925
0 0.55983333 0.87625 0.11266667 0.214
0 0.60208333 0.83525 0.04183333 0.0985
0 0.57775 0.939125 0.06316667 0.11425
0 0.58541667 0.949375 0.01883333 0.05775
0 0.63633333 0.91725 0.02133333 0.055
0 0.64783333 0.662875 0.01366667 0.08725
0 0.7 0.826875 0.03066667 0.22825
0 0.71966667 0.844875 0.01866667 0.19725
0 0.80941667 0.584 0.07183333 0.1575
0 0.75508333 0.646125 0.02483333 0.11275
0 0.79191667 0.168 0.0795 0.0255
0 0.4205 0.182 0.24266667 0.364
0 0.50683333 0.34625 0.07866667 0.1385
0 0.24441667 0.451875 0.02916667 0.09875
0 0.36883333 0.69425 0.12733333 0.2755
0 0.44658333 0.58975 0.0025 0.3205
0 0.4555 0.8475 0.012 0.1
0 0.4355 0.873125 0.01633333 0.08975
0 0.51533333 0.855125 0.159 0.28975
0 0.27266667 0.8435 0.03066667 0.282
0 0.29566667 0.909 0. 0.182
0 0.23841667 0.703125 0.01883333 0.23725
0 0.22225 0.928875 0.01016667 0.14225
0 0.33208333 0.427625 0.0435 0.15775
0 0.92691667 0.066 0.04016667 0.132
0 0.96408333 0.078875 0.04616667 0.13725
