0 0.14558333 0.706375 0.1385 0.02525
0 0.20291667 0.3155 0.03283333 0.1785
0 0.18641667 0.109125 0.01583333 0.11975
0 0.0635 0.232375 0.127 0.04925
0 0.03816667 0.103875 0.07633333 0.02125
0 0.03725 0.06325 0.0745 0.0255
0 0.099 0.8815 0.127 0.165
0 0.36083333 0.74175 0.00966667 0.1545
0 0.87616667 0.318875 0.07633333 0.14775
0 0.97758333 0.39675 0.04483333 0.064
0 0.94033333 0.482 0.11933333 0.12
0 0.96875 0.531875 0.0625 0.10525
0 0.76125 0.06325 0.0985 0.1105
0 0.58191667 0.301625 0.19616667 0.20125
0 0.42391667 0.119875 0.01516667 0.11175
0 0.46166667 0.0905 0.01066667 0.064
0 0.1185 0.362125 0.02566667 0.12775
0 0.05366667 0.4435 0.10733333 0.0905
