0 0.75683333 0.609 0.06233333 0.118
0 0.70083333 0.612875 0.07 0.12575
0 0.71458333 0.34875 0.10083333 0.2025
0 0.894 0.0955 0.082 0.132
0 0.92991667 0.2455 0.01016667 0.1065
0 0.86791667 0.33075 0.13583333 0.0745
0 0.81116667 0.423 0.12133333 0.059
0 0.93583333 0.7 0.10766667 0.059
0 0.86841667 0.850625 0.06316667 0.15525
0 0.72391667 0.865375 0.13516667 0.13325
0 0.60558333 0.927625 0.1035 0.08075
0 0.66666667 0.977625 0.06333333 0.04475
0 0.56625 0.741125 0.0265 0.07175
0 0.57608333 0.72175 0.03083333 0.077
0 0.54916667 0.742375 0.03166667 0.07175
0 0.46758333 0.58975 0.0735 0.123
0 0.45808333 0.617875 0.1025 0.19225
0 0.45466667 0.640375 0.09566667 0.18575
0 0.28158333 0.528875 0.0555 0.02675
0 0.37608333 0.077625 0.05483333 0.03975
0 0.47091667 0.132 0.04616667 0.0155
0 0.87908333 0.154375 0.0385 0.08075
