0 0.43333333 0.7115 0.029 0.0615
0 0.42308333 0.65575 0.0375 0.0935
0 0.41325 0.97375 0.04016667 0.0525
0 8.07250000e-01 8.90375000e-01 8.33333333e-04 2.01250000e-01
0 0.69958333 0.7865 0.01116667 0.2655
0 0.647 0.801375 0.02733333 0.17175
0 0.71925 0.69425 0.0145 0.1655
0 0.73625 0.699375 0.0265 0.29625
0 0.9885 0.526375 0.023 0.04225
0 0.92983333 0.311625 0.06666667 0.17175
0 0.93891667 0.282 0.04183333 0.0845
0 0.91366667 0.207 0.02233333 0.1295
0 0.83158333 0.2205 0.03416667 0.1515
0 0.93716667 0.52575 0.03166667 0.141
