0 0.5615 0.711625 0.118 0.11025
0 0.66883333 0.9205 0.088 0.154
0 0.73166667 0.901875 0.05466667 0.08075
0 0.72858333 0.840375 0.09483333 0.13725
0 0.82691667 0.433375 0.1205 0.02825
0 0.64575 0.399375 0.0845 0.10125
0 0.5765 0.505125 0.18733333 0.00525
0 0.40391667 0.268 0.10683333 0.182
0 0.33975 0.18775 0.11016667 0.327
0 0.1765 0.693 0.064 0.3245
0 0.194 0.794875 0.03933333 0.22325
0 0.23591667 0.59875 0.04283333 0.177
0 0.06191667 0.1705 0.06916667 0.118
0 0.31283333 0.92625 0.03766667 0.1475
0 0.335 0.913375 0.03766667 0.13725
0 0.47991667 0.934625 0.09483333 0.13075
0 0.3885 0.7615 0.07266667 0.1745
0 0.37091667 0.26275 0.0565 0.1
0 0.23158333 0.162125 0.04783333 0.13475
