0 0.53333333 0.38075 0.02233333 0.2745
0 0.5235 0.191 0.00266667 0.1615
0 0.60983333 0.0365 0.023 0.073
0 0.24566667 0.275625 0.047 0.12575
0 0.1885 0.202 0.088 0.068
0 0.20983333 0.315375 0.04366667 0.12825
0 0.15683333 0.237125 0.08466667 0.06925
0 0.18158333 0.339125 0.03683333 0.10125
0 0.13508333 0.266625 0.07516667 0.08475
0 0.24741667 0.04875 0.06416667 0.0615
0 0.162 0.1065 0.08466667 0.0975
0 0.21666667 0.68775 0.00433333 0.15
0 0.51575 0.918625 0.04016667 0.16275
0 0.45816667 0.87625 0.02733333 0.0885
0 0.44275 0.86225 0.01883333 0.073
0 0.84741667 0.49225 0.12216667 0.059
0 0.871 0.17625 0.253 0.0885
0 0.90558333 0.16675 0.18883333 0.0615
0 0.87183333 0.0455 0.077 0.0065
0 0.75983333 0.053875 0.08733333 0.02825
0 0.81408333 0.199375 0.23516667 0.06775
0 0.96841667 0.452 0.06316667 0.027
0 0.75175 0.5025 0.04183333 0.023
0 0.73716667 0.582 0.26933333 0.0615
0 0.57858333 0.641 0.03583333 0.013
0 0.34833333 0.17125 0.03333333 0.191
0 0.4145 0.083375 0.01533333 0.13075
0 0.19358333 0.028875 0.07083333 0.05775
0 0.30641667 0.18975 0.01283333 0.1335
0 0.29358333 0.07375 0.18216667 0.1475
