0 0.61966667 0.325 0.26666667 0.0395
0 0.65466667 0.3725 0.21366667 0.027
0 0.95425 0.2865 0.06583333 0.045
0 0.61666667 0.440375 0.27766667 0.03975
0 0.47866667 0.41475 0.07866667 0.009
0 0.32008333 0.442375 0.06916667 0.00775
0 0.52733333 0.741625 0.123 0.08075
0 0.61108333 0.74675 0.08716667 0.045
0 0.34183333 0.680125 0.06666667 0.02425
0 0.06883333 0.960875 0.00766667 0.07825
0 0.09741667 0.716 0.05983333 0.568
0 0.14275 0.146125 0.03583333 0.22325
0 0.07266667 0.137125 0.01033333 0.27425
0 0.70558333 0.021125 0.08283333 0.04225
0 0.0175 0.96025 0.035 0.0665
