0 0.67525 0.105125 0.00516667 0.21025
0 0.92183333 0.082 0.035 0.105
0 0.98633333 0.24425 0.02733333 0.086
0 0.98116667 0.399375 0.03766667 0.10625
0 0.03883333 0.780125 0.035 0.29875
0 0.03291667 0.5545 0.06583333 0.2295
0 0.41116667 0.2275 0.065 0.0885
0 0.36583333 0.201375 0.058 0.08975
0 0.31666667 0.062125 0.04533333 0.12425
0 0.26833333 0.075625 0.03933333 0.09225
0 0.55216667 0.044875 0.01533333 0.08975
0 0.52741667 0.448125 0.03416667 0.08575
0 0.56541667 0.549375 0.05383333 0.10375
0 0.45591667 0.512875 0.05383333 0.11025
