0 0.33825 0.852125 0.02316667 0.26375
0 0.30491667 0.941375 0.01683333 0.11175
0 0.36933333 0.793625 0.03366667 0.32225
0 0.42791667 0.9035 0.00183333 0.193
0 0.41458333 0.70775 0.0125 0.2065
0 0.403 0.91475 0.00166667 0.1705
0 0.45408333 0.8695 0.0045 0.173
0 0.49483333 0.81825 0.01333333 0.068
0 0.49708333 0.74975 0.01416667 0.1065
0 0.50908333 0.3775 0.0045 0.164
0 0.44383333 0.321625 0.02833333 0.08925
0 0.46116667 0.54125 0.001 0.1265
0 0.48025 0.540625 0.00183333 0.27975
0 0.4935 0.55725 0.01066667 0.153
