0 0.13891667 0.108375 0.27783333 0.17825
0 0.09783333 0.162125 0.10166667 0.07825
0 0.09833333 0.0295 0.09233333 0.059
0 0.04825 0.03275 0.09483333 0.0655
0 0.0145 0.0205 0.029 0.0155
0 0.76666667 0.558875 0.041 0.15125
0 0.8145 0.923125 0.017 0.15375
0 0.88283333 0.880125 0. 0.13725
0 0.11883333 0.83075 0.13666667 0.082
0 0.03891667 0.485375 0.07783333 0.23975
0 0.10558333 0.465375 0.05216667 0.26925
0 0.04525 0.64675 0.08883333 0.1755
0 0.47858333 0.905125 0.1795 0.15375
0 0.46283333 0.83975 0.17166667 0.136
