0 0.45725 0.600625 0.08216667 0.20125
0 0.35258333 0.66475 0.03683333 0.15
0 0.37266667 0.503875 0.082 0.32325
0 0.24016667 0.661625 0.04266667 0.04875
0 0.21325 0.950625 0.02316667 0.09875
0 0.11233333 0.928875 0.03333333 0.13975
0 0.04783333 0.64875 0.09566667 0.1745
0 0.091 0.074375 0.04533333 0.14875
0 0.27433333 0.325625 0.03766667 0.25625
0 0.19108333 0.73075 0.04016667 0.2615
0 0.232 0.528875 0.059 0.20375
0 0.82733333 0.632625 0.25133333 0.23725
0 0.88033333 0.489125 0.106 0.10375
0 0.80041667 0.496125 0.13083333 0.09725
0 0.67483333 0.09875 0.07266667 0.1975
0 0.56241667 0.064125 0.0375 0.12825
0 0.94483333 0.834 0.11033333 0.068
0 0.81408333 0.825625 0.1325 0.08725
0 0.96833333 0.731375 0.04266667 0.01925
0 0.1765 0.314125 0.011 0.06425
0 0.1555 0.332125 0.01366667 0.06675
0 0.31575 0.87625 0.01283333 0.0885
0 0.85816667 0.441 0.02733333 0.0565
0 0.80816667 0.304375 0.08633333 0.13975
