0 0.63758333 0.63525 0.08883333 0.045
0 0.68116667 0.705125 0.03933333 0.04375
0 0.86833333 0.6045 0.05633333 0.055
0 0.79108333 0.47825 0.01283333 0.146
0 0.80691667 0.35125 0.00683333 0.0335
0 0.81066667 0.261 0.018 0.05
0 0.85466667 0.317875 0.05466667 0.13325
0 0.77225 0.190375 0.0265 0.01925
0 0.68583333 0.18725 0.06066667 0.0975
0 0.618 0.11675 0.041 0.018
0 0.59141667 0.194875 0.07683333 0.09725
0 0.56966667 0.18075 0.06233333 0.0615
0 0.55 0.1705 0.02833333 0.0565
0 0.43333333 0.3795 0.14866667 0.2155
0 0.4555 0.3225 0.13333333 0.1935
0 0.53033333 0.310375 0.04866667 0.08975
0 0.609 0.25575 0.071 0.0935
0 0.48975 0.4365 0.15383333 0.2525
0 0.45083333 0.602625 0.03166667 0.06925
0 0.497 0.6385 0.05033333 0.059
0 0.56758333 0.72625 0.03416667 0.032
0 0.55216667 0.783375 0.05133333 0.04625
0 0.4585 0.66925 0.11533333 0.1615
0 0.4295 0.60775 0.03 0.0615
0 0.3765 0.6275 0.052 0.086
0 0.37091667 0.58975 0.02383333 0.023
0 0.37433333 0.53525 0.05133333 0.0835
0 0.3325 0.317375 0.01033333 0.08075
0 0.28591667 0.24675 0.00083333 0.1065
0 0.26833333 0.244125 0.00166667 0.11925
0 0.46583333 0.080125 0.04966667 0.03725
0 0.28375 0.753875 0.0445 0.06925
0 0.32308333 0.837125 0.0255 0.02575
0 0.29058333 0.984625 0.04283333 0.03075
0 0.1235 0.8795 0.054 0.087
0 0.43116667 0.84175 0.04866667 0.032
0 0.3735 0.846125 0.11266667 0.11525
0 0.42825 0.766625 0.03416667 0.04625
0 0.40091667 0.6975 0.0205 0.041
0 0.326 0.73275 0.01966667 0.0295
0 0.36408333 0.740375 0.0685 0.11175
0 0.38883333 0.741 0.053 0.077
0 0.40983333 0.890375 0.09133333 0.07575
0 0.33808333 0.931375 0.05383333 0.00625
0 0.44566667 0.928125 0.1 0.07175
0 0.71366667 0.825 0.03433333 0.0475
0 0.859 0.1635 0.029 0.055
