0 0.09491667 0.787125 0.01883333 0.08975
0 0.0265 0.714 0.03066667 0.1615
0 0.01666667 0.562875 0.02833333 0.10525
0 0.06283333 0.64175 0.05033333 0.109
0 0.09908333 0.75825 0.03416667 0.1525
0 0.18675 0.718625 0.08816667 0.14475
0 0.19483333 0.7685 0.077 0.15
0 0.22525 0.748125 0.0265 0.06275
0 0.462 0.617875 0.083 0.03325
0 0.50475 0.581375 0.0385 0.01925
0 0.54233333 0.49175 0.00433333 0.091
0 0.568 0.711625 0.018 0.11025
0 0.61833333 0.605875 0.00933333 0.08075
0 0.55166667 0.33525 0.023 0.0935
0 0.2265 0.250625 0.082 0.03475
0 0.67216667 0.10825 0.03166667 0.032
0 0.6735 0.446125 0.08533333 0.08475
0 0.71116667 0.440375 0.082 0.09625
0 0.77858333 0.385875 0.0735 0.03075
0 0.84916667 0.43775 0.22133333 0.173
0 0.75216667 0.473625 0.22566667 0.16025
0 0.49483333 0.550625 0.06666667 0.03975
0 0.9265 0.696125 0.041 0.08475
0 0.92141667 0.922375 0.05816667 0.15525
0 0.98758333 0.771125 0.02483333 0.05275
0 0.44016667 0.53075 0.06666667 0.0615
0 0.63083333 0.037125 0.03933333 0.07425
