0 0.60816667 0.21475 0.059 0.168
0 0.5735 0.087125 0.03433333 0.17425
0 0.63583333 0.146125 0.041 0.14875
0 0.19958333 0.201875 0.05383333 0.05525
0 0.15683333 0.21725 0.177 0.1885
0 0.08891667 0.914125 0.17783333 0.04375
0 0.03458333 0.869875 0.06916667 0.00875
0 0.09833333 0.953125 0.04266667 0.03725
0 0.21283333 0.898 0.029 0.009
0 0.65208333 0.483375 0.0325 0.09475
0 0.26666667 0.244875 0.036 0.02575
0 0.294 0.2885 0.04433333 0.0335
0 0.04741667 0.051875 0.04016667 0.04225
0 0.78416667 0.160875 0.158 0.15525
0 0.82691667 0.335875 0.13416667 0.12825
0 0.74275 0.169875 0.06483333 0.04475
