0 0.34358333 0.38975 0.1555 0.036
0 0.2735 0.28275 0.07166667 0.0525
0 0.30683333 0.1685 0.25633333 0.191
0 0.42783333 0.106375 0.10166667 0.07675
0 0.34016667 0.087125 0.13333333 0.08475
0 0.1795 0.187125 0.11966667 0.06925
0 0.24658333 0.152 0.05216667 0.009
0 0.27308333 0.13525 0.02983333 0.0425
0 0.16533333 0.694125 0.08633333 0.00125
0 0.44233333 0.456375 0.14433333 0.05625
0 0.57608333 0.421125 0.1675 0.03475
0 0.45733333 0.466625 0.041 0.02575
0 0.25691667 0.668 0.09316667 0.0155
0 0.106 0.661 0.06833333 0.009
0 0.05558333 0.636625 0.10416667 0.00125
0 0.0235 0.657125 0.047 0.00125
0 0.02608333 0.777625 0.05216667 0.00125
0 0.03116667 0.819875 0.06233333 0.06775
0 0.92441667 0.710875 0.08116667 0.10625
0 0.91791667 0.64875 0.08883333 0.164
0 0.553 0.759 0.06833333 0.013
0 0.30083333 0.5845 0.09733333 0.0205
0 0.52608333 0.236 0.0435 0.0205
0 0.57433333 0.134 0.09066667 0.086
0 0.86283333 0.8365 0.06066667 0.104
