0 0.46666667 0.81275 0.26833333 0.1795
0 0.35125 0.839125 0.05816667 0.02175
0 0.39866667 0.66275 0.09833333 0.077
0 0.51108333 0.707 0.0905 0.055
0 0.0795 0.421875 0.029 0.07175
0 0.52216667 0.5185 0.13333333 0.0475
0 0.35175 0.102 0.08283333 0.0885
0 0.28675 0.184 0.01283333 0.0475
0 0.238 0.159 0.06233333 0.018
0 0.79358333 0.028875 0.10683333 0.05775
0 0.69275 0.056375 0.2145 0.11275
0 0.59575 0.03525 0.07516667 0.037
0 0.38675 0.264125 0.05716667 0.02325
0 0.47858333 0.385875 0.2205 0.09475
0 0.67816667 0.43725 0.23166667 0.023
0 0.87008333 0.832625 0.0785 0.07575
0 0.24183333 0.585875 0.02733333 0.13575
