0 0.12566667 0.313 0.05766667 0.1305
0 0.06741667 0.3635 0.13316667 0.261
0 0.04083333 0.3615 0.08166667 0.169
0 0.20241667 0.508625 0.19716667 0.06675
0 0.61075 0.0785 0.0355 0.157
0 0.64225 0.066625 0.06116667 0.13325
0 0.57391667 0.038 0.02216667 0.076
0 0.55266667 0.218375 0.06833333 0.33025
0 0.94716667 0.5705 0.01766667 0.1585
0 0.83891667 0.927375 0.03016667 0.14525
0 0.84283333 0.745 0.01333333 0.156
0 0.71683333 0.68575 0.015 0.1465
0 0.70133333 0.95275 0.02666667 0.0945
0 0.53483333 0.51325 0.06133333 0.3475
0 0.9785 0.267 0.043 0.1345
0 0.063 0.64175 0.126 0.0345
