0 0.65725 0.415375 0.07183333 0.13575
0 0.55725 0.7295 0.08716667 0.
0 0.73633333 0.652 0.08466667 0.1295
0 0.89616667 0.40575 0.20766667 0.286
0 0.89533333 0.4545 0.059 0.1115
0 0.97816667 0.34175 0.04366667 0.05
0 0.64358333 0.834 0.05816667 0.096
0 0.72308333 0.737875 0.0735 0.07825
0 0.1085 0.86675 0.01533333 0.2025
0 0.05933333 0.947375 0.00766667 0.10525
0 0.73033333 0.102625 0.06566667 0.12575
0 0.86925 0.04925 0.0375 0.0705
0 0.82566667 0.04425 0.04433333 0.0885
0 0.91883333 0.943625 0.118 0.11275
0 0.85083333 0.899375 0.10333333 0.09875
0 0.81916667 0.896875 0.153 0.13975
0 0.79533333 0.94425 0.10166667 0.1115
