0 0.72558333 0.339125 0.00683333 0.25275
0 0.81966667 0.253875 0.005 0.28975
0 0.86408333 0.078875 0.0085 0.14725
0 0.82908333 0.024375 0.0085 0.04875
0 0.52866667 0.25 0.059 0.2435
0 0.61241667 0.4205 0.08983333 0.023
0 0.61275 0.451875 0.10083333 0.04225
0 0.62858333 0.486625 0.0675 0.00125
0 0.62133333 0.546875 0.077 0.01675
0 0.52733333 0.402625 0.036 0.20525
0 0.49016667 0.367375 0.04866667 0.21925
0 0.54441667 0.61725 0.0565 0.032
0 0.73633333 0.809625 0.01633333 0.14225
0 0.76916667 0.8475 0.041 0.182
0 0.86241667 0.947375 0.08383333 0.10525
0 0.64791667 0.916 0.11283333 0.0935
0 0.13758333 0.538375 0.14883333 0.16925
0 0.05133333 0.5045 0.08033333 0.0985
0 0.04183333 0.521125 0.06666667 0.04225
0 0.40041667 0.55325 0.08116667 0.05
0 0.28591667 0.19675 0.02483333 0.086
0 0.056 0.019875 0.02466667 0.03975
