0 0.43125 0.5 0.04183333 0.331
0 0.34316667 0.4685 0.03666667 0.3295
0 0.2915 0.6045 0.02566667 0.1885
0 0.27008333 0.50125 0.0255 0.154
0 0.47433333 0.09225 0.017 0.1845
0 0.45516667 0.048125 0.00766667 0.09625
0 0.78158333 0.34875 0.08283333 0.064
0 0.92566667 0.244875 0.14866667 0.09225
0 0.959 0.385875 0.082 0.06675
0 0.70216667 0.142875 0.09833333 0.00125
0 0.7645 0.071125 0.08466667 0.00625
0 0.76966667 0.482625 0.10333333 0.06025
0 0.85175 0.8455 0.1615 0.0655
0 0.95766667 0.8225 0.08466667 0.027
0 0.42525 0.762875 0.06416667 0.18475
0 0.45516667 0.715375 0.04866667 0.13575
0 0.03933333 0.81475 0.07866667 0.122
0 0.73758333 0.028875 0.1965 0.03475
