0 0.61925 0.2685 0.0315 0.1295
0 0.5675 0.133875 0.01533333 0.13975
0 0.54741667 0.1 0.01783333 0.1975
0 0.59783333 0.128875 0.018 0.11675
0 0.59958333 0.071875 0.01283333 0.07175
0 0.59658333 0.027625 0.0085 0.05525
0 0.95641667 0.293 0.08716667 0.1755
0 0.94233333 0.437125 0.11533333 0.16675
0 0.90808333 0.73275 0.1205 0.032
0 0.91283333 0.766125 0.10933333 0.01925
0 0.81708333 0.762125 0.15216667 0.03975
0 0.78675 0.725 0.04183333 0.0115
0 0.76966667 0.87175 0.07433333 0.0025
0 0.23075 0.736 0.14883333 0.0205
0 0.10766667 0.585875 0.01366667 0.06925
0 0.22308333 0.1455 0.03916667 0.1475
0 0.26025 0.15375 0.0435 0.1385
0 0.32308333 0.034 0.01883333 0.068
0 0.27825 0.231375 0.0555 0.18075
0 0.22525 0.448125 0.0435 0.14475
0 0.1675 0.541 0.094 0.264
0 0.01841667 0.1185 0.03683333 0.05
0 0.41966667 0.494875 0.04266667 0.27675
0 0.42433333 0.391 0.018 0.1435
0 0.38116667 0.1655 0.02733333 0.3
0 0.43975 0.284625 0.01616667 0.16925
0 0.47091667 0.4205 0.02916667 0.264
0 0.48591667 0.3795 0.01616667 0.264
0 0.50425 0.389125 0.0085 0.14475
0 0.4735 0.082 0.01866667 0.164
0 0.51841667 0.258375 0.00083333 0.13475
0 0.5825 0.33275 0.042 0.1525
0 0.6175 0.424375 0.006 0.16425
0 0.61491667 0.3365 0.01616667 0.0705
0 0.59358333 0.416625 0.01116667 0.07175
0 0.80733333 0.926875 0.06066667 0.03075
0 0.91583333 0.91475 0.035 0.091
