0 0.43075 0.302625 0.07016667 0.13075
0 0.32741667 0.153875 0.09916667 0.19475
0 0.303 0.148125 0.083 0.16025
0 0.397 0.365375 0.083 0.12575
0 0.48416667 0.337125 0.117 0.18725
0 0.63291667 0.555125 0.02483333 0.04625
0 0.57608333 0.619875 0.0375 0.02925
0 0.16616667 0.512125 0.08633333 0.13475
0 0.11583333 0.469875 0.05033333 0.06525
0 0.08466667 0.477 0.06666667 0.0795
0 0.08933333 0.530125 0.10866667 0.11175
0 0.18716667 0.617875 0.06166667 0.05375
0 0.0825 0.58525 0.07766667 0.104
0 0.04866667 0.574375 0.082 0.11025
0 0.17608333 0.90775 0.09916667 0.105
0 0.01966667 0.427625 0.03933333 0.03975
0 0.03116667 0.39425 0.06066667 0.0475
0 0.80941667 0.33775 0.0685 0.109
0 0.85466667 0.389125 0.053 0.01675
0 0.80775 0.217875 0.19483333 0.30775
0 0.9265 0.103875 0.065 0.08475
0 0.93208333 0.0635 0.0795 0.127
0 0.96758333 0.130125 0.0615 0.07075
0 0.98158333 0.13525 0.03683333 0.05
0 0.98075 0.169875 0.0385 0.06775
0 0.26325 0.14175 0.12983333 0.2525
0 0.30983333 0.255125 0.01633333 0.05375
0 0.23375 0.119875 0.04883333 0.10875
0 0.3615 0.92625 0.00166667 0.1475
0 0.34575 0.95575 0.0025 0.0885
0 0.47775 0.880875 0.0855 0.05125
0 0.61233333 0.716625 0.07433333 0.07425
0 0.63975 0.6295 0.01616667 0.028
0 0.7525 0.414125 0.06066667 0.08225
