0 0.35125 0.57375 0.3965 0.0165
0 0.6675 0.6205 0.17766667 0.005
0 0.75258333 0.69425 0.05216667 0.004
0 0.644 0.675625 0.1 0.00525
0 0.24491667 0.519875 0.17516667 0.01925
0 0.16833333 0.96475 0.19833333 0.0705
0 0.91325 0.81025 0.0845 0.0155
0 0.92525 0.6955 0.08983333 0.0115
0 0.89108333 0.6205 0.0915 0.0435
0 0.85 0.68525 0.042 0.1705
0 0.85516667 0.8135 0.03 0.1525
0 0.81625 0.783875 0.02216667 0.22175
0 0.79225 0.5705 0.0735 0.287
0 0.70216667 0.335875 0.13766667 0.25125
0 0.86791667 0.135875 0.1615 0.27175
