0 0.5335 0.23575 0.02133333 0.1385
0 0.59558333 0.06325 0.06216667 0.0225
0 0.75716667 0.041875 0.19533333 0.00675
0 0.73283333 0.512 0.095 0.1265
0 0.7825 0.546 0.18366667 0.293
0 0.60358333 0.6325 0.04083333 0.2555
0 0.5815 0.581875 0.04433333 0.18625
0 0.3835 0.5605 0.062 0.45
0 0.46158333 0.31225 0.0195 0.185
0 0.42525 0.568625 0.0195 0.16525
0 0.19933333 0.713125 0.00266667 0.09725
0 0.38925 0.063875 0.01316667 0.12775
0 0.73991667 0.767625 0.1535 0.36875
0 0.89033333 0.4135 0.09933333 0.4115
0 0.33066667 0.670375 0.02233333 0.10775
