0 0.49958333 0.40125 0.11716667 0.0025
0 0.60858333 0.277 0.15383333 0.0435
0 0.56966667 0.128125 0.124 0.06925
0 0.67475 0.041625 0.0795 0.08325
0 0.0855 0.925 0.041 0.15
0 0.04658333 0.865375 0.0625 0.26925
0 0.135 0.8725 0.03766667 0.0655
0 0.17691667 0.812875 0.0155 0.04625
0 0.87558333 0.782125 0.1085 0.09225
0 0.80341667 0.93775 0.07183333 0.086
0 0.96233333 0.682 0.053 0.1255
0 0.9085 0.28975 0.16066667 0.028
0 0.40258333 0.49675 0.07683333 0.2345
0 0.33508333 0.741625 0.04783333 0.24225
0 0.14275 0.317375 0.04283333 0.02175
