0 0.39958333 0.484 0.03516667 0.204
0 0.37483333 0.499375 0.06066667 0.45525
0 0.56066667 0.866125 0.08366667 0.06025
0 0.59525 0.7955 0.06583333 0.055
0 0.58508333 0.8795 0.06416667 0.0485
0 0.62775 0.8885 0.06916667 0.077
0 0.72991667 0.790375 0.10783333 0.10375
0 0.8205 0.711625 0.08033333 0.09225
0 0.86191667 0.687875 0.0675 0.07575
0 0.921 0.342375 0.07433333 0.08975
0 0.95558333 0.302 0.06316667 0.1115
0 0.98758333 0.311625 0.02483333 0.00775
0 0.97991667 0.885875 0.04016667 0.04375
0 0.7295 0.9545 0.00266667 0.091
