0 0.53541667 0.41675 0.0265 0.1385
0 0.44908333 0.259 0.0795 0.3975
0 0.44791667 0.32625 0.02216667 0.1345
0 0.42008333 0.190375 0.0315 0.13475
0 0.47258333 0.166 0.0325 0.1245
0 0.48125 0.16475 0.02216667 0.0475
0 0.48975 0.09875 0.01716667 0.095
0 0.471 0.028125 0.02566667 0.05125
0 0.55941667 0.339125 0.0675 0.35775
0 0.618 0.44175 0.02733333 0.109
0 0.58583333 0.652625 0.01966667 0.10525
0 0.56025 0.74675 0.08816667 0.414
0 0.57608333 0.925 0.03416667 0.1115
0 0.41841667 0.306375 0.10516667 0.51275
0 0.26241667 0.30825 0.1555 0.0115
0 0.70425 0.28525 0.11283333 0.0345
0 0.83975 0.315375 0.12216667 0.00525
0 0.91541667 0.29675 0.05816667 0.05
0 0.74016667 0.246875 0.18466667 0.07825
0 0.87991667 0.26275 0.14116667 0.036
0 0.31283333 0.03075 0.06666667 0.0615
0 0.3885 0.448 0.059 0.1295
0 0.4765 0.711625 0.03166667 0.08975
0 0.43041667 0.060875 0.0265 0.05525
