0 0.78075 0.733 0.0275 0.1665
0 0.75716667 0.719625 0.03733333 0.21175
0 0.83883333 0.46 0.06033333 0.153
0 0.4975 0.131125 0.17666667 0.26225
0 0.48825 0.261625 0.2095 0.33425
0 0.53175 0.852875 0.20783333 0.29425
0 0.52416667 0.908125 0.11633333 0.18375
0 0.56141667 0.892125 0.1465 0.21325
0 0.46916667 0.763 0.008 0.0825
0 0.49266667 0.72375 0.016 0.1
0 0.48866667 0.46675 0.01166667 0.313
0 0.27291667 0.28025 0.0595 0.1665
0 0.81175 0.040625 0.07016667 0.01475
0 0.68225 0.8835 0.07016667 0.1185
0 0.59166667 0.932125 0.07 0.10375
0 0.60366667 0.938125 0.02833333 0.05475
0 0.62983333 0.985375 0.01333333 0.02925
0 0.40391667 0.536625 0.1155 0.25025
0 0.31691667 0.830875 0.01416667 0.28775
0 0.29025 0.7955 0.04616667 0.3875
0 0.27116667 0.55525 0.03633333 0.2795
