0 0.72391667 0.3205 0.0615 0.282
0 0.6705 0.2135 0.03833333 0.2885
0 0.59783333 0.2365 0.08633333 0.109
0 0.54958333 0.187875 0.05483333 0.04475
0 0.51241667 0.159625 0.02983333 0.16275
0 0.34741667 0.266 0.03516667 0.1835
0 0.36283333 0.57625 0.00766667 0.155
0 0.038 0.72175 0.076 0.082
0 0.84191667 0.046125 0.07683333 0.08725
0 0.83675 0.10575 0.01016667 0.0935
0 0.83333333 0.187875 0.017 0.06025
0 0.84958333 0.444875 0.07183333 0.04125
0 0.894 0.4865 0.053 0.0755
0 0.59233333 0.11725 0.10266667 0.114
0 0.38158333 0.4545 0.0265 0.045
