0 0.76666667 0.466125 0.16566667 0.12175
0 0.81108333 0.55325 0.11616667 0.073
0 0.84658333 0.565375 0.09816667 0.08975
0 0.85391667 0.59425 0.11283333 0.1165
0 0.93716667 0.502625 0.124 0.22825
0 0.96541667 0.89175 0.06916667 0.132
0 0.56666667 0.798125 0.09233333 0.40375
0 0.39708333 0.691625 0.14616667 0.19375
0 0.31883333 0.450625 0.10433333 0.18825
0 0.29533333 0.272375 0.04866667 0.12425
0 0.24441667 0.399375 0.07016667 0.12675
0 0.15683333 0.2685 0.09133333 0.191
0 0.1615 0.182 0.041 0.1
0 0.17391667 0.144875 0.08283333 0.21275
0 0.18758333 0.030125 0.01783333 0.06025
0 0.20983333 0.031375 0.023 0.06275
0 0.097 0.46925 0.194 0.0205
0 0.05808333 0.617875 0.11616667 0.01025
0 0.01583333 0.682 0.03166667 0.005
0 0.08508333 0.8135 0.0915 0.373
0 0.17608333 0.8975 0.09916667 0.159
0 0.28758333 0.776875 0.15983333 0.11275
0 0.39958333 0.918625 0.18383333 0.16275
0 0.362 0.85125 0.12566667 0.113
0 0.206 0.592375 0.10766667 0.01025
0 0.27825 0.573125 0.06916667 0.03075
0 0.26325 0.543625 0.07016667 0.02575
0 0.5235 0.903875 0.03833333 0.16425
0 0.79108333 0.896875 0.08116667 0.12175
0 0.55041667 0.282 0.1315 0.182
0 0.63891667 0.122375 0.09483333 0.22425
0 0.63208333 0.066 0.0505 0.132
0 0.89316667 0.097375 0.01866667 0.19475
