0 0.69866667 0.625625 0.08466667 0.14375
0 0.79233333 0.387875 0.09566667 0.13975
0 0.9525 0.05325 0.07266667 0.1065
0 0.99183333 0.012875 0.00933333 0.02575
0 0.88591667 0.584 0.22316667 0.404
0 0.87008333 0.658375 0.1745 0.28575
0 0.63675 0.972375 0.03083333 0.05525
0 0.603 0.908375 0.08466667 0.18325
0 0.56708333 0.921125 0.06416667 0.15775
0 0.25516667 0.93275 0.07266667 0.027
0 0.24575 0.991 0.07616667 0.018
0 0.17308333 0.946125 0.10516667 0.00525
0 0.01241667 0.467875 0.02483333 0.06925
0 0.72008333 0.093625 0.19916667 0.07175
0 0.69233333 0.181375 0.311 0.17825
