0 0.56708333 0.639125 0.0675 0.05775
0 0.62816667 0.525625 0.094 0.08225
0 0.735 0.4315 0.065 0.0705
0 0.62816667 0.48975 0.188 0.1615
0 0.68033333 0.3385 0.10266667 0.1975
0 0.73975 0.296125 0.0505 0.10275
0 0.579 0.73275 0.206 0.227
0 0.179 0.12175 0.35466667 0.241
0 0.103 0.062875 0.11866667 0.07175
0 0.41366667 0.85 0.12466667 0.1615
0 0.83675 0.90125 0.08383333 0.118
0 0.9295 0.966 0.03833333 0.068
0 0.92525 0.201875 0.10683333 0.01925
0 0.73675 0.074375 0.09916667 0.07175
0 0.80816667 0.06275 0.15133333 0.1205
0 0.82433333 0.3 0.059 0.0485
0 0.46025 0.69425 0.04516667 0.091
