0 0.26191667 0.595875 0.08883333 0.07325
0 0.11625 0.511375 0.1385 0.11175
0 0.18908333 0.508625 0.0975 0.04525
0 0.399 0.807 0.111 0.0985
0 0.37591667 0.72775 0.03116667 0.06
0 0.56375 0.916125 0.10116667 0.16775
0 0.70175 0.83625 0.0525 0.0505
0 0.51575 0.546 0.1155 0.008
0 0.53708333 0.3875 0.05683333 0.016
0 0.66583333 0.225625 0.09766667 0.01725
0 0.72608333 0.4175 0.13316667 0.0225
0 0.64533333 0.43875 0.03366667 0.036
0 0.38925 0.191125 0.04516667 0.03075
0 0.34975 0.063875 0.03916667 0.06925
0 0.31241667 0.04925 0.0195 0.024
0 0.30716667 0.13175 0.04266667 0.0505
0 0.26541667 0.207 0.0425 0.052
0 0.22191667 0.03125 0.10116667 0.0625
0 0.45058333 0.02125 0.04883333 0.0425
0 0.52775 0.1265 0.12883333 0.072
0 0.30541667 0.39475 0.3445 0.0625
0 0.2845 0.358875 0.36133333 0.04375
0 0.332 0.454625 0.206 0.04925
0 0.29825 0.514 0.0675 0.008
0 0.46383333 0.735 0.04 0.136
0 0.46425 0.6085 0.03916667 0.064
0 0.43491667 0.583125 0.04616667 0.02125
0 0.22675 0.720375 0.21216667 0.19725
0 0.38175 0.8615 0.0515 0.0345
0 0.27516667 0.8195 0.20066667 0.1665
0 0.05416667 0.528 0.10833333 0.092
0 0.28766667 0.241 0.055 0.104
0 0.31691667 0.263 0.02316667 0.0865
0 0.368 0.247 0.063 0.0545
0 0.38391667 0.07725 0.0365 0.109
0 0.38925 0.02325 0.03116667 0.0465
0 0.93875 0.90475 0.03283333 0.1905
0 0.97383333 0.78625 0.04966667 0.0945
0 0.94358333 0.77025 0.04083333 0.169
0 0.98516667 0.84025 0.02966667 0.0745
0 0.96541667 0.92475 0.02583333 0.1505
0 0.85575 0.56525 0.0515 0.0015
0 0.336 0.531875 0.05233333 0.03325
