0 0.7515 0.1425 0.079 0.285
0 0.65608333 0.1185 0.02483333 0.237
0 0.73858333 0.300375 0.04783333 0.16375
0 0.72341667 0.3355 0.04083333 0.1225
0 0.81716667 0.164375 0.008 0.23575
0 0.91541667 0.117125 0.16916667 0.14375
0 0.526 0.259 0.072 0.345
0 0.53258333 0.32425 0.08516667 0.3315
0 0.296 0.275625 0.05766667 0.00525
0 0.22283333 0.24375 0.24866667 0.032
0 0.08433333 0.340875 0.16866667 0.01575
0 0.08075 0.200375 0.1615 0.16625
0 0.16466667 0.064625 0.13933333 0.12925
0 0.10166667 0.06525 0.13933333 0.1305
0 0.5805 0.042 0.02666667 0.084
0 0.103 0.382125 0.06933333 0.01325
0 0.18466667 0.4215 0.08166667 0.02
