0 0.80783333 0.500625 0.13666667 0.11725
0 0.83041667 0.5785 0.03116667 0.036
0 0.95333333 0.3675 0.06566667 0.128
0 0.84908333 0.157125 0.15183333 0.26375
0 0.80783333 0.11325 0.078 0.1545
0 0.74925 0.095875 0.0675 0.18125
0 0.593 0.263625 0.064 0.04525
0 0.21616667 0.410125 0.015 0.18625
0 0.15008333 0.466625 0.00883333 0.08925
0 0.4105 0.765 0.02933333 0.0945
0 0.44916667 0.876875 0.11533333 0.02275
0 0.46908333 0.9195 0.0595 0.012
0 0.35066667 0.717125 0.05333333 0.13975
0 2.20583333e-01 9.80750000e-01 8.33333333e-04 3.85000000e-02
0 0.20283333 0.971375 0.00433333 0.05725
0 0.46241667 0.553875 0.04083333 0.00525
0 0.45983333 0.531875 0.032 0.00925
0 0.45316667 0.455375 0.031 0.10125
0 0.42833333 0.386875 0.09866667 0.06525
0 0.372 0.127875 0.039 0.12775
0 0.34666667 0.140375 0.02566667 0.08925
0 0.49175 0.49725 0.0585 0.1505
0 0.52641667 0.539875 0.02316667 0.07325
0 0.59658333 0.671 0.0905 0.3675
0 0.577 0.53525 0.023 0.1385
0 0.59033333 0.556625 0.00533333 0.06925
0 0.59916667 0.852875 0.01233333 0.03575
0 0.58141667 0.815625 0.01783333 0.10525
0 0.54275 0.669 0.0435 0.1505
0 0.55608333 0.657125 0.0435 0.13425
0 0.49841667 0.67575 0.01683333 0.1505
