0 0.77541667 0.75625 0.04716667 0.0585
0 0.07325 0.725625 0.1465 0.14375
0 0.099 0.686375 0.08433333 0.06525
0 0.03816667 0.842875 0.07633333 0.08275
0 0.15141667 0.884125 0.04883333 0.02925
0 0.34358333 0.313 0.17583333 0.0985
0 0.43808333 0.436125 0.11616667 0.05475
0 0.549 0.267625 0.05066667 0.06675
0 0.478 0.228375 0.11633333 0.03875
0 0.24058333 0.17775 0.2805 0.177
0 0.0905 0.05925 0.071 0.1185
0 0.13141667 0.05725 0.03016667 0.0745
0 0.85533333 0.463375 0.056 0.03475
0 0.9125 0.36825 0.01066667 0.068
0 0.93166667 0.341625 0.00633333 0.05725
0 0.29425 0.78025 0.07716667 0.12
0 0.44916667 0.942 0.15266667 0.052
0 0.2405 0.760375 0.02133333 0.06125
0 0.31558333 0.152375 0.11983333 0.05725
