0 0.70683333 0.578125 0.053 0.24875
0 0.68375 0.652625 0.04783333 0.24875
0 0.53508333 0.889 0.02216667 0.05
0 0.53633333 0.785875 0.105 0.12325
0 0.59358333 0.77175 0.04516667 0.036
0 0.57608333 0.59175 0.08383333 0.027
0 0.4765 0.54625 0.03 0.0615
0 0.25 0.605125 0.13433333 0.07175
0 0.45683333 0.703875 0.19066667 0.04625
0 0.59358333 0.716 0.0915 0.0475
0 0.51666667 0.71475 0.04366667 0.0245
0 0.32266667 0.387125 0.06933333 0.11025
0 0.30433333 0.449375 0.14533333 0.20125
0 0.5825 0.66925 0.10166667 0.072
0 0.42783333 0.66725 0.23333333 0.0655
0 0.0265 0.18975 0.053 0.113
0 0.63208333 0.821125 0.01616667 0.03475
