0 0.62516667 0.487875 0.06066667 0.11925
0 0.60508333 0.481375 0.0735 0.14475
0 0.60983333 0.36675 0.064 0.0975
0 0.53758333 0.065375 0.08716667 0.10275
0 0.35 0.12625 0.04533333 0.0475
0 0.55166667 0.521125 0.1 0.09625
0 0.47866667 0.516 0.082 0.086
0 0.6795 0.6885 0.089 0.1255
0 0.90425 0.9135 0.14016667 0.1705
0 0.90516667 0.97175 0.04266667 0.0565
0 0.98458333 0.67875 0.03083333 0.009
0 0.96666667 0.71025 0.06666667 0.005
0 0.9735 0.33525 0.053 0.0425
0 0.95983333 0.1975 0.08033333 0.0205
0 0.253 0.335875 0.094 0.01775
0 0.1645 0.2525 0.076 0.018
0 0.08116667 0.22875 0.16233333 0.0115
0 0.03891667 0.315375 0.07783333 0.00275
0 0.09958333 0.178875 0.19916667 0.02675
0 0.20425 0.11925 0.15716667 0.0255
0 0.34491667 0.4865 0.1735 0.009
0 0.25558333 0.459625 0.0615 0.00625
0 0.43675 0.612875 0.21183333 0.05125
0 0.38633333 0.557625 0.09566667 0.01025
0 0.47733333 0.7185 0.00766667 0.1295
0 0.44316667 0.7775 0.00933333 0.2115
0 0.46108333 0.941 0.0265 0.118
0 0.38075 0.862125 0.0555 0.16275
0 0.21233333 0.871125 0.1 0.11425
0 0.27558333 0.910875 0.14616667 0.15275
0 0.16583333 0.776875 0.041 0.06925
0 0.20425 0.793 0.1145 0.1245
0 0.26325 0.807125 0.16583333 0.21925
0 0.3975 0.96725 0.07866667 0.0655
0 0.69016667 0.977625 0.02133333 0.04475
0 0.36925 0.405125 0.0495 0.08725
0 0.91616667 0.534 0.02733333 0.0065
0 0.97308333 0.518625 0.05216667 0.01425
0 0.82225 0.491625 0.0325 0.03975
0 0.96583333 0.042875 0.06833333 0.08075
0 0.97225 0.1135 0.0555 0.0655
0 0.24275 0.51975 0.1625 0.05
