0 0.92691667 0.386 0.14116667 0.0205
0 0.89783333 0.433375 0.10333333 0.00775
0 0.944 0.450625 0.112 0.00375
0 0.88933333 0.7635 0.02833333 0.155
0 0.776 0.466625 0.02733333 0.09225
0 0.75216667 0.494875 0.01033333 0.03825
0 0.72991667 0.51475 0.03583333 0.1165
0 0.79316667 0.821125 0.07 0.08575
0 0.57991667 0.871125 0.0625 0.09875
0 0.56191667 0.80575 0.04183333 0.037
0 0.69533333 0.96675 0.01966667 0.041
0 0.68033333 0.98075 0.01533333 0.0385
0 0.48291667 0.762125 0.15883333 0.39625
0 0.5115 0.737125 0.03 0.06925
0 0.36625 0.598 0.0435 0.109
0 0.56925 0.609 0.0565 0.136
0 0.61883333 0.7065 0.04966667 0.0205
0 0.3265 0.459 0.14533333 0.0335
0 0.26325 0.464 0.0325 0.
0 0.63083333 0.0635 0.03933333 0.0165
0 0.68891667 0.078875 0.07016667 0.03475
0 0.75516667 0.0795 0.09666667 0.0565
0 0.69016667 0.053875 0.07266667 0.00775
0 0.77866667 0.053875 0.10433333 0.03325
0 0.83766667 0.0775 0.053 0.0345
0 0.894 0.146125 0.053 0.06675
0 0.89833333 0.201375 0.05633333 0.07175
0 0.93208333 0.219125 0.0265 0.03075
0 0.83125 0.153875 0.0555 0.04625
0 0.83333333 0.191625 0.08533333 0.06025
0 0.77141667 0.17175 0.18716667 0.1255
0 0.68591667 0.344875 0.23516667 0.00275
0 0.64016667 0.291625 0.15033333 0.00125
0 0.64525 0.2635 0.16416667 0.0065
0 0.6735 0.39675 0.236 0.0345
0 0.58166667 0.919125 0.02133333 0.05125
0 0.47525 0.67625 0.01716667 0.0475
0 0.42566667 0.54675 0.11633333 0.045
0 0.335 0.525 0.16233333 0.0245
0 0.9825 0.066 0.035 0.068
