0 0.28583333 0.179125 0.048 0.10775
0 0.31916667 0.19975 0.05066667 0.1145
0 0.18025 0.29825 0.08516667 0.008
0 0.05816667 0.3015 0.09666667 0.02
0 0.04441667 0.402125 0.08883333 0.02375
0 0.20508333 0.8675 0.17216667 0.076
0 0.04883333 0.766375 0.09766667 0.09725
0 0.06433333 0.882125 0.12866667 0.05725
0 0.70308333 0.561875 0.1065 0.09575
0 0.90325 0.388875 0.10383333 0.10125
0 0.94033333 0.4175 0.11933333 0.1265
0 0.7665 0.6525 0.205 0.173
0 0.716 0.6385 0.08433333 0.068
0 0.39191667 0.850875 0.04516667 0.07175
0 0.11933333 0.457375 0.15533333 0.04375
0 0.22991667 0.4015 0.12083333 0.004
0 0.04525 0.805 0.0905 0.052
0 0.18908333 0.968625 0.1155 0.00925
