0 0.54741667 0.10125 0.26583333 0.2025
0 0.4 0.6135 0.01866667 0.055
0 0.44266667 0.5065 0.02733333 0.082
0 0.48116667 0.630875 0.04966667 0.05125
0 0.54916667 0.447375 0.018 0.05375
0 0.65175 0.438375 0.09316667 0.12825
0 0.73166667 0.3545 0.106 0.0835
0 0.55041667 0.894875 0.08716667 0.21025
0 0.41616667 0.7975 0.01366667 0.041
0 0.1525 0.7225 0.06066667 0.0295
0 0.17866667 0.432 0.024 0.1025
0 0.20775 0.412875 0.03416667 0.11525
0 0.18675 0.14425 0.05216667 0.063
0 0.91408333 0.832125 0.05216667 0.05125
0 0.65208333 0.662125 0.1145 0.03475
0 0.5355 0.712875 0.088 0.05375
0 0.05175 0.7615 0.1035 0.0205
0 0.79916667 0.0885 0.08033333 0.1335
0 0.61366667 0.107125 0.13 0.09625
