0 0.83641667 0.44875 0.32716667 0.0425
0 0.911 0.402125 0.178 0.02675
0 0.87483333 0.582 0.127 0.
0 0.474 0.566625 0.12066667 0.04125
0 0.21166667 0.920125 0.00266667 0.15975
0 0.01816667 0.878875 0.03633333 0.12525
0 0.56591667 0.22975 0.46616667 0.4595
0 0.62091667 0.241625 0.52283333 0.48325
0 0.77141667 0.177 0.30183333 0.285
0 0.54683333 0.382125 0.08533333 0.18925
0 0.49533333 0.398875 0.096 0.12925
0 0.91408333 0.205 0.17183333 0.1305
0 0.55791667 0.512 0.04883333 0.132
0 9.88416667e-01 7.12500000e-02 8.33333333e-04 1.42500000e-01
0 0.41858333 0.03525 0.05416667 0.0705
