0 0.61191667 0.294875 0.0855 0.12075
0 0.74575 0.11475 0.04183333 0.1575
0 0.72566667 0.08275 0.036 0.1655
0 0.85808333 0.36025 0.08383333 0.2335
0 0.94233333 0.633375 0.11533333 0.06925
0 0.93508333 0.680125 0.12983333 0.08075
0 0.95125 0.915375 0.0975 0.08225
0 0.53925 0.537875 0.09916667 0.13725
0 0.65858333 0.4025 0.13083333 0.141
0 0.6585 0.42825 0.06233333 0.077
0 0.70083333 0.861 0.10766667 0.191
0 0.4445 0.5815 0.17433333 0.2295
0 0.17691667 0.059 0.05983333 0.113
0 0.09566667 0.083375 0.06833333 0.16675
0 0.129 0.72175 0.00166667 0.0975
0 0.11108333 0.617375 0.04616667 0.14225
0 0.1145 0.73725 0.01366667 0.164
0 0.06966667 0.509 0.08466667 0.3385
0 0.03158333 0.457625 0.05983333 0.23075
0 0.04958333 0.66225 0.0615 0.2475
0 0.03375 0.652625 0.04183333 0.16925
0 0.0795 0.834625 0.029 0.14375
0 0.05558333 0.816 0.00516667 0.063
0 0.23891667 0.035875 0.0435 0.07175
0 0.48166667 0.343625 0.00433333 0.29225
0 0.50383333 0.30575 0.00433333 0.3345
0 0.52991667 0.2295 0.01383333 0.4435
0 0.55508333 0.2 0.00083333 0.3745
0 0.70766667 0.14675 0.017 0.0885
0 0.68375 0.09425 0.01016667 0.0575
0 0.65808333 0.0455 0.0205 0.0655
0 0.8795 0.9045 0.241 0.173
