0 0.715 0.9 0.26066667 0.2
0 0.62516667 0.915375 0.17866667 0.16925
0 0.90216667 0.565375 0.19066667 0.07675
0 0.7295 0.5435 0.08966667 0.059
0 0.07225 0.502625 0.10516667 0.07175
0 0.02525 0.401375 0.01616667 0.14875
0 0.09233333 0.1795 0.10266667 0.0565
0 0.08208333 0.143 0.12983333 0.1065
0 0.06925 0.04425 0.1025 0.0885
0 0.40725 0.250625 0.00083333 0.15775
0 0.43716667 0.24425 0.00266667 0.155
0 0.553 0.059625 0. 0.11925
0 0.6735 0.4975 0.09233333 0.2155
0 0.61325 0.5525 0.0795 0.2385
0 0.08633333 0.4 0.07866667 0.059
0 0.6055 0.12125 0.07266667 0.091
0 0.61108333 0.0385 0.1025 0.077
