0 0.83375 0.61025 0.16316667 0.0155
0 0.92266667 0.5865 0.141 0.009
0 0.9855 0.566 0.029 0.004
0 0.885 0.3185 0.11033333 0.0525
0 0.98458333 0.80125 0.03083333 0.0335
0 0.97908333 0.83075 0.04183333 0.059
0 0.96791667 0.8475 0.06416667 0.059
0 0.86883333 0.935875 0.00933333 0.12825
0 0.697 0.76725 0.11866667 0.014
0 0.77308333 0.71025 0.11183333 0.0075
0 0.60133333 0.66675 0.00766667 0.0795
0 0.50475 0.6525 0.06583333 0.0155
0 0.51791667 0.830125 0.0975 0.06775
0 0.42008333 0.667375 0.10683333 0.02425
0 0.54533333 0.37175 0.04966667 0.1615
