0 0.69283333 0.27425 0.14466667 0.157
0 0.613 0.07925 0.301 0.1585
0 0.55258333 0.011375 0.0275 0.02275
0 0.69508333 0.044625 0.13683333 0.08925
0 0.55525 0.336875 0.13216667 0.00275
0 0.57966667 0.244375 0.09933333 0.00125
0 0.88241667 0.522625 0.0835 0.14775
0 0.75683333 0.4495 0.063 0.036
0 0.76208333 0.579875 0.0915 0.15325
0 0.68533333 0.687125 0.09766667 0.11175
0 0.7115 0.74025 0.17833333 0.285
0 0.712 0.787 0.071 0.04
0 0.74475 0.745125 0.01783333 0.06525
0 0.66183333 0.86025 0.04166667 0.1225
0 0.61916667 0.94875 0.063 0.1025
0 0.16908333 0.58925 0.08083333 0.0865
0 0.22683333 0.453375 0.07366667 0.07325
0 0.37858333 0.345625 0.10916667 0.13975
0 0.3275 0.477375 0.13666667 0.15575
0 0.577 0.565875 0.05666667 0.01075
0 0.55216667 0.539875 0.04966667 0.01475
0 0.51533333 0.488625 0.205 0.01325
0 0.3755 0.545875 0.071 0.01075
0 0.36491667 0.581875 0.1385 0.02375
0 0.01066667 0.311 0.02133333 0.044
0 0.869 0.690375 0.02666667 0.11325
0 0.88283333 0.67375 0.017 0.08
0 0.88775 0.603875 0.01416667 0.06775
0 0.92316667 0.59125 0.032 0.096
0 0.89708333 0.58525 0.01683333 0.0465
0 0.7355 0.166375 0.02933333 0.02925
