0 0.678 0.7035 0.08533333 0.033
0 0.77233333 0.7095 0.04733333 0.005
0 0.603 0.738 0.00333333 0.108
0 0.63266667 0.0805 0.02 0.113
0 0.23766667 0.4065 0.09933333 0.199
0 0.27666667 0.308 0.06 0.012
0 0.25466667 0.3865 0.07866667 0.133
0 0.07866667 0.202 0.15733333 0.054
0 0.16866667 0.458 0.10933333 0.162
0 0.23266667 0.608 0.05466667 0.152
0 0.09533333 0.388 0.08666667 0.148
0 0.01333333 0.2355 0.02666667 0.017
0 0.30033333 0.672 0.022 0.04
0 0.38433333 0.434 0.10866667 0.01
0 0.317 0.342 0.19266667 0.05
0 0.38933333 0.048 0.22266667 0.018
