0 0.76791667 0.392375 0.18383333 0.36925
0 0.874 0.4315 0.12566667 0.291
0 0.579 0.023125 0.07266667 0.04625
0 0.51925 0.071125 0.15116667 0.14225
0 0.11883333 0.349375 0.03066667 0.03725
0 0.82391667 0.8705 0.14183333 0.136
0 0.87516667 0.730125 0.09566667 0.05275
0 0.803 0.819875 0.071 0.15275
0 0.73841667 0.939125 0.0205 0.08075
0 0.75983333 0.9 0.03066667 0.0205
0 0.61625 0.536625 0.03083333 0.10125
0 0.73116667 0.54225 0.071 0.141
0 0.9115 0.117375 0.018 0.03975
0 0.96966667 0.615375 0.03833333 0.12575
