0 0.70341667 0.705125 0.05116667 0.11775
0 0.638 0.7775 0.16666667 0.409
0 0.74491667 0.152 0.04183333 0.1935
0 0.77183333 0.192875 0.03933333 0.12175
0 0.82991667 0.018625 0.0375 0.03725
0 0.962 0.171875 0.018 0.08975
0 0.9735 0.066 0.03433333 0.132
0 0.91966667 0.935875 0.01033333 0.11775
0 0.79658333 0.867875 0.01716667 0.10775
0 0.77566667 0.624375 0.018 0.08475
0 0.83841667 0.731375 0.03083333 0.13975
0 0.67358333 0.873125 0.00683333 0.13075
0 0.70683333 0.882 0.00166667 0.0745
0 0.41791667 0.926375 0.09916667 0.13975
