0 0.51616667 0.26225 0.13233333 0.032
0 0.73141667 0.229625 0.19883333 0.02525
0 0.79675 0.117875 0.07016667 0.15325
0 0.6715 0.18975 0.047 0.0175
0 0.53483333 0.235125 0.23333333 0.03325
0 0.10425 0.257 0.04883333 0.0185
0 0.055 0.665125 0.11 0.00675
0 0.06391667 0.5765 0.0425 0.0745
0 0.542 0.601875 0.079 0.21825
0 0.56766667 0.48075 0.05066667 0.1225
0 0.62716667 0.484 0.05233333 0.137
0 0.70525 0.508625 0.07716667 0.15725
0 0.75675 0.504625 0.04716667 0.08775
0 0.73366667 0.59725 0.12333333 0.217
0 0.83841667 0.62175 0.09683333 0.04
0 0.96716667 0.655875 0.063 0.02525
0 0.90391667 0.566625 0.19216667 0.04125
0 0.90833333 0.492 0.18333333 0.0335
0 0.808 0.378875 0.384 0.01725
0 0.90083333 0.3175 0.19833333 0.012
0 0.92125 0.290875 0.1575 0.00125
0 0.138 0.036 0.008 0.0665
