0 0.37475 0.768625 0.03683333 0.20375
0 0.39141667 0.6025 0.0205 0.1155
0 0.15808333 0.208375 0.00516667 0.11425
0 0.01966667 0.044875 0.02566667 0.08975
0 0.08591667 0.964125 0.0675 0.07175
0 0.29183333 0.83975 0.03166667 0.1205
0 0.22783333 0.65125 0.00766667 0.123
0 0.25683333 0.749375 0.059 0.11175
0 0.65425 0.590375 0.0265 0.08325
0 0.69266667 0.477625 0.06066667 0.07825
0 0.63291667 0.379375 0.05716667 0.06925
0 0.60641667 0.0205 0.0505 0.0075
0 0.4645 0.746125 0.006 0.09225
0 0.47991667 0.76225 0.01616667 0.073
0 0.34958333 0.097375 0.1025 0.19475
0 0.33633333 0.198125 0.00433333 0.06525
0 0.38841667 0.07625 0.05383333 0.1525
0 0.338 0.05775 0.07266667 0.1155
0 0.29358333 0.04425 0.06916667 0.0885
