0 0.39316667 0.189125 0.13333333 0.23475
0 0.23716667 0.462125 0.06933333 0.15775
0 0.1265 0.359 0.253 0.4745
0 0.14533333 0.30125 0.05466667 0.113
0 0.19408333 0.764125 0.1795 0.28225
0 0.48975 0.71025 0.03916667 0.1615
0 0.50933333 0.78775 0.106 0.3885
0 0.54575 0.84675 0.08116667 0.3065
0 0.6235 0.655125 0.03166667 0.07425
0 0.56875 0.291625 0.1855 0.18075
0 0.55808333 0.331375 0.0735 0.08075
0 0.81491667 0.373125 0.09316667 0.02825
0 0.59575 0.152625 0.15716667 0.13075
0 0.24741667 0.173125 0.0265 0.06425
0 0.35125 0.541 0.01016667 0.041
