0 0.15208333 0.758375 0.05983333 0.02425
0 0.11241667 0.71025 0.06916667 0.0335
0 0.032 0.718625 0.047 0.02175
0 0.0765 0.75 0.03666667 0.013
0 0.03075 0.825 0.0615 0.0475
0 0.07091667 0.825 0.0375 0.0345
0 0.13158333 0.914125 0.05816667 0.04375
0 0.23158333 0.79875 0.0495 0.018
0 0.24875 0.77625 0.03416667 0.009
0 0.26366667 0.835875 0.06766667 0.02325
0 0.30475 0.842875 0.0915 0.01675
0 0.32691667 0.876375 0.05716667 0.06025
0 0.23241667 0.90125 0.03416667 0.036
0 0.1945 0.342875 0.00766667 0.09875
0 0.05766667 0.456375 0.07266667 0.01525
0 0.45983333 0.893625 0.077 0.03575
0 0.50558333 0.88075 0.0435 0.018
0 0.7855 0.18775 0.00333333 0.073
0 0.06841667 0.6725 0.01716667 0.032
0 0.08383333 0.67375 0.02733333 0.0295
0 0.02816667 0.691 0.05633333 0.0255
0 0.9115 0.0725 0.006 0.0475
