0 0.61566667 0.33625 0.04 0.0225
0 0.50691667 0.3615 0.1545 0.1
0 0.68083333 0.60975 0.20766667 0.016
0 0.96116667 0.48475 0.07766667 0.0345
0 0.86325 0.22775 0.0755 0.1225
0 0.76958333 0.2025 0.07283333 0.0985
0 0.24858333 0.3975 0.1935 0.0465
0 0.3125 0.35875 0.06933333 0.028
0 0.07808333 0.94075 0.07283333 0.068
0 0.08791667 0.90475 0.07283333 0.0625
0 0.92325 0.8715 0.07816667 0.0335
0 0.56858333 0.721125 0.07716667 0.02525
0 0.35908333 0.169875 0.04716667 0.03325
0 0.41858333 0.198375 0.2175 0.12775
0 0.09941667 0.4335 0.05516667 0.004
