0 0.5655 0.11775 0.31433333 0.0865
0 0.36483333 0.0865 0.10133333 0.0345
0 0.39725 0.042 0.03283333 0.012
0 0.46425 0.042 0.0745 0.02
0 0.27783333 0.402125 0.02133333 0.29825
0 0.32933333 0.322875 0.05333333 0.05475
0 0.36575 0.32025 0.12616667 0.1425
0 0.40525 0.31825 0.14816667 0.1385
0 0.59208333 0.47675 0.14216667 0.141
0 0.06525 0.78825 0.0895 0.0345
0 0.02758333 0.844875 0.0515 0.00125
0 0.08475 0.47275 0.00983333 0.1865
0 0.11583333 0.473375 0.02566667 0.17175
0 0.14508333 0.516625 0.0435 0.12775
0 0.09058333 0.095875 0.00883333 0.19175
0 0.05816667 0.09125 0.01333333 0.129
0 0.15533333 0.1185 0.06566667 0.093
0 0.716 0.312875 0.24233333 0.00525
0 0.92075 0.305 0.1585 0.016
0 0.56191667 0.008625 0.0265 0.01725
