0 0.23783333 0.8415 0.08166667 0.04
0 0.154 0.737625 0.07533333 0.01075
0 0.04708333 0.782375 0.09416667 0.00925
0 0.10691667 0.905375 0.0825 0.02125
0 0.16733333 0.89475 0.08066667 0.0345
0 0.28225 0.719125 0.0745 0.04525
0 0.65691667 0.8855 0.18983333 0.088
0 0.55075 0.0725 0.0595 0.0625
0 0.37416667 0.753625 0.04866667 0.05875
0 0.35333333 0.710375 0. 0.05975
0 0.43316667 0.68975 0.064 0.085
0 0.40966667 0.62975 0.015 0.0745
0 0.18466667 0.619875 0.094 0.15325
0 0.1305 0.504625 0.03033333 0.13575
0 0.30275 0.926125 0.07283333 0.13175
