0 0.75125 0.5 0.05983333 0.1845
0 0.75983333 0.639125 0.05466667 0.16525
0 0.74958333 0.751375 0.02216667 0.05125
0 0.69191667 0.55575 0.09316667 0.25
0 0.653 0.531375 0.01866667 0.06275
0 0.60291667 0.325625 0.04016667 0.06675
0 0.54183333 0.1635 0.05133333 0.155
0 0.60725 0.1955 0.02816667 0.0655
0 0.78808333 0.851875 0.2615 0.01425
0 0.79483333 0.92125 0.118 0.0295
0 0.47691667 0.71025 0.0375 0.095
0 0.01583333 0.837875 0.03166667 0.16525
0 0.02525 0.931375 0.01116667 0.11675
0 0.96491667 0.794875 0.07016667 0.01775
0 0.54916667 0.07375 0.047 0.1475
0 0.61325 0.802 0.09816667 0.0705
0 0.63891667 0.7365 0.05216667 0.0475
0 0.3945 0.705125 0.12733333 0.01525
