0 0.56633333 0.928875 0.039 0.04925
0 0.70791667 0.98275 0.0595 0.0345
0 0.44075 0.971375 0.06116667 0.05725
0 0.06166667 0.9155 0.008 0.169
0 0.05058333 0.478625 0.10116667 0.05725
0 0.90458333 0.055875 0.08516667 0.06125
0 0.92633333 0.050625 0.04166667 0.03475
0 0.93166667 0.028 0.07733333 0.056
0 0.86691667 0.049875 0.0435 0.03075
0 0.89841667 0.2995 0.04083333 0.1305
0 0.89616667 0.219125 0.04 0.10525
0 0.80558333 0.15175 0.0985 0.1145
0 0.6715 0.07525 0.17666667 0.1425
0 0.72658333 0.727 0.0275 0.0345
0 0.96475 0.856875 0.0705 0.03075
