0 0.05275 0.319625 0.0595 0.02675
0 0.41991667 0.825 0.03016667 0.0945
0 0.42525 0.774875 0.00883333 0.06925
0 0.43325 0.730375 0.02483333 0.09175
0 0.46116667 0.92275 0.008 0.1545
0 0.427 0.952125 0.00366667 0.09575
0 0.38175 0.893375 0.01416667 0.15975
0 0.35775 0.76425 0.05516667 0.1145
0 0.57925 0.773 0.1945 0.454
0 0.59033333 0.93875 0.04433333 0.1225
0 0.411 0.1205 0.13133333 0.2275
0 0.4505 0.137125 0.104 0.18925
0 0.24991667 0.23625 0.14816667 0.257
0 0.36391667 0.05925 0.09583333 0.1185
0 0.85658333 0.869625 0.16516667 0.18375
0 0.67158333 0.6585 0.1075 0.273
