0 0.30358333 0.68775 0.2185 0.4115
0 0.35908333 0.656375 0.14483333 0.29025
0 0.34 0.789625 0.13666667 0.27975
0 0.40566667 0.741 0.08866667 0.2435
0 0.44158333 0.724375 0.08783333 0.19425
0 0.48425 0.19175 0.11283333 0.3835
0 0.51841667 0.113125 0.0605 0.22625
0 0.58991667 0.3655 0.00616667 0.0705
0 0.61158333 0.366875 0.00883333 0.08125
0 0.69641667 0.558625 0.08616667 0.17725
0 0.90233333 0.5885 0.05233333 0.1065
0 0.1385 0.498 0.277 0.373
0 0.11233333 0.032 0.06133333 0.064
0 0.372 0.235125 0.071 0.08125
