0 0.44875 0.1225 0.08383333 0.2115
0 0.39491667 0.132625 0.0615 0.16025
0 0.51916667 0.14425 0.112 0.096
0 0.70083333 0.337125 0.01033333 0.16925
0 0.88158333 0.552 0.01616667 0.1065
0 0.95941667 0.473 0.05216667 0.182
0 0.42175 0.888375 0.04183333 0.18725
0 0.315 0.632 0.07433333 0.118
0 0.27566667 0.51475 0.09666667 0.1525
0 0.32691667 0.8135 0.09816667 0.1245
0 0.18766667 0.689125 0.08633333 0.08325
0 0.28458333 0.716125 0.1385 0.12175
0 0.27991667 0.8935 0.0505 0.1
0 0.35041667 0.98275 0.0375 0.0345
0 0.29016667 0.83775 0.13766667 0.127
0 0.13975 0.730125 0.1155 0.12425
0 0.097 0.90325 0.194 0.045
0 0.13975 0.951875 0.19216667 0.07575
0 0.24316667 0.977625 0.09133333 0.04225
0 0.19908333 0.8455 0.11283333 0.0425
0 0.58841667 0.23525 0.05383333 0.019
0 0.31108333 0.314125 0.07516667 0.05375
0 0.31533333 0.352625 0.05466667 0.05125
0 0.34783333 0.39675 0.07866667 0.05
