0 0.55941667 0.110875 0.27616667 0.05275
0 0.57816667 0.05575 0.23 0.1115
0 0.90383333 0.109625 0.16166667 0.02175
0 0.86791667 0.147375 0.25216667 0.03325
0 0.92566667 0.211 0.14866667 0.0295
0 0.75516667 0.189 0.18033333 0.0295
0 0.756 0.27625 0.341 0.0525
0 0.95258333 0.690375 0.09483333 0.08075
0 0.97091667 0.919875 0.05816667 0.07325
0 0.80341667 0.710875 0.35716667 0.33975
0 0.87816667 0.568 0.24366667 0.241
0 0.91025 0.491 0.1795 0.1925
0 0.78591667 0.532125 0.0265 0.16675
0 0.83508333 0.391 0.02216667 0.0745
0 0.81408333 0.435375 0.0385 0.03975
0 0.86025 0.4545 0.11183333 0.222
0 0.46966667 0.18775 0.06766667 0.014
0 0.30725 0.030125 0.21283333 0.06025
