0 0.4985 0.73225 0.182 0.008
0 0.518 0.775 0.102 0.008
0 0.38966667 0.80225 0.12966667 0.012
0 0.3005 0.494 0.09133333 0.144
0 0.30891667 0.456 0.02483333 0.0465
0 0.18191667 0.705125 0.05683333 0.09725
0 0.17616667 0.687125 0.01866667 0.05075
0 0.071 0.05525 0.06733333 0.0305
0 0.15091667 0.05525 0.1065 0.0465
0 0.31825 0.047375 0.02216667 0.04125
0 0.95516667 0.793 0.00166667 0.06
0 0.9645 0.916125 0.001 0.16775
0 0.48516667 0.872875 0.056 0.00925
0 0.43941667 0.934125 0.04616667 0.03325
0 0.32316667 0.96075 0.05866667 0.0785
0 0.12916667 0.099125 0.05066667 0.00125
