0 0.40766667 0.359 0.05466667 0.0385
0 0.47391667 0.37375 0.07783333 0.045
0 0.40558333 0.45 0.0435 0.013
0 0.418 0.4615 0.03766667 0.0255
0 0.52741667 0.390375 0.1145 0.06525
0 0.45941667 0.13975 0.04183333 0.046
0 0.44575 0.124375 0.02483333 0.03075
0 0.46241667 0.162875 0.12316667 0.13075
0 0.53891667 0.091125 0.0555 0.03075
0 0.58633333 0.1475 0.14866667 0.041
0 0.59533333 0.166 0.06066667 0.009
0 0.66408333 0.242375 0.1385 0.02575
0 0.73808333 0.24675 0.04183333 0.0115
0 0.27816667 0.521125 0.03166667 0.04725
0 0.31191667 0.517375 0.0205 0.01925
0 0.32141667 0.527625 0.1385 0.09625
0 0.34358333 0.141625 0.04283333 0.01675
0 0.03716667 0.412125 0.011 0.06525
