0 0.28333333 0.09675 0.04033333 0.1935
0 0.25641667 0.056375 0.02216667 0.11275
0 0.12608333 0.391625 0.04016667 0.08325
0 0.11416667 0.7455 0.07266667 0.104
0 0.11366667 0.775 0.06333333 0.0755
0 0.09491667 0.819875 0.08716667 0.09875
0 0.04866667 0.841625 0.06666667 0.07575
0 0.32566667 0.975625 0.09066667 0.02825
0 0.69958333 0.585875 0.0145 0.09225
0 0.68158333 0.582 0.01283333 0.0845
0 0.7175 0.734625 0.03 0.11525
0 0.72733333 0.818 0.01033333 0.0795
0 0.75341667 0.810875 0.00083333 0.11675
0 0.76491667 0.508875 0.00516667 0.11025
0 0.67183333 0.13075 0.00333333 0.246
0 0.51191667 0.143625 0.03583333 0.21275
0 0.347 0.41475 0.024 0.181
0 0.03591667 0.310875 0.06483333 0.13475
0 0.47691667 0.378875 0.01883333 0.15775
