0 0.56641667 0.414125 0.06216667 0.07175
0 0.42475 0.465375 0.0665 0.02775
0 0.30308333 0.492625 0.10916667 0.01325
0 0.22375 0.55525 0.15983333 0.0295
0 0.20416667 0.6485 0.126 0.008
0 0.03458333 0.581875 0.06916667 0.03175
0 0.05366667 0.71775 0.10733333 0.08
0 0.15533333 0.722375 0.15266667 0.10525
0 0.04975 0.773625 0.0995 0.07475
0 0.11625 0.785 0.1545 0.0945
0 0.24983333 0.70575 0.079 0.048
0 0.45891667 0.227625 0.09583333 0.21575
0 0.42475 0.098625 0.08783333 0.19175
0 0.43458333 0.05125 0.04883333 0.1025
0 0.5885 0.1365 0.03733333 0.113
0 0.814 0.273 0.04433333 0.1225
0 0.66708333 0.870875 0.05583333 0.19175
0 0.96008333 0.90875 0.01683333 0.1425
0 0.91566667 0.402125 0.024 0.17325
0 0.98116667 0.081875 0.03766667 0.04375
