0 0.15625 0.568 0.02116667 0.201
0 0.18283333 0.780875 0.02833333 0.11325
0 0.213 0.9115 0.00533333 0.084
0 0.22108333 0.986625 0.0125 0.02675
0 0.32041667 0.778875 0.0035 0.20775
0 0.34225 0.821 0.00083333 0.1105
0 0.344 0.932125 0.00966667 0.04525
0 0.33558333 0.90475 0.01416667 0.052
0 0.25075 0.410125 0.01683333 0.10375
0 0.28008333 0.395375 0.07183333 0.09325
0 0.31558333 0.218375 0.05783333 0.03175
0 0.51758333 0.655875 0.1225 0.32625
0 0.50825 0.683125 0.06116667 0.14925
0 0.51175 0.755 0.08083333 0.237
0 0.57925 0.905375 0.0365 0.11725
0 0.63425 0.91275 0.06116667 0.1745
0 0.69425 0.95475 0.0355 0.0905
0 0.99175 0.852875 0.0165 0.04675
0 0.956 0.820875 0.071 0.12375
0 0.90633333 0.93075 0.15966667 0.032
0 0.85041667 0.976 0.03716667 0.048
0 0.79316667 0.912125 0.031 0.17575
0 0.75283333 0.906125 0.02666667 0.18775
0 0.73766667 0.556 0.08 0.1185
0 0.39191667 0.177125 0.04516667 0.07975
0 0.43091667 0.239625 0.03283333 0.01075
