0 0.72266667 0.39075 0.07633333 0.084
0 0.70883333 0.3755 0.04 0.0455
0 0.71416667 0.291 0.03633333 0.044
0 0.82825 0.231625 0.0905 0.10125
0 0.89258333 0.111875 0.06316667 0.08525
0 0.92541667 0.030625 0.0435 0.06125
0 0.81575 0.117125 0.1935 0.23425
0 0.71191667 0.091125 0.0515 0.07325
0 0.97741667 0.559875 0.01416667 0.13175
0 0.99491667 0.606625 0.01016667 0.18775
0 0.93741667 0.974625 0.0675 0.01075
0 0.86241667 0.949375 0.05783333 0.01325
0 0.88058333 0.988625 0.06383333 0.00125
0 0.94225 0.93475 0.0435 0.0265
0 0.9135 0.838875 0.032 0.04275
0 0.75366667 0.39475 0.05666667 0.052
0 0.63116667 0.51 0.13133333 0.1225
0 0.65866667 0.516625 0.06933333 0.07175
0 0.45133333 0.510625 0.079 0.04925
0 0.55483333 0.455375 0.10833333 0.06675
0 0.47408333 0.473375 0.11716667 0.05975
0 0.36083333 0.515375 0.18733333 0.06125
0 0.06208333 0.292875 0.06216667 0.10125
0 0.10208333 0.290375 0.03383333 0.07725
0 0.01866667 0.4235 0.03733333 0.0905
0 0.2175 0.79625 0.071 0.032
0 0.16641667 0.801625 0.0505 0.04775
0 0.17666667 0.93675 0.12433333 0.1265
0 0.22633333 0.733625 0.02133333 0.06925
0 0.25525 0.727625 0.0755 0.14775
0 0.95433333 0.215 0.00533333 0.0625
0 0.93875 0.198375 0.0045 0.06375
0 0.99066667 0.293625 0.007 0.15575
0 0.90258333 0.180375 0.19483333 0.23025
0 0.51258333 0.147125 0.02216667 0.28375
0 0.19258333 0.69175 0.02483333 0.0385
0 0.20416667 0.8855 0.03366667 0.032
0 0.0755 0.878875 0.01066667 0.20225
0 0.82908333 0.32425 0.08883333 0.113
0 0.91566667 0.26625 0.063 0.
