0 0.32933333 0.834875 0.03033333 0.19975
0 0.29075 0.878875 0.03116667 0.24225
0 0.09325 0.910125 0.02483333 0.08125
0 0.04041667 0.793 0.08083333 0.289
0 0.00625 0.87025 0.0125 0.0705
0 0.19891667 0.16775 0.04083333 0.2345
0 0.24366667 0.773625 0.09133333 0.19425
0 0.22633333 0.910125 0.032 0.17975
0 0.78166667 0.426875 0.02933333 0.17175
0 0.77141667 0.26025 0.00716667 0.169
0 0.51266667 0.279625 0.02933333 0.16775
0 0.46341667 0.6545 0.03016667 0.2835
0 0.9485 0.671125 0.08266667 0.17025
0 0.94875 0.257625 0.1025 0.04125
