0 0.55 0.368625 0.023 0.11925
0 0.553 0.166 0.065 0.286
0 0.5235 0.0565 0.01266667 0.1025
0 0.39833333 0.626875 0.02733333 0.22575
0 0.38458333 0.5705 0.02383333 0.1925
0 0.64658333 0.691 0.02983333 0.1255
0 0.65733333 0.603125 0. 0.09875
0 0.594 0.689 0.012 0.1115
0 0.64483333 0.459625 0.018 0.08575
0 0.7675 0.134 0.06333333 0.1885
0 0.78116667 0.17125 0.10933333 0.3295
0 0.86583333 0.171125 0.029 0.09625
0 0.88933333 0.197375 0.011 0.07425
0 0.82266667 0.2205 0.07433333 0.241
0 0.81575 0.160875 0.09316667 0.32175
0 0.69275 0.478875 0.02316667 0.10125
0 0.93375 0.943625 0.12383333 0.07425
0 0.05341667 0.556375 0.00416667 0.19475
0 0.39525 0.287125 0.0025 0.17175
