0 0.50208333 0.545625 0.0555 0.11925
0 0.44616667 0.577 0.01366667 0.0795
0 0.28508333 0.57825 0.0555 0.105
0 0.36408333 0.948625 0.03416667 0.09225
0 0.26075 0.865375 0.00683333 0.08975
0 0.05216667 0.424375 0.05466667 0.08975
0 0.0525 0.261625 0.059 0.13075
0 0.01666667 0.083875 0.03333333 0.02175
0 0.08975 0.064125 0.13683333 0.08975
0 0.08116667 0.016625 0.02733333 0.03325
0 0.14233333 0.31925 0.03166667 0.0435
0 0.47008333 0.174375 0.04116667 0.20775
0 0.57258333 0.17125 0.0325 0.1295
0 0.5475 0.048125 0.047 0.09625
0 0.60941667 0.193625 0.03583333 0.13325
0 0.61583333 0.260875 0.03166667 0.07825
0 0.70725 0.360875 0.1155 0.30625
0 0.80258333 0.560875 0.0495 0.13475
0 0.81025 0.64425 0.03416667 0.1065
0 0.79441667 0.641 0.11016667 0.2335
0 0.77825 0.835875 0.0915 0.14875
0 0.70516667 0.80575 0.082 0.127
0 0.64233333 0.737125 0.04533333 0.06925
0 0.59108333 0.643 0.02483333 0.055
0 0.65808333 0.63525 0.0855 0.1015
0 0.66191667 0.59925 0.08116667 0.109
0 0.57483333 0.464125 0.141 0.15375
0 0.57866667 0.3865 0.01033333 0.073
0 0.56833333 0.248625 0.01366667 0.06925
0 0.61283333 0.327625 0. 0.06025
0 0.91366667 0.75125 0.106 0.0205
0 0.847 0.77625 0.09066667 0.0655
0 0.92525 0.88275 0.1035 0.1885
0 0.85983333 0.88275 0.16933333 0.2345
0 0.07141667 0.778875 0.05216667 0.13475
0 0.01966667 0.71475 0.03766667 0.1705
0 0.00683333 0.769875 0.01366667 0.06275
0 0.69233333 0.4455 0.03066667 0.1525
0 0.73583333 0.57625 0.08033333 0.1705
0 0.726 0.5975 0.03333333 0.0565
0 0.653 0.156375 0.02733333 0.09225
0 0.65341667 0.1205 0.01616667 0.1
0 0.68466667 0.261625 0.02733333 0.07175
0 0.92141667 0.25 0.11116667 0.023
0 0.94275 0.307625 0.1095 0.01275
0 0.05216667 0.009625 0.01533333 0.01925
