0 0.55941667 0.90125 0.03683333 0.1975
0 0.21708333 0.747375 0.0035 0.46675
0 0.25208333 0.341 0.00516667 0.305
0 0.14058333 0.875625 0.01616667 0.22825
0 0.07308333 0.71925 0.03516667 0.1205
0 0.03466667 0.857625 0.018 0.11275
0 0.0175 0.9615 0.03 0.0745
0 0.68975 0.8545 0.1625 0.291
0 0.66075 0.664625 0.2325 0.33975
0 0.81491667 0.897375 0.06583333 0.11275
0 0.80216667 0.91025 0.09833333 0.1745
0 0.753 0.633875 0.012 0.16025
0 0.77941667 0.6435 0.00683333 0.1615
0 0.84783333 0.581375 0.024 0.11675
0 0.81283333 0.143 0.029 0.0655
