0 0.453 0.3635 0.09566667 0.127
0 0.55383333 0.169875 0.106 0.18825
0 0.65166667 0.137875 0.08966667 0.13975
0 0.7085 0.273125 0.09233333 0.15375
0 0.77266667 0.19675 0.024 0.068
0 0.60258333 0.393 0.0905 0.109
0 0.63541667 0.483375 0.10516667 0.15125
0 0.76708333 0.34425 0.02983333 0.0295
0 0.44141667 0.69675 0.06916667 0.127
0 0.4615 0.621875 0.08033333 0.13075
0 0.46325 0.584625 0.06483333 0.08725
0 0.38375 0.684 0.04283333 0.1165
0 0.27566667 0.35575 0.05733333 0.104
0 0.4415 0.05775 0.08466667 0.064
0 0.44741667 0.082625 0.07616667 0.07825
0 0.64791667 0.282 0.0615 0.0615
