0 0.44266667 0.496875 0.094 0.12175
0 0.503 0.568 0.105 0.0975
0 0.66883333 0.439125 0.10166667 0.03725
0 0.68075 0.37625 0.20416667 0.0835
0 0.84275 0.178875 0.11116667 0.09875
0 0.95 0.096125 0.09833333 0.10525
0 0.10775 0.835875 0.1795 0.11275
0 0.35208333 0.761625 0.0085 0.08975
0 0.344 0.718 0.01633333 0.041
0 0.32866667 0.784 0.006 0.1425
0 0.57058333 0.4045 0.05383333 0.068
0 0.62183333 0.546875 0.076 0.26025
0 0.69191667 0.723125 0.02816667 0.11275
0 0.53933333 0.11275 0.18633333 0.182
0 0.37266667 0.141 0.01033333 0.077
0 0.39316667 0.128125 0.017 0.13075
