0 0.265 0.8855 0.09333333 0.0055
0 0.21258333 0.74375 0.10216667 0.0945
0 0.3125 0.752375 0.06933333 0.01875
0 0.37016667 0.872875 0.04266667 0.00675
0 0.3715 0.89675 0.04 0.02
0 0.4705 0.777625 0.04433333 0.01875
0 0.84066667 0.58525 0.19366667 0.092
0 0.94408333 0.65375 0.04883333 0.1385
0 0.7235 0.777625 0.12433333 0.18125
0 0.69775 0.760375 0.10116667 0.19975
0 0.10033333 0.96875 0.20066667 0.004
0 0.23791667 0.6165 0.02483333 0.0985
0 0.66225 0.64175 0.10483333 0.1225
0 0.65908333 0.6105 0.1075 0.137
0 0.85266667 0.6525 0.08433333 0.048
