0 0.67858333 0.474375 0.03083333 0.34375
0 0.87441667 0.397375 0.0735 0.14625
0 0.92775 0.56475 0.07783333 0.1835
0 0.89958333 0.564125 0.0555 0.13075
0 0.88458333 0.6 0.04283333 0.131
0 0.71233333 0.95 0.06066667 0.036
0 0.66366667 0.964125 0.07266667 0.00525
0 0.83425 0.982 0.03416667 0.036
0 0.15508333 0.55825 0.09483333 0.1115
0 0.13166667 0.13775 0.08033333 0.232
0 0.18758333 0.057 0.02816667 0.086
0 0.30475 0.350625 0.1615 0.19875
0 0.79866667 0.261625 0.04866667 0.11275
0 0.071 0.107625 0.02566667 0.07175
0 0.04316667 0.124375 0.018 0.06175
0 0.10591667 0.2545 0.16583333 0.173
