0 0.359 0.516 0.04266667 0.1425
0 0.34108333 0.60325 0.0085 0.0705
0 0.24441667 0.8865 0.1675 0.0115
0 0.13075 0.7795 0.2615 0.0025
0 0.15775 0.7455 0.30516667 0.014
0 0.10683333 0.698125 0.08366667 0.04475
0 0.06241667 0.84175 0.12483333 0.009
0 0.26533333 0.9725 0.13766667 0.05
0 0.56325 0.94875 0.0255 0.0745
0 0.5445 0.971125 0.01533333 0.05775
0 0.81325 0.415375 0.05216667 0.24125
0 0.78033333 0.137125 0.05633333 0.27175
0 0.72483333 0.083375 0.02566667 0.13325
0 0.8735 0.31925 0.048 0.146
0 0.86241667 0.41225 0.00683333 0.0705
0 0.54608333 0.0795 0.05983333 0.159
0 0.09441667 0.06475 0.14783333 0.1295
0 0.215 0.4135 0.05733333 0.127
0 0.93633333 0.1545 0.02466667 0.114
0 0.90816667 0.097375 0.04866667 0.02575
0 0.87308333 0.09675 0.04516667 0.0295
0 0.57783333 0.72825 0. 0.105
