0 0.47583333 0.38075 0.16866667 0.1305
0 0.245 0.236375 0.13666667 0.13975
0 0.18025 0.18775 0.04083333 0.08
0 0.30358333 0.05925 0.0285 0.0545
0 0.33866667 0.05 0.024 0.06
0 0.261 0.02325 0.01066667 0.0465
0 0.1425 0.191125 0.03466667 0.07575
0 0.09316667 0.209 0.071 0.1465
0 0.02 0.29425 0.04 0.048
0 0.11183333 0.488 0.039 0.0545
0 0.07416667 0.513375 0.04533333 0.00125
0 0.35375 0.773625 0.18916667 0.06925
0 0.53616667 0.651125 0.055 0.02375
0 0.62583333 0.60325 0.064 0.056
0 0.70925 0.571875 0.09416667 0.01725
0 0.72658333 0.532 0.07183333 0.02
0 0.77225 0.484625 0.05683333 0.01325
0 0.82158333 0.207625 0.07183333 0.09325
0 0.67066667 0.296875 0.033 0.03725
0 0.65775 0.247 0.02316667 0.0255
0 0.47975 0.048625 0.03816667 0.02275
0 0.31825 0.577125 0.04883333 0.03325
