0 0.25733333 0.841 0.03933333 0.064
0 0.16583333 0.55325 0.06666667 0.109
0 0.20341667 0.542875 0.18283333 0.29875
0 0.13466667 0.385875 0.06066667 0.12825
0 0.25383333 0.47625 0.03766667 0.1345
0 0.27308333 0.498 0.0435 0.1885
0 0.31283333 0.652625 0.01533333 0.09225
0 0.35 0.71275 0.052 0.2435
0 0.38116667 0.935875 0.00333333 0.11275
0 0.3415 0.98975 0.01966667 0.0205
0 0.25808333 0.380125 0.03416667 0.16025
0 0.23125 0.267875 0.04016667 0.14625
0 0.20725 0.26025 0.03516667 0.136
0 0.19141667 0.24175 0.01883333 0.0885
0 0.18758333 0.05325 0.1205 0.1065
0 0.1 0.09675 0.099 0.068
0 0.09741667 0.043625 0.06316667 0.03575
0 0.4145 0.1205 0.04266667 0.005
0 0.47866667 0.14875 0.06333333 0.023
0 0.53758333 0.066125 0.11116667 0.06025
0 0.43416667 0.018625 0.07533333 0.02425
0 0.48933333 0.018 0.064 0.023
0 0.53891667 0.166625 0.05716667 0.04375
0 0.71116667 0.22375 0.10766667 0.055
0 0.8825 0.25825 0.11533333 0.091
0 0.90175 0.18975 0.0975 0.069
0 0.63891667 0.375 0.0795 0.037
0 0.59358333 0.366625 0.05883333 0.04375
0 0.49616667 0.325 0.194 0.0475
0 0.44058333 0.490375 0.18716667 0.10875
0 0.52908333 0.833375 0.08716667 0.03075
0 0.48375 0.93275 0.11616667 0.0655
0 0.56575 0.962125 0.04616667 0.01675
0 0.60766667 0.95375 0.04966667 0.0205
0 0.63033333 0.991 0.04366667 0.018
0 0.72175 0.990375 0.04016667 0.01925
0 0.73208333 0.941125 0.0555 0.02825
0 0.43158333 0.80325 0.04783333 0.027
0 0.45083333 0.800625 0.03166667 0.02175
0 0.47475 0.79425 0.0505 0.0295
0 0.5115 0.794875 0.05733333 0.02575
0 0.86533333 0.31925 0.07433333 0.0435
0 0.82991667 0.12175 0.0375 0.0745
0 0.79741667 0.247375 0.21716667 0.39225
0 0.7765 0.236625 0.04366667 0.07825
0 0.03033333 0.930125 0.03 0.08075
0 0.1705 0.7705 0.03 0.0385
0 0.28075 0.29425 0.03516667 0.132
0 0.31583333 0.283375 0.00766667 0.06425
0 0.41366667 0.090375 0.10933333 0.03975
0 0.47475 0.0795 0.06583333 0.0255
0 0.61916667 0.100625 0.04533333 0.15775
0 0.259 0.061 0.077 0.05
0 0.36583333 0.408375 0.09066667 0.00375
0 0.9795 0.034 0.041 0.068
0 0.88375 0.02875 0.0205 0.032
