0 0.78766667 0.541 0.08633333 0.013
0 0.84275 0.5545 0.04616667 0.1015
0 0.40683333 0.53775 0.077 0.009
0 0.2915 0.5135 0.10433333 0.027
0 0.23375 0.719875 0.01116667 0.12675
0 0.259 0.698 0.012 0.0525
0 0.256 0.78275 0.01966667 0.15
0 0.27475 0.916625 0.04016667 0.15625
0 0.17475 0.399375 0.02316667 0.11675
0 0.05508333 0.3685 0.0555 0.0295
0 0.01541667 0.2935 0.03083333 0.018
0 0.29916667 0.160875 0.05466667 0.01425
0 0.39533333 0.132625 0.07266667 0.03725
0 0.40466667 0.17625 0.12566667 0.063
0 0.49916667 0.231375 0.10433333 0.05775
0 0.65083333 0.23325 0.12733333 0.1
0 0.54066667 0.108375 0.23333333 0.21675
0 0.49566667 0.100625 0.07866667 0.07825
0 0.74275 0.192375 0.0735 0.07425
0 0.21791667 0.361 0.06316667 0.0115
0 0.66408333 0.684625 0.04783333 0.06925
0 0.721 0.632 0.10166667 0.0025
