0 0.115 0.4135 0.11033333 0.2165
0 0.15808333 0.2935 0.04783333 0.1
0 0.16491667 0.199375 0.03083333 0.08075
0 0.25083333 0.25775 0.03166667 0.0975
0 0.35641667 0.50775 0.12316667 0.0155
0 0.55 0.364125 0.129 0.02575
0 0.61875 0.2775 0.04783333 0.114
0 0.68291667 0.141 0.06316667 0.246
0 0.73841667 0.141 0.0615 0.182
0 0.57566667 0.04425 0.00266667 0.0885
0 0.60425 0.07175 0.00683333 0.0975
0 0.48883333 0.0955 0.02566667 0.1525
0 0.58033333 0.937875 0.024 0.12425
0 0.51966667 0.84425 0.03233333 0.132
0 0.34875 0.791625 0.0615 0.09875
0 0.37608333 0.710375 0.01716667 0.11025
0 0.41025 0.578125 0.09216667 0.03325
0 0.31116667 0.631375 0.06666667 0.00375
0 0.36025 0.621875 0.0675 0.03075
0 0.28208333 0.833875 0.0445 0.12175
0 0.23075 0.9135 0.10083333 0.1065
0 0.26408333 0.940375 0.0685 0.11925
0 0.16883333 0.637875 0.07433333 0.07575
0 0.253 0.590375 0.13333333 0.03725
0 0.08033333 0.669875 0.07533333 0.07325
0 0.747 0.738375 0.03933333 0.03075
0 0.838 0.6775 0.035 0.0525
0 0.85683333 0.95325 0.07433333 0.0935
0 0.97816667 0.931375 0.04366667 0.04475
0 0.89358333 0.432125 0.0965 0.19225
0 0.94483333 0.381375 0.08466667 0.16025
0 0.86708333 0.384625 0.05216667 0.11525
0 0.83933333 0.4045 0.07166667 0.191
0 0.70558333 0.397375 0.0555 0.09225
0 0.77783333 0.169875 0.07866667 0.32175
0 0.80733333 0.14875 0.06066667 0.2975
0 0.8645 0.2045 0.083 0.114
0 0.9085 0.123 0.053 0.0565
0 0.747 0.81475 0.058 0.0755
0 0.79183333 0.79675 0.059 0.0345
0 0.8235 0.837875 0.052 0.09875
0 0.83675 0.784 0.02916667 0.0345
0 0.57475 0.4295 0.1205 0.013
0 0.58716667 0.451375 0.05633333 0.01025
0 0.51108333 0.506375 0.03083333 0.08475
0 0.49866667 0.41025 0.03166667 0.0845
0 0.48083333 0.48725 0.059 0.177
0 0.46066667 0.515375 0.04966667 0.14125
0 0.45383333 0.635875 0.03766667 0.08225
0 0.95 0.056375 0.01466667 0.11275
0 0.75641667 0.361625 0.02383333 0.05125
