0 0.52783333 0.280875 0.02133333 0.23075
0 0.27825 0.399375 0.01116667 0.10125
0 0.34916667 0.612875 0.011 0.19225
0 0.84741667 0.224375 0.04016667 0.10525
0 0.94058333 0.106375 0.01283333 0.07675
0 0.697 0.058375 0.035 0.11675
0 0.65983333 0.080125 0.03233333 0.16025
0 0.55425 0.06925 0.01116667 0.1385
0 0.5675 0.298 0.03766667 0.1475
0 0.27525 0.51475 0.0085 0.0705
0 0.31791667 0.55125 0.00516667 0.141
0 0.34191667 0.125625 0.00516667 0.24625
0 0.37016667 0.015375 0. 0.03075
0 0.92133333 0.081375 0.01366667 0.05775
