0 0.50041667 0.459 0.09483333 0.182
0 0.5415 0.415375 0.02133333 0.04625
0 0.57825 0.384625 0.0265 0.06925
0 0.45683333 0.271875 0.052 0.00775
0 0.35558333 0.31675 0.01716667 0.1385
0 0.17516667 0.0955 0.065 0.191
0 0.19058333 0.844875 0.02383333 0.05875
0 0.06325 0.72625 0.0325 0.0755
0 0.07816667 0.5955 0.06233333 0.104
0 0.65641667 0.43075 0.08216667 0.077
0 0.74225 0.293625 0.08116667 0.03075
0 0.72858333 0.2455 0.09316667 0.027
0 0.78933333 0.22175 0.07766667 0.0255
0 0.8555 0.312875 0.053 0.02575
0 0.56791667 0.128875 0.0505 0.00125
0 0.72908333 0.174375 0.08716667 0.04875
0 0.24225 0.0295 0.04016667 0.059
0 0.42991667 0.308375 0.04616667 0.02425
0 0.485 0.699375 0.02133333 0.04475
