0 0.41758333 0.303875 0.0145 0.12325
0 0.22816667 0.180875 0.09566667 0.06925
0 0.05216667 0.1795 0.06666667 0.0255
0 0.09658333 0.132125 0.09416667 0.04625
0 0.215 0.05 0.22133333 0.1
0 0.35983333 0.09425 0.01366667 0.1885
0 0.43075 0.438375 0.00516667 0.04875
0 0.38458333 0.424375 0.01016667 0.04625
0 0.56875 0.717875 0.02483333 0.21275
0 0.63033333 0.50375 0.018 0.1
0 0.58283333 0.509 0.01366667 0.0925
0 0.66883333 0.469875 0.006 0.07325
0 0.74275 0.663375 0.05983333 0.15775
0 6.95250000e-01 8.39125000e-01 8.33333333e-04 9.37500000e-02
0 0.90516667 0.719875 0.02566667 0.15525
0 0.83675 0.637125 0.01883333 0.21275
0 0.891 0.417875 0.006 0.05375
0 0.87183333 0.251875 0.06833333 0.17825
0 0.69875 0.041625 0.0025 0.08325
0 0.68166667 0.168 0.00766667 0.0615
0 0.62308333 0.18975 0.01016667 0.0665
0 0.96791667 0.832625 0.06416667 0.03725
0 0.97816667 0.89675 0.04366667 0.0295
0 0.83166667 0.1295 0.012 0.0385
