0 0.68933333 0.392875 0.14266667 0.26275
0 0.67525 0.17175 0.13683333 0.059
0 0.44016667 0.37625 0.05466667 0.0065
0 0.50425 0.399375 0.16916667 0.02175
0 0.61066667 0.37375 0.1 0.05
0 0.37991667 0.162125 0.05883333 0.06525
0 0.30258333 0.132625 0.12316667 0.15775
0 0.31616667 0.046125 0.08033333 0.09225
0 0.19491667 0.082 0.09916667 0.164
0 0.19016667 0.033375 0.03833333 0.06425
0 0.09483333 0.576875 0.00166667 0.07425
0 0.01108333 0.741625 0.0035 0.11675
0 0.14875 0.91475 0.13683333 0.045
0 0.2705 0.975 0.052 0.05
0 0.43416667 0.899375 0.07533333 0.02175
0 0.50891667 0.881375 0.25216667 0.14475
