0 0.93291667 0.63725 0.13416667 0.2
0 0.81191667 0.819875 0.16916667 0.17575
0 0.659 0.82375 0.15566667 0.1655
0 0.50816667 0.802 0.08633333 0.0885
0 0.54183333 0.731375 0.147 0.11425
0 0.412 0.8045 0.05466667 0.0475
0 0.46408333 0.690375 0.15716667 0.10625
0 0.27516667 0.86275 0.147 0.1615
0 0.02225 0.9455 0.0445 0.0425
0 0.1735 0.667875 0.058 0.03325
0 0.20175 0.651875 0.05816667 0.03725
0 0.07225 0.2545 0.1445 0.2165
0 0.20816667 0.090375 0.018 0.08325
0 0.35858333 0.27625 0.3035 0.3165
0 0.33591667 0.3 0.04283333 0.072
0 0.27775 0.25 0.0975 0.059
0 0.22608333 0.060875 0.02983333 0.07325
0 0.25216667 0.031375 0.04266667 0.06275
0 0.34016667 0.120625 0.06166667 0.08975
0 0.5795 0.455125 0.38133333 0.37425
0 0.76925 0.604375 0.04283333 0.03975
0 0.69525 0.48275 0.18883333 0.1935
0 0.72733333 0.4615 0.111 0.123
0 0.621 0.536625 0.16666667 0.14225
0 0.61616667 0.649375 0.147 0.15275
0 0.97091667 0.785875 0.04783333 0.02825
0 0.50166667 0.528875 0.12133333 0.07575
0 0.40041667 0.3865 0.02983333 0.027
0 0.08416667 0.147375 0.06933333 0.12575
0 0.12175 0.691 0.08116667 0.0745
0 0.08841667 0.628875 0.05383333 0.03475
0 0.05083333 0.582 0.03333333 0.0795
0 0.44266667 0.927 0.11966667 0.059
0 0.56283333 0.796125 0.05733333 0.08725
0 0.54875 0.274375 0.19316667 0.21025
0 0.53633333 0.343625 0.10866667 0.04875
0 0.45083333 0.278875 0.06933333 0.09625
