0 0.71325 0.678125 0.11183333 0.04875
0 0.67266667 0.687875 0.058 0.02425
0 0.6495 0.718 0.06666667 0.023
0 0.67525 0.7795 0.04616667 0.013
0 0.33891667 0.8885 0.07083333 0.1335
0 0.309 0.784 0.06233333 0.032
0 0.23633333 0.702 0.08633333 0.073
0 0.16583333 0.617375 0.094 0.07825
0 0.14483333 0.673 0.07433333 0.0615
0 0.16408333 0.373125 0.05116667 0.12575
0 0.0705 0.8225 0.083 0.0295
0 0.05558333 0.8795 0.11116667 0.0745
0 0.03758333 0.923125 0.07516667 0.05375
0 0.24441667 0.12375 0.18983333 0.073
0 0.22525 0.07375 0.17516667 0.0935
0 0.38633333 0.13975 0.159 0.046
0 0.52183333 0.319875 0.23 0.00625
0 0.81025 0.118625 0.06316667 0.00625
