0 0.8265 0.12175 0.103 0.004
0 0.74741667 0.164375 0.10483333 0.01725
0 0.66758333 0.10325 0.07283333 0.0225
0 0.53041667 0.02525 0.1075 0.032
0 0.79275 0.6865 0.1935 0.1825
0 0.85 0.880875 0.292 0.23825
0 0.06925 0.740375 0.07283333 0.11175
0 0.0315 0.27625 0.063 0.044
0 0.17841667 0.22425 0.14216667 0.1265
0 0.19883333 0.325 0.078 0.1145
0 0.49225 0.1005 0.24416667 0.0225
0 0.47091667 0.1545 0.0825 0.008
0 0.55033333 0.139875 0.06033333 0.00525
0 0.6045 0.12125 0.04266667 0.016
0 0.90966667 0.0725 0.18066667 0.012
0 0.92875 0.61725 0.1425 0.1265
0 0.52108333 0.927375 0.0585 0.08925
0 0.502 0.9135 0.10733333 0.173
