0 0.30258333 0.57375 0.03083333 0.0475
0 0.33033333 0.405125 0.052 0.08225
0 0.33158333 0.1205 0.04783333 0.095
0 0.15341667 0.16475 0.08283333 0.0705
0 0.15216667 0.21675 0.082 0.1
0 0.07308333 0.17625 0.14616667 0.186
0 0.0265 0.086625 0.041 0.06275
0 0.08933333 0.244875 0.06933333 0.08975
0 0.30983333 0.608375 0.05566667 0.12425
0 0.24358333 0.768 0.03583333 0.1435
0 0.40425 0.599375 0.0495 0.32175
0 0.43033333 0.532625 0.03 0.16025
0 0.45516667 0.4865 0.01966667 0.055
0 0.444 0.598125 0.01633333 0.18325
0 0.42566667 0.759625 0.01366667 0.09625
0 0.4085 0.778125 0.01366667 0.08725
0 0.39533333 0.754375 0.01966667 0.11925
0 0.42866667 0.86475 0.006 0.078
0 0.44833333 0.7295 0.035 0.082
0 0.4615 0.6545 0. 0.0655
0 0.90125 0.11025 0.12383333 0.0795
0 0.79916667 0.0545 0.07866667 0.109
0 0.24016667 0.958375 0.017 0.08325
0 0.2175 0.9295 0.02466667 0.141
0 0.379 0.498125 0.006 0.08575
0 0.39916667 0.4385 0.012 0.1565
0 0.26116667 0.359625 0.03166667 0.04225
0 0.22825 0.284625 0.05816667 0.05125
