0 0.37858333 0.408125 0.03816667 0.14525
0 0.4785 0.64575 0.03366667 0.08
0 0.51308333 0.759 0.10116667 0.0025
0 0.4785 0.785625 0.071 0.02675
0 0.56416667 0.785625 0.13233333 0.03175
0 0.57391667 0.86825 0.02216667 0.0505
0 0.62275 0.153875 0.03116667 0.09725
0 0.61733333 0.239625 0.08966667 0.24225
0 0.6605 0.1725 0.03733333 0.1905
0 0.70975 0.3415 0.07716667 0.1985
0 0.75583333 0.406125 0.04 0.11725
0 0.71108333 0.230375 0.05683333 0.15975
0 0.68083333 0.087875 0.01766667 0.17575
0 0.84158333 0.05725 0.02316667 0.1145
