0 0.1185 0.762875 0.05066667 0.06925
0 0.12425 0.73575 0.07983333 0.0865
0 0.02441667 0.659125 0.04716667 0.05075
0 0.06833333 0.771625 0.13666667 0.14775
0 0.1345 0.949375 0.04533333 0.05575
0 0.20325 0.912125 0.04616667 0.07175
0 0.72791667 0.7935 0.07283333 0.229
0 0.94141667 0.81625 0.02583333 0.125
0 0.75458333 0.1205 0.1225 0.0145
0 0.86633333 0.139125 0.14733333 0.05475
0 0.58366667 0.016 0.191 0.032
0 0.20058333 0.053875 0.06383333 0.01725
0 0.30533333 0.54125 0.03733333 0.036
0 0.34266667 0.647875 0.06566667 0.05725
0 0.225 0.459375 0.04166667 0.03725
0 0.87791667 0.043875 0.23616667 0.06925
