0 0.57441667 0.97825 0.12816667 0.0435
0 0.56066667 0.861625 0.106 0.06925
0 0.42866667 0.806375 0.15633333 0.04875
0 0.409 0.75375 0.13766667 0.
0 0.31583333 0.767375 0.04366667 0.02175
0 0.12525 0.303875 0.11016667 0.12575
0 0.20341667 0.06725 0.1145 0.045
0 0.688 0.03275 0.118 0.0655
0 0.82091667 0.05575 0.07783333 0.1115
0 0.74575 0.752625 0.13583333 0.01275
0 0.59833333 0.789125 0.21366667 0.03725
0 0.57175 0.76925 0.19483333 0.041
0 0.73933333 0.864125 0.24433333 0.01525
0 0.7705 0.9045 0.21633333 0.0475
