0 0.67816667 0.613875 0.02666667 0.07475
0 0.69466667 0.62175 0.04 0.0905
0 0.69641667 0.657125 0.03283333 0.06275
0 0.63608333 0.696375 0.04883333 0.06675
0 0.59916667 0.809625 0.135 0.21025
0 0.47808333 0.89025 0.10383333 0.1345
0 0.59916667 0.6585 0.09233333 0.1425
0 0.55741667 0.48875 0.10116667 0.008
0 0.55566667 0.24575 0.15266667 0.004
0 0.65425 0.272375 0.10116667 0.00125
0 0.33733333 0.372125 0.07466667 0.00675
0 0.36525 0.438125 0.06116667 0.01075
0 0.32625 0.587875 0.09316667 0.07075
0 0.39275 0.55925 0.04883333 0.024
0 0.45141667 0.502625 0.07183333 0.01475
0 0.33158333 0.62375 0.14816667 0.0945
0 0.10208333 0.466625 0.04783333 0.08125
0 0.03066667 0.548 0.06133333 0.0705
0 0.57483333 0.57125 0.13233333 0.0985
0 0.50375 0.63775 0.10216667 0.064
0 0.81666667 0.882875 0.04433333 0.23425
0 0.89033333 0.9195 0.039 0.161
0 0.97025 0.932125 0.05683333 0.13575
0 0.90008333 0.5785 0.0355 0.0625
0 0.9565 0.386875 0.024 0.05725
