0 0.44916667 0.632 0.12566667 0.0205
0 0.23625 0.802625 0.05383333 0.04625
0 0.1265 0.755125 0.06333333 0.04125
0 0.14366667 0.732 0.06666667 0.023
0 0.11416667 0.7955 0.112 0.0985
0 0.04575 0.688375 0.0675 0.04875
0 0.02991667 0.944125 0.05983333 0.03975
0 0.11666667 0.94875 0.00933333 0.1025
0 0.51833333 0.95325 0.11033333 0.0935
0 0.51708333 0.989125 0.0375 0.02175
0 0.491 0.84425 0.023 0.173
0 0.48075 0.57375 0.20416667 0.0115
0 0.6295 0.525625 0.08466667 0.01525
0 0.791 0.40825 0.20433333 0.0885
0 0.96366667 0.436 0.071 0.059
0 0.90125 0.59675 0.0505 0.114
0 0.67308333 0.103125 0.2555 0.13725
0 0.753 0.1045 0.12133333 0.063
0 0.61491667 0.357625 0.06416667 0.02575
0 0.33891667 0.43075 0.21283333 0.0845
0 0.31191667 0.526875 0.11283333 0.02825
0 0.67566667 0.65375 0.27766667 0.041
0 0.56108333 0.92625 0.00416667 0.086
0 0.1175 0.30575 0.076 0.068
0 0.78683333 0.519875 0.1 0.01425
