0 0.8355 0.3275 0.00433333 0.186
0 0.90641667 0.30775 0.01616667 0.341
0 0.95516667 0.856375 0.08966667 0.07675
0 0.95808333 0.96275 0.04616667 0.0205
0 0.43508333 0.522375 0.1555 0.18325
0 0.43208333 0.342875 0.1445 0.04225
0 0.22133333 0.587125 0.39666667 0.31525
0 0.1555 0.708875 0.26833333 0.24875
0 0.60083333 0.741 0.282 0.0075
0 0.40041667 0.669875 0.14616667 0.22425
0 0.32225 0.198 0.34016667 0.0705
0 0.34441667 0.13775 0.35216667 0.091
0 0.47825 0.096125 0.25383333 0.02325
0 0.67441667 0.089125 0.14183333 0.04225
0 0.51708333 0.0365 0.17783333 0.045
0 0.53458333 0.139125 0.1495 0.00375
0 0.63841667 0.881375 0.19483333 0.08325
0 0.45591667 0.920625 0.24016667 0.01025
0 0.435 0.8295 0.23766667 0.023
0 0.43333333 0.7685 0.11266667 0.068
0 0.56325 0.5295 0.0255 0.2745
