0 0.21241667 0.296875 0.0675 0.03725
0 0.20858333 0.13975 0.05983333 0.0255
0 0.2495 0.18525 0.106 0.032
0 0.28416667 0.252625 0.18033333 0.05375
0 0.39575 0.425625 0.05983333 0.02825
0 0.38283333 0.38775 0.03933333 0.0295
0 0.39408333 0.4615 0.04616667 0.036
0 0.38675 0.498625 0.0505 0.03075
0 0.4675 0.515375 0.077 0.04375
0 0.491 0.631375 0.047 0.04475
0 0.37783333 0.97625 0.06666667 0.045
0 0.40208333 0.969875 0.0795 0.06025
0 0.31408333 0.8935 0.13416667 0.0795
0 0.22608333 0.824375 0.02983333 0.03825
0 0.26066667 0.95 0.082 0.087
0 0.17566667 0.971125 0.09833333 0.04725
0 0.09958333 0.92825 0.05883333 0.064
0 0.0355 0.840375 0.071 0.06025
0 0.109 0.86275 0.11366667 0.123
0 0.15133333 0.8725 0.06666667 0.1115
0 0.05091667 0.581375 0.0795 0.01425
0 0.04908333 0.62175 0.09316667 0.0155
0 0.185 0.644125 0.07433333 0.06025
0 0.23375 0.39875 0.16316667 0.1155
0 0.18675 0.40125 0.20583333 0.113
0 0.42391667 0.0295 0.02916667 0.059
0 0.46583333 0.182125 0.029 0.05125
0 0.64316667 0.1 0.01633333 0.1105
0 0.71666667 0.13525 0.054 0.2295
0 0.77141667 0.44675 0.02483333 0.186
0 0.74141667 0.41925 0.0265 0.164
0 0.75258333 0.655125 0.01616667 0.16175
0 0.80983333 0.759625 0.01966667 0.25275
0 0.82733333 0.723625 0.00866667 0.08075
0 0.6795 0.580125 0.12833333 0.22175
0 0.70341667 0.666625 0.08216667 0.11525
0 0.3325 0.566 0.12133333 0.073
0 0.94058333 0.264125 0.00416667 0.25375
