0 0.435 0.58975 0.024 0.0665
0 0.38416667 0.807625 0.07433333 0.23325
0 0.36541667 0.79175 0.0675 0.232
0 0.35558333 0.74175 0.02216667 0.0885
0 0.41966667 0.81925 0.065 0.187
0 0.43841667 0.8225 0.0615 0.168
0 0.49908333 0.706375 0.03416667 0.07425
0 0.644 0.4635 0.02833333 0.091
0 0.44191667 0.259 0.12483333 0.095
0 0.42391667 0.344125 0.09916667 0.08075
0 0.24225 0.145625 0.0675 0.01925
0 0.23716667 0.090375 0.14433333 0.04225
0 0.11325 0.084 0.1325 0.0575
0 0.13633333 0.032625 0.182 0.05775
0 0.241 0.196875 0.077 0.00125
0 0.16875 0.506375 0.1855 0.15375
0 0.08416667 0.551875 0.07433333 0.06025
0 0.07091667 0.705125 0.13683333 0.14375
0 0.05425 0.674375 0.1085 0.11775
0 0.01533333 0.6365 0.029 0.032
0 0.10041667 0.741625 0.18716667 0.17825
0 0.2765 0.567875 0.05566667 0.04625
0 0.338 0.649375 0.047 0.06775
0 0.30983333 0.709 0.00933333 0.0615
0 0.29575 0.749375 0.0375 0.05275
0 0.97225 0.187125 0.0555 0.01525
0 0.86708333 0.078875 0.07616667 0.00625
