0 0.10858333 0.26725 0.21716667 0.1525
0 0.3 0.224375 0.142 0.05625
0 0.38541667 0.339125 0.07516667 0.01675
0 0.43675 0.61475 0.11283333 0.055
0 0.53933333 0.678875 0.111 0.09625
0 0.1735 0.57175 0.106 0.064
0 0.14316667 0.703875 0.04866667 0.01275
0 0.69016667 0.387125 0.095 0.02825
0 0.68166667 0.423 0.13766667 0.0565
0 0.56533333 0.160875 0.047 0.15275
0 0.4795 0.0635 0.05466667 0.127
0 0.33116667 0.0385 0.047 0.077
0 0.78116667 0.134 0.135 0.25
0 0.97991667 0.833875 0.01283333 0.16025
0 0.91533333 0.553125 0.029 0.18325
0 0.99016667 0.528875 0.018 0.21425
0 0.947 0.821875 0.048 0.10775
0 0.68291667 0.955125 0.04783333 0.06425
0 0.79533333 0.771125 0.03166667 0.05775
0 0.68158333 0.312875 0.06583333 0.01525
