0 0.75191667 0.61125 0.06216667 0.3355
0 0.8345 0.54525 0.016 0.116
0 0.84866667 0.6465 0.07633333 0.273
0 0.87708333 0.87425 0.00883333 0.1185
0 0.93208333 0.66375 0.0425 0.273
0 0.94191667 0.771625 0.04616667 0.03325
0 0.77491667 0.80025 0.0035 0.117
0 0.76116667 0.795 0.01333333 0.157
0 0.46783333 0.492625 0.087 0.11725
0 0.2415 0.308875 0.158 0.07175
0 0.16866667 0.566625 0.14733333 0.11325
0 0.03283333 0.457375 0.06566667 0.03325
0 0.25033333 0.94675 0.08166667 0.1065
0 0.30491667 0.964125 0.0365 0.06925
0 0.4225 0.82225 0.04266667 0.0015
0 0.30408333 0.181125 0.14116667 0.09325
0 0.17758333 0.25575 0.17216667 0.0905
0 0.3235 0.13775 0.095 0.0705
0 0.16916667 0.194375 0.166 0.06675
0 0.12608333 0.332125 0.0515 0.03325
0 0.091 0.39225 0.15 0.1425
0 0.05325 0.388125 0.08883333 0.10525
0 0.96875 0.708375 0.0625 0.00275
0 0.63875 0.68375 0.01683333 0.1905
