0 0.8855 0.854875 0.198 0.01875
0 0.37591667 0.910125 0.12516667 0.04925
0 0.39633333 0.966 0.03633333 0.0145
0 0.44658333 0.988625 0.03016667 0.00675
0 0.29691667 0.29625 0.07016667 0.0945
0 0.29116667 0.3695 0.07466667 0.044
0 0.10558333 0.156375 0.10116667 0.05725
0 0.03816667 0.11325 0.05866667 0.048
0 0.67025 0.1725 0.03016667 0.1665
0 0.7195 0.02725 0.01866667 0.0545
0 0.67375 0.061875 0.03183333 0.12375
0 0.61966667 0.101875 0.04433333 0.15575
0 0.84416667 0.802875 0.071 0.00525
0 0.42391667 0.649875 0.0205 0.12525
0 0.07316667 0.07125 0.079 0.036
0 0.02616667 0.04125 0.04 0.064
