0 0.4385 0.2225 0.19833333 0.0295
0 0.75341667 0.1385 0.0845 0.159
0 0.72908333 0.090375 0.0375 0.05775
0 0.88125 0.487125 0.2205 0.27175
0 0.91666667 0.2775 0.16666667 0.227
0 0.9235 0.13975 0.13066667 0.018
0 0.70641667 0.359 0.09316667 0.018
0 0.86025 0.7845 0.1785 0.1795
0 0.709 0.5615 0.17866667 0.059
0 0.63883333 0.46025 0.08633333 0.1025
0 0.62266667 0.3935 0.064 0.0975
0 0.39575 0.3025 0.23583333 0.036
0 0.43758333 0.2595 0.15383333 0.0295
0 0.34833333 0.146125 0.24866667 0.02325
0 0.46458333 0.341 0.10683333 0.054
0 0.06841667 0.42125 0.08716667 0.032
0 0.6765 0.254375 0.05033333 0.06025
