0 0.72783333 0.215375 0.247 0.02825
0 0.82266667 0.347375 0.05033333 0.00525
0 0.81191667 0.380125 0.04616667 0.02175
0 0.86925 0.39225 0.08716667 0.
0 0.97091667 0.4885 0.05816667 0.0025
0 0.788 0.612875 0.188 0.09475
0 0.5995 0.575625 0.12733333 0.04375
0 0.72475 0.66675 0.3795 0.159
0 0.53375 0.914125 0.1085 0.04375
0 0.63125 0.96925 0.0915 0.0615
0 0.51375 0.7635 0.0735 0.032
0 0.63416667 0.81925 0.10266667 0.0205
0 0.16458333 0.5365 0.0385 0.196
0 0.58766667 0.26925 0.059 0.046
0 0.63158333 0.287125 0.05983333 0.00775
0 0.63375 0.254375 0.1205 0.03975
0 0.97266667 0.9865 0.05466667 0.027
0 0.52991667 0.96025 0.10783333 0.
0 0.77091667 0.282 0.04616667 0.005
