0 0.794 0.506 0.02933333 0.133
0 0.83666667 0.3535 0.02933333 0.113
0 0.7435 0.489375 0.01333333 0.05175
0 0.73058333 0.559875 0.0195 0.05725
0 0.69683333 0.766375 0.048 0.07325
0 0.79758333 0.715625 0.07716667 0.08925
0 0.85 0.593125 0.05066667 0.20375
0 0.92233333 0.738375 0.01066667 0.05475
0 0.64583333 0.958125 0.063 0.02525
0 0.56508333 0.872125 0.13583333 0.16525
0 0.60225 0.8675 0.03816667 0.036
0 0.49408333 0.699 0.03283333 0.08
0 0.50733333 0.6785 0.024 0.0625
0 0.53258333 0.725625 0.0355 0.05325
0 0.50641667 0.51725 0.08783333 0.0625
0 0.62891667 0.463375 0.1215 0.06125
0 0.66266667 0.3715 0.17133333 0.104
0 0.30983333 0.749 0.03733333 0.0495
0 0.29116667 0.82225 0.12966667 0.1345
0 0.32933333 0.81225 0.08533333 0.101
0 0.37416667 0.884875 0.054 0.06525
0 0.34133333 0.914125 0.086 0.08925
0 0.19483333 0.968 0.02566667 0.064
0 0.15533333 0.956 0.087 0.088
0 0.14691667 0.747 0.09483333 0.093
0 0.2055 0.714375 0.09333333 0.08675
0 0.12125 0.621875 0.0435 0.03475
0 0.099 0.555875 0.06666667 0.08375
0 0.35683333 0.70975 0.032 0.08
0 0.48825 0.731 0.03383333 0.056
0 0.58941667 0.971375 0.03383333 0.05725
