0 0.60316667 0.1145 0.13766667 0.229
0 0.21266667 0.1185 0.166 0.237
0 0.04883333 0.1065 0.08333333 0.213
0 0.21258333 0.297625 0.3275 0.31025
0 0.48475 0.43275 0.22016667 0.128
0 0.63916667 0.422125 0.14733333 0.01325
0 0.88925 0.418 0.2215 0.016
0 0.71016667 0.850875 0.11533333 0.07175
0 0.12783333 0.844875 0.05333333 0.24125
0 0.02083333 0.89075 0.04166667 0.2105
0 0.57483333 0.92675 0.19433333 0.0825
0 0.63608333 0.199125 0.04883333 0.09175
0 0.39191667 0.030625 0.0435 0.06125
0 0.61125 0.781 0.05416667 0.06
0 0.55083333 0.486 0.12166667 0.0295
0 0.32133333 0.433375 0.149 0.02525
0 0.43941667 0.33225 0.3745 0.1
0 0.82683333 0.54725 0.13933333 0.008
