0 0.49191667 0.5705 0.11716667 0.1485
0 0.6145 0.469875 0.05466667 0.00125
0 0.77475 0.40525 0.15816667 0.
0 0.94225 0.406375 0.10516667 0.00775
0 0.89483333 0.342875 0.21033333 0.02175
0 0.57266667 0.58075 0.089 0.1075
0 0.56791667 0.550625 0.06583333 0.07575
0 0.27391667 0.6565 0.09316667 0.082
0 0.30425 0.749375 0.04783333 0.05775
0 0.23925 0.7 0.0855 0.0975
0 0.33333333 0.557625 0.08533333 0.04875
0 0.82991667 0.915375 0.11283333 0.07425
0 0.944 0.918625 0.112 0.04225
0 0.95383333 0.981375 0.09233333 0.03475
0 0.67941667 0.915375 0.11283333 0.06175
0 0.71366667 0.925625 0.048 0.01525
0 0.78591667 0.948 0.01116667 0.0885
0 0.81666667 0.97175 0.00933333 0.0565
0 0.76666667 0.817875 0.07 0.03075
0 0.53841667 0.76025 0.12483333 0.105
0 0.65725 0.183375 0.08883333 0.00775
0 0.37483333 0.049375 0.19066667 0.02675
0 0.1385 0.691625 0.15733333 0.17825
0 0.03033333 0.56475 0.059 0.0705
0 0.11108333 0.707625 0.08716667 0.13075
0 0.17991667 0.589125 0.04183333 0.07825
0 0.18125 0.558875 0.04783333 0.05125
0 0.57866667 0.768 0.12133333 0.1
0 0.65091667 0.739125 0.09483333 0.05525
0 0.70383333 0.694875 0.04866667 0.06925
0 0.494 0.946875 0.12466667 0.08075
0 0.96325 0.21725 0.0735 0.045
