0 0.7445 0.52375 0.06833333 0.104
0 0.72516667 0.4775 0.071 0.1065
0 0.64783333 0.6885 0.11966667 0.1205
0 0.52391667 0.4795 0.0615 0.0745
0 0.47308333 0.432625 0.07083333 0.05775
0 0.48716667 0.624375 0.09233333 0.03325
0 0.46833333 0.57125 0.02733333 0.0295
0 0.49783333 0.88975 0.182 0.2205
0 0.18975 0.30125 0.0375 0.041
0 0.19658333 0.1365 0.03916667 0.032
0 0.27908333 0.07375 0.0385 0.1475
0 0.26158333 0.02825 0.0205 0.0565
0 0.30425 0.100625 0.0565 0.18325
0 0.20216667 0.619875 0.047 0.21425
0 0.19191667 0.508875 0.0385 0.21025
0 0.19958333 0.373625 0.01116667 0.07825
0 0.03758333 0.916 0.05116667 0.0165
0 0.66283333 0.749375 0.047 0.05525
0 0.71116667 0.782125 0.07866667 0.03075
0 0.67091667 0.0205 0.04616667 0.041
0 0.92225 0.127625 0.0325 0.03725
0 0.18933333 0.768625 0.02466667 0.08575
0 0.16108333 0.98075 0.02316667 0.0385
