0 0.8 0.505125 0.14366667 0.10525
0 0.88675 0.507625 0.03516667 0.04625
0 0.78508333 0.68075 0.04016667 0.036
0 0.66241667 0.642375 0.0495 0.03075
0 0.58333333 0.653875 0.052 0.03325
0 0.56366667 0.736625 0.10333333 0.06025
0 0.544 0.772375 0.064 0.03725
0 0.57991667 0.861625 0.01116667 0.05125
0 0.60175 0.868625 0.01883333 0.05775
0 0.556 0.889 0.01966667 0.0705
0 0.54525 0.96975 0.0085 0.05
0 0.46966667 0.975625 0.03833333 0.04875
0 0.41625 0.83975 0.17616667 0.013
0 0.27858333 0.855125 0.20516667 0.06175
0 0.34741667 0.927 0.1375 0.0565
0 0.39225 0.608375 0.12483333 0.08325
0 0.59275 0.480125 0.09816667 0.04475
0 0.59916667 0.41725 0.07533333 0.0345
0 0.5295 0.487875 0.05566667 0.05525
0 0.653 0.12175 0.017 0.0565
