0 0.63958333 0.507375 0.1535 0.02125
0 0.747 0.712375 0.09866667 0.06125
0 0.74783333 0.96275 0.063 0.0745
0 0.81491667 0.956 0.0975 0.088
0 0.58008333 0.8635 0.0915 0.076
0 0.42166667 0.90875 0.21133333 0.1825
0 0.35641667 0.204375 0.23516667 0.05975
0 0.34883333 0.084625 0.039 0.00125
0 0.21391667 0.07325 0.10483333 0.0135
0 0.07016667 0.165125 0.14033333 0.02925
0 0.095 0.239625 0.19 0.03475
0 0.48025 0.23225 0.06216667 0.004
0 0.40875 0.239 0.0985 0.0305
0 0.3355 0.257625 0.06033333 0.06775
0 0.20233333 0.30825 0.23433333 0.052
0 0.30891667 0.69975 0.0515 0.004
0 0.31558333 0.680375 0.12516667 0.00525
0 0.29825 0.641125 0.13483333 0.03875
0 0.10341667 0.6225 0.20683333 0.097
0 0.02041667 0.699125 0.04083333 0.03725
0 0.13175 0.84225 0.12516667 0.1585
0 0.13183333 0.951375 0.09333333 0.09725
0 0.42783333 0.3735 0.119 0.0865
0 0.47225 0.33225 0.2715 0.132
0 0.15491667 0.508 0.1855 0.2385
