0 0.56233333 0.468 0.09233333 0.095
0 0.61066667 0.365375 0.07766667 0.12325
0 0.6415 0.2635 0.00766667 0.127
0 0.515 0.375 0.03333333 0.1245
0 0.49875 0.60075 0.1325 0.009
0 0.26958333 0.68275 0.05383333 0.1295
0 0.20091667 0.667375 0.0325 0.10375
0 0.35558333 0.915375 0.01883333 0.04625
0 0.35341667 0.96025 0.0265 0.0795
0 0.04358333 0.464125 0.04616667 0.08725
0 0.8235 0.494875 0.04533333 0.17675
0 0.81666667 0.412875 0.02633333 0.08475
0 0.72516667 0.299375 0.04533333 0.01675
0 0.8115 0.1705 0.04866667 0.0615
0 0.89108333 0.016625 0.0915 0.03325
0 0.85941667 0.277 0.06916667 0.0565
0 0.94016667 0.375 0.11966667 0.1705
0 0.921 0.696875 0.153 0.03725
0 0.91625 0.737125 0.1675 0.03075
0 0.8675 0.498625 0.04966667 0.06925
0 0.92141667 0.51725 0.1265 0.186
0 0.95383333 0.616625 0.05633333 0.08975
0 0.81625 0.7525 0.0785 0.0155
0 0.92516667 0.789125 0.10166667 0.01925
0 0.64358333 0.637125 0.0735 0.02825
0 0.512 0.73725 0.07 0.0795
0 0.24708333 0.449375 0.05983333 0.08325
0 0.1885 0.100625 0.04366667 0.04475
0 0.50216667 0.8865 0.10333333 0.1165
0 0.56533333 0.897375 0.20433333 0.20525
0 0.52475 0.80825 0.06316667 0.068
0 0.58416667 0.844875 0.08633333 0.03575
0 0.68975 0.92625 0.14183333 0.145
