0 0.97608333 0.659625 0.04783333 0.07575
0 0.74016667 0.345625 0.06833333 0.01925
0 0.63766667 0.35125 0.06833333 0.005
0 0.58583333 0.399375 0.02133333 0.08075
0 0.59016667 0.575 0.04533333 0.196
0 0.59533333 0.490375 0.04866667 0.21175
0 0.5705 0.825625 0.018 0.17175
0 0.56541667 0.721125 0.0265 0.09375
0 0.47691667 0.560875 0.01883333 0.17575
0 0.4325 0.7045 0.03766667 0.1655
0 0.46791667 0.8615 0.0265 0.1615
0 0.44016667 0.93525 0.00166667 0.122
0 0.35383333 0.653875 0.12833333 0.33575
0 0.30683333 0.289125 0.046 0.04725
0 0.26883333 0.5225 0.071 0.2065
0 0.2525 0.387125 0.08633333 0.07425
0 0.17691667 0.40775 0.1095 0.064
0 0.20808333 0.525 0.0385 0.1115
0 0.312 0.80775 0.05633333 0.164
0 0.38975 0.803875 0.03083333 0.13575
0 0.46791667 0.37375 0.06416667 0.091
