0 0.07941667 0.325 0.1375 0.221
0 0.07408333 0.23175 0.14816667 0.229
0 0.05191667 0.139875 0.10383333 0.21825
0 0.90775 0.243 0.1305 0.116
0 0.92808333 0.175125 0.05416667 0.06525
0 0.8455 0.204375 0.024 0.08925
0 0.90408333 0.34825 0.0915 0.028
0 0.83533333 0.3875 0.03733333 0.0505
0 0.95116667 0.880125 0.04 0.23975
0 0.98008333 0.882875 0.0195 0.08775
0 0.91525 0.6665 0.02316667 0.1185
0 0.91125 0.974 0.00983333 0.052
0 0.62633333 0.467375 0.13933333 0.04275
0 0.68 0.474 0.06566667 0.0505
0 0.50283333 0.493375 0.08433333 0.00125
0 0.99041667 0.3615 0.01916667 0.0255
0 0.87125 0.04525 0.0205 0.0905
0 0.67016667 0.967375 0.03733333 0.06525
0 0.73458333 0.697625 0.06483333 0.16775
