0 0.29958333 0.377 0.14116667 0.177
0 0.19441667 0.184625 0.1035 0.16925
0 0.10641667 0.06475 0.10183333 0.109
0 0.10816667 0.118625 0.07266667 0.11425
0 0.24958333 0.73525 0.03083333 0.1065
0 0.26958333 0.73975 0.0265 0.0925
0 0.24825 0.63975 0.0795 0.213
0 0.19358333 0.564 0.0625 0.1795
0 0.18291667 0.5885 0.0255 0.0745
0 0.61241667 0.7205 0.0145 0.1665
0 0.54616667 0.66925 0.012 0.254
0 0.38883333 0.16475 0.16066667 0.122
0 0.24183333 0.03275 0.06833333 0.0655
0 0.60133333 0.041625 0.22133333 0.08325
0 0.94483333 0.387875 0.11033333 0.08325
0 0.91966667 0.306375 0.16066667 0.11525
0 0.44783333 0.725625 0.05633333 0.08475
0 0.01541667 0.11725 0.03083333 0.068
