0 0.81583333 0.72425 0.04866667 0.1205
0 0.61408333 0.526375 0.18883333 0.26025
0 0.58716667 0.44225 0.09066667 0.1385
0 0.63116667 0.419125 0.07433333 0.16925
0 0.656 0.4275 0.08966667 0.2065
0 0.56575 0.541 0.20516667 0.241
0 0.23975 0.375 0.0725 0.0395
0 0.10125 0.60125 0.16316667 0.118
0 0.729 0.9 0.06666667 0.1025
0 0.39825 0.07175 0.01883333 0.1435
0 0.96966667 0.590375 0.06066667 0.09375
0 0.85475 0.580125 0.09916667 0.01175
0 0.86583333 0.768 0.05633333 0.1565
0 0.9175 0.834625 0.06066667 0.21275
0 0.92566667 0.369125 0.11966667 0.15125
0 0.67091667 0.24875 0.07183333 0.113
0 0.49616667 0.063375 0.09666667 0.03975
0 0.36583333 0.194875 0.094 0.08225
0 0.22733333 0.30775 0.08366667 0.0565
0 0.22691667 0.34675 0.09316667 0.0475
0 0.21108333 0.846125 0.07683333 0.07425
0 0.29525 0.7635 0.0555 0.073
0 0.4295 0.637125 0.07266667 0.09225
0 0.62433333 0.694875 0.10333333 0.17175
0 0.23116667 0.110875 0.07266667 0.04475
0 0.85383333 0.96475 0.036 0.0705
