0 0.30716667 0.1325 0.17233333 0.233
0 0.21216667 0.1525 0.103 0.137
0 0.261 0.28225 0.236 0.2795
0 0.43725 0.45675 0.10916667 0.0745
0 0.27208333 0.506625 0.09683333 0.07075
0 0.32625 0.583875 0.11816667 0.08375
0 0.36616667 0.60125 0.09866667 0.0945
0 0.241 0.601875 0.08966667 0.11975
0 0.1105 0.467375 0.159 0.14625
0 0.33333333 0.75625 0.278 0.245
0 0.52775 0.043875 0.1855 0.08525
0 0.05233333 0.57925 0.10466667 0.136
0 0.10158333 0.55525 0.05416667 0.0665
0 0.06433333 0.65175 0.12866667 0.1025
0 0.42516667 0.92275 0.13133333 0.1225
0 0.25791667 0.8615 0.2175 0.2745
0 0.06216667 0.765 0.12433333 0.0705
0 0.7515 0.942125 0.08433333 0.11575
