0 0.74575 0.299625 0.04616667 0.08525
0 0.97933333 0.155125 0.04133333 0.00375
0 0.92858333 0.457375 0.01783333 0.05475
0 0.96875 0.58925 0.0625 0.0625
0 0.88283333 0.763 0.079 0.0185
0 0.91216667 0.783625 0.118 0.01725
0 0.35108333 0.6325 0.0895 0.0265
0 0.08608333 0.362875 0.11016667 0.01475
0 0.32491667 0.913375 0.11183333 0.02125
0 0.31691667 0.962125 0.07816667 0.00675
0 0.3795 0.94475 0.04 0.012
0 0.19133333 0.928 0.13766667 0.008
0 0.08475 0.94675 0.16783333 0.008
0 0.02666667 0.96075 0.05333333 0.0015
0 0.32041667 0.33625 0.06216667 0.076
0 0.21175 0.0785 0.05416667 0.056
0 0.4585 0.262375 0.02566667 0.06925
0 0.49091667 0.220375 0.03183333 0.08925
0 0.07275 0.06725 0.0515 0.0415
0 0.05591667 0.08925 0.06583333 0.064
0 0.01283333 0.02725 0.02566667 0.0305
