0 0.97525 0.853875 0.0495 0.00775
0 0.7795 0.801875 0.07 0.01925
0 0.96541667 0.784625 0.06583333 0.06175
0 0.3325 0.256375 0.05633333 0.29475
0 0.33966667 0.108375 0.047 0.21675
0 0.38375 0.49425 0.07016667 0.1115
0 0.40508333 0.507125 0.0445 0.06025
0 0.347 0.666125 0.03433333 0.10125
0 0.32825 0.63075 0.03583333 0.0975
0 0.35591667 0.583375 0.00083333 0.04875
0 0.3795 0.52875 0.02233333 0.0295
0 0.54225 0.13275 0.1205 0.255
0 0.49183333 0.1295 0.04866667 0.195
0 0.39441667 0.371875 0.08283333 0.17175
0 0.53591667 0.208375 0.03416667 0.04225
0 0.55816667 0.141625 0.02566667 0.04225
0 0.48891667 0.28075 0.01883333 0.059
