0 0.763 0.436125 0.095 0.00925
0 0.97066667 0.18375 0.05066667 0.109
0 0.75541667 0.223 0.1065 0.028
0 0.747 0.245625 0.095 0.03325
0 0.62225 0.4255 0.15083333 0.044
0 0.67375 0.354875 0.13316667 0.02525
0 0.82425 0.8215 0.18383333 0.197
0 0.83358333 0.87875 0.07283333 0.1065
0 0.69016667 0.831625 0.10733333 0.00675
0 0.69858333 0.76025 0.07816667 0.
0 0.51758333 0.850875 0.11716667 0.00525
0 0.49533333 0.446125 0.094 0.02925
0 0.44425 0.253 0.11983333 0.125
0 0.43541667 0.175 0.1855 0.225
0 0.62008333 0.174375 0.25116667 0.03475
0 0.751 0.18975 0.22366667 0.0465
0 0.64716667 0.247 0.07466667 0.0175
0 0.39725 0.07125 0.11616667 0.1425
0 0.2965 0.601125 0.07466667 0.00125
0 0.36308333 0.49525 0.0675 0.024
0 0.19658333 0.566625 0.0665 0.00675
0 0.31383333 0.80825 0.189 0.016
0 0.3005 0.759625 0.09133333 0.00675
0 0.186 0.892125 0.06833333 0.03475
0 0.30625 0.924 0.03183333 0.016
0 0.51708333 0.87225 0.30616667 0.04
0 0.75058333 0.870125 0.12683333 0.00125
0 0.84558333 0.96875 0.15716667 0.0225
0 0.65333333 0.5845 0.11366667 0.2105
0 0.52066667 0.6045 0.06833333 0.125
0 0.99175 0.717 0.0165 0.1025
0 0.04525 0.948125 0.08883333 0.06125
0 0.5735 0.747 0.12433333 0.
0 0.57083333 0.719 0.12433333 0.0105
