0 0.63608333 0.41 0.1465 0.
0 0.61691667 0.240375 0.0585 0.06275
0 0.18108333 0.14175 0.02316667 0.0945
0 0.0435 0.0905 0.078 0.181
0 0.25925 0.326875 0.0035 0.06775
0 0.13491667 0.8815 0.15083333 0.237
0 0.54591667 0.904125 0.12416667 0.03725
0 0.974 0.940125 0.052 0.10125
0 0.95358333 0.772375 0.09283333 0.25025
0 0.90016667 0.80425 0.14033333 0.3915
0 0.87083333 0.693125 0.087 0.02525
0 0.77983333 0.563875 0.28133333 0.05975
0 0.87 0.34225 0.09233333 0.0425
0 0.57433333 0.477375 0.23066667 0.02275
0 0.67383333 0.91675 0.06033333 0.1665
