0 0.32941667 0.91025 0.10683333 0.1205
0 0.31666667 0.82825 0.11533333 0.141
0 0.03591667 0.140375 0.03416667 0.06525
0 0.04958333 0.0775 0.00683333 0.091
0 0.06533333 0.10125 0.03166667 0.187
0 0.04483333 0.23725 0.03666667 0.041
0 0.01666667 0.227 0.03333333 0.0615
0 0.19225 0.407 0.18116667 0.0295
0 0.26025 0.445625 0.17183333 0.03975
0 0.48116667 0.391625 0.19666667 0.05775
0 0.43416667 0.440375 0.15033333 0.05275
0 0.11066667 0.516125 0.1 0.03975
0 0.01241667 0.443625 0.02483333 0.01025
0 0.053 0.359625 0.106 0.02425
0 0.04233333 0.302625 0.059 0.09475
0 0.95858333 0.11725 0.08283333 0.086
0 0.93458333 0.049375 0.1085 0.09875
0 0.85125 0.061625 0.0495 0.07175
0 0.87391667 0.035875 0.0435 0.07175
0 0.912 0.23525 0.176 0.132
0 0.96408333 0.192375 0.07183333 0.04875
0 0.90216667 0.273 0.177 0.1565
0 0.9115 0.597375 0.177 0.05375
0 0.96541667 0.68325 0.06916667 0.0025
0 0.8555 0.70575 0.17433333 0.004
0 0.68591667 0.5705 0.17683333 0.059
0 0.68975 0.523 0.15383333 0.0435
0 0.60733333 0.56925 0.06066667 0.0335
0 0.53975 0.73975 0.1975 0.1665
0 0.76458333 0.916625 0.18883333 0.16675
0 0.85591667 0.77625 0.01283333 0.055
0 0.86925 0.8455 0.00183333 0.1525
0 0.8555 0.868 0.012 0.118
0 0.80216667 0.785875 0.035 0.09225
0 0.84908333 0.27825 0.10683333 0.0975
0 0.64441667 0.864125 0.08383333 0.06425
0 0.64316667 0.906375 0.16666667 0.13075
0 0.36325 0.850625 0.14716667 0.15775
0 0.21541667 0.548125 0.08883333 0.02425
0 0.25508333 0.552625 0.06416667 0.03325
0 0.21408333 0.47825 0.05216667 0.005
0 0.321 0.743625 0.23166667 0.24875
0 0.22991667 0.67825 0.10416667 0.095
0 0.17433333 0.683375 0.077 0.05375
0 0.232 0.74675 0.03333333 0.0655
0 0.02566667 0.755125 0.05133333 0.05875
0 0.02908333 0.787125 0.0445 0.05375
0 0.21916667 0.603125 0.088 0.00125
0 0.05125 0.530125 0.10083333 0.09125
0 0.0855 0.625625 0.02733333 0.03325
0 0.1445 0.6225 0.06666667 0.0065
0 0.08716667 0.585875 0.04266667 0.06425
0 0.103 0.062875 0.01466667 0.11025
0 0.14741667 0.71475 0.04883333 0.009
