0 0.55791667 0.705125 0.05583333 0.25175
0 0.19308333 0.09725 0.0915 0.0345
0 0.16958333 0.038 0.0745 0.028
0 0.0435 0.069875 0.08166667 0.03075
0 0.30408333 0.052625 0.0985 0.04375
0 0.42883333 0.026625 0.09766667 0.05325
0 0.49533333 0.020625 0.03366667 0.04125
0 0.85125 0.05925 0.10116667 0.1185
0 0.77008333 0.068625 0.1075 0.13725
0 0.78566667 0.094625 0.04266667 0.05325
0 0.88766667 0.083875 0.032 0.04775
0 0.69958333 0.814875 0.04616667 0.15725
0 0.60275 0.396875 0.0265 0.05325
0 0.49841667 0.382125 0.07716667 0.00275
0 0.01241667 0.8775 0.02483333 0.0505
