0 0.303 0.71025 0.11866667 0.182
0 0.38758333 0.655125 0.04883333 0.09225
0 0.18758333 0.949375 0.0505 0.10125
0 0.08333333 0.885875 0.08633333 0.04375
0 0.0885 0.758875 0.177 0.05125
0 0.33416667 0.3705 0.171 0.0335
0 0.5855 0.3845 0.06833333 0.
0 0.591 0.41275 0.088 0.0025
0 0.89358333 0.562125 0.04016667 0.07825
0 0.96408333 0.63725 0.07183333 0.1435
0 0.99141667 0.562125 0.01716667 0.03475
0 0.95 0.8025 0.1 0.123
0 0.897 0.68975 0.01466667 0.1025
0 0.8295 0.603875 0.08633333 0.01275
0 0.81066667 0.561 0.06066667 0.0115
0 0.19191667 0.019875 0.05216667 0.03975
0 0.07266667 0.228875 0.08366667 0.02425
0 0.04016667 0.293625 0.08033333 0.02825
