0 0.66158333 0.92825 0.07183333 0.0435
0 0.61841667 0.8955 0.04183333 0.0475
0 0.97266667 0.881375 0.041 0.05525
0 0.48975 0.850625 0.0975 0.04725
0 0.34833333 0.837875 0.06066667 0.05525
0 0.39016667 0.858375 0.06233333 0.00375
0 0.24275 0.750625 0.11783333 0.13475
0 0.16716667 0.584625 0.03333333 0.07675
0 0.106 0.4775 0.10933333 0.1345
0 0.10216667 0.501375 0.03 0.04875
0 0.09483333 0.5885 0.06666667 0.105
0 0.08416667 0.609 0.09833333 0.1155
0 0.27866667 0.832 0.147 0.1565
0 0.37133333 0.900625 0.088 0.01425
0 0.22433333 0.810875 0.18366667 0.24725
0 0.11025 0.907 0.02383333 0.0755
0 0.09783333 0.768625 0.06933333 0.07575
0 0.36325 0.2815 0.02916667 0.0525
0 0.39308333 0.16975 0.1265 0.25
0 0.36966667 0.147375 0.13933333 0.26675
0 0.27691667 0.342875 0.05983333 0.07825
0 0.88891667 0.1615 0.09583333 0.064
0 0.92441667 0.21475 0.04183333 0.037
0 0.89016667 0.0455 0.06066667 0.091
0 0.93116667 0.05 0.07266667 0.1
0 0.73383333 0.034 0.08633333 0.068
0 0.69916667 0.034625 0.05133333 0.06425
0 0.81708333 0.14875 0.13683333 0.1
0 0.06875 0.753875 0.0795 0.08975
0 0.51883333 0.796875 0.11966667 0.05775
0 0.638 0.714125 0.17 0.13075
0 0.40216667 0.512125 0.10333333 0.01925
0 0.04533333 0.70325 0.077 0.109
0 0.01883333 0.5615 0.03766667 0.136
0 0.9205 0.123125 0.024 0.06925
0 0.97225 0.041625 0.0505 0.08325
