0 0.66033333 0.8885 0.03333333 0.123
0 0.43758333 0.531375 0.0205 0.14475
0 0.38375 0.377625 0.02216667 0.09625
0 0.24566667 0.40125 0.02133333 0.0565
0 0.3055 0.477 0.11366667 0.118
0 0.36841667 0.55325 0.0445 0.073
0 0.40258333 0.2365 0.0445 0.0655
0 0.497 0.43775 0.05033333 0.1115
0 0.48375 0.44875 0.07683333 0.1665
0 0.33416667 0.023125 0. 0.04625
0 0.35983333 0.02625 0. 0.0525
0 0.20425 0.1045 0.0495 0.078
0 0.22441667 0.034625 0.0385 0.06425
0 0.32733333 0.102625 0.04266667 0.01275
0 0.34575 0.11275 0.02316667 0.0435
0 0.58291667 0.812875 0.09216667 0.00775
0 0.63675 0.73275 0.0805 0.086
0 0.61233333 0.752625 0.06066667 0.06675
0 0.66583333 0.6955 0.089 0.0985
0 0.64066667 0.61275 0.13933333 0.159
0 0.90983333 0.960875 0.08133333 0.00625
0 0.93758333 0.937875 0.03083333 0.00125
0 0.81625 0.937875 0.0565 0.01925
0 0.97008333 0.246125 0.05483333 0.08725
0 0.88841667 0.290375 0.1495 0.03975
0 0.88975 0.234 0.18116667 0.096
0 0.03591667 0.706375 0.07183333 0.01275
0 0.03633333 0.73975 0.07266667 0.
0 0.1145 0.70125 0.08366667 0.059
0 0.41191667 0.719875 0.05816667 0.02675
0 0.23766667 0.95575 0.02733333 0.0885
0 0.17733333 0.924375 0.09833333 0.15125
0 0.20383333 0.833375 0.06233333 0.06425
0 0.07483333 0.855125 0.08633333 0.04625
0 0.12816667 0.862125 0.05633333 0.03475
0 0.01408333 0.86025 0.02816667 0.0205
0 0.02991667 0.159 0.05983333 0.2075
0 0.01366667 0.6295 0.02733333 0.087
0 0.11458333 0.61475 0.11283333 0.1655
0 0.35808333 0.678125 0.1145 0.04875
0 0.32866667 0.62125 0.09833333 0.05
0 0.37858333 0.625 0.03583333 0.0165
0 0.51708333 0.04225 0.03416667 0.077
