0 0.47991667 0.274375 0.05716667 0.03325
0 0.45808333 0.29425 0.05816667 0.009
0 0.27008333 0.21475 0.17783333 0.132
0 0.16791667 0.149375 0.0505 0.06775
0 0.09225 0.071875 0.15216667 0.11275
0 0.094 0.110875 0.05133333 0.02175
0 0.40766667 0.36275 0.118 0.023
0 0.61533333 0.255875 0.10766667 0.08075
0 0.51025 0.41725 0.25483333 0.1705
0 0.64441667 0.310875 0.0905 0.06525
0 0.388 0.468625 0.09233333 0.06275
0 0.37733333 0.78525 0.08633333 0.019
0 0.23166667 0.855125 0.065 0.00275
0 0.22266667 0.487125 0.076 0.03325
0 0.27858333 0.427625 0.12816667 0.08325
0 0.89783333 0.600625 0.076 0.22175
0 9.52583333e-01 4.52500000e-01 8.33333333e-04 6.15000000e-02
0 0.97733333 0.61275 0.04533333 0.064
0 0.8825 0.19425 0.06933333 0.027
0 0.1705 0.219875 0.05733333 0.04475
0 0.17991667 0.01725 0.08983333 0.027
