0 0.07525 0.501375 0.1505 0.00775
0 0.02433333 0.451875 0.04866667 0.00125
0 0.03591667 0.336 0.07183333 0.041
0 0.17866667 0.263375 0.11966667 0.08075
0 0.13541667 0.13725 0.06583333 0.
0 0.35766667 0.31475 0.00933333 0.114
0 0.36708333 0.366 0.00416667 0.0475
0 0.39058333 0.251375 0.00183333 0.30775
0 0.41408333 0.172375 0.00416667 0.11675
0 0.08125 0.546125 0.05816667 0.00275
0 0.05941667 0.6025 0.08116667 0.023
0 0.29058333 0.8115 0.11116667 0.1155
0 0.37991667 0.707 0.0025 0.2345
0 8.78250000e-01 6.22375000e-01 8.33333333e-04 8.07500000e-02
0 0.96408333 0.41675 0.07183333 0.
0 0.9355 0.46275 0.035 0.0025
0 0.93633333 0.200625 0.05566667 0.05275
0 0.85941667 0.24225 0.14616667 0.182
0 0.94866667 0.139125 0.06833333 0.06025
0 0.94183333 0.080125 0.06666667 0.06275
0 0.85125 0.117875 0.04783333 0.05375
0 0.9615 0.728875 0.077 0.04225
0 0.79141667 0.769875 0.07016667 0.04475
0 0.75083333 0.7225 0.03333333 0.086
0 0.76666667 0.7795 0.03433333 0.041
0 0.80858333 0.824375 0.02216667 0.04875
0 0.77908333 0.690375 0.05716667 0.05275
0 0.87733333 0.97175 0.02133333 0.0025
0 0.88808333 0.984625 0.0085 0.03075
0 0.63291667 0.258375 0.03516667 0.01675
0 0.62825 0.238375 0.03083333 0.01275
0 0.27225 0.385875 0.07616667 0.01775
