0 0.202 0.81825 0.15533333 0.0625
0 0.08833333 0.9075 0.13233333 0.076
0 0.03908333 0.5605 0.07816667 0.04
0 0.043 0.482625 0.08433333 0.04925
0 0.158 0.51525 0.119 0.0425
0 0.249 0.528625 0.11266667 0.01325
0 0.89483333 0.372125 0.19 0.00125
0 0.90566667 0.30625 0.18866667 0.0185
0 0.91166667 0.492625 0.15966667 0.02675
0 0.95033333 0.55725 0.05766667 0.121
0 0.9465 0.710375 0.107 0.22525
0 0.88633333 0.894125 0.03633333 0.20625
0 0.82783333 0.924125 0.05066667 0.15175
0 0.86641667 0.747 0.02316667 0.12
0 0.68308333 0.955375 0.11816667 0.08925
0 0.56283333 0.95875 0.17566667 0.0825
0 0.52641667 0.892875 0.07816667 0.04925
0 0.15275 0.292375 0.2255 0.08125
0 0.29025 0.21975 0.10116667 0.096
