0 0.74475 0.279 0.14383333 0.1345
0 0.75983333 0.29825 0.12433333 0.136
0 0.68308333 0.02125 0.04883333 0.0425
0 0.43316667 0.3855 0.10466667 0.052
0 0.45408333 0.328875 0.0365 0.03975
0 0.25433333 0.203625 0.05933333 0.08525
0 0.13891667 0.1585 0.04183333 0.056
0 0.11625 0.90275 0.1935 0.032
0 0.42433333 0.844125 0.13133333 0.06125
0 0.84691667 0.647125 0.0125 0.12525
0 0.93875 0.466 0.09683333 0.2185
0 0.98358333 0.220375 0.03016667 0.02775
0 0.98733333 0.09725 0.02533333 0.048
0 0.80208333 0.12125 0.10216667 0.1225
0 0.74525 0.372125 0.17483333 0.22225
0 0.79316667 0.34425 0.13566667 0.1585
0 0.62183333 0.445375 0.05933333 0.08925
