0 0.17266667 0.31725 0.041 0.232
0 0.1385 0.29675 0.03933333 0.286
0 0.059 0.42625 0.10266667 0.091
0 0.59016667 0.709625 0.17166667 0.10625
0 0.7145 0.223 0.09233333 0.1975
0 0.76583333 0.1635 0.04266667 0.091
0 0.70341667 0.20325 0.10783333 0.2345
0 0.72475 0.101875 0.0615 0.16275
0 0.53675 0.407625 0.14883333 0.27425
0 0.65808333 0.146125 0.1145 0.28725
0 0.488 0.784 0.012 0.086
0 0.45766667 0.7475 0.01966667 0.1565
0 0.4355 0.748125 0.018 0.13725
0 0.40083333 0.764125 0.01033333 0.13575
0 0.78591667 0.88275 0.02483333 0.2345
0 0.86108333 0.655125 0.12383333 0.02575
0 0.74316667 0.684625 0.006 0.14625
0 0.71066667 0.676875 0.00766667 0.19225
0 0.67141667 0.742875 0.02483333 0.11925
0 0.10941667 0.7205 0.02383333 0.113
