0 0.92525 0.376875 0.1495 0.08975
0 0.7825 0.240375 0.10333333 0.03975
0 0.79408333 0.217875 0.08716667 0.03325
0 0.68125 0.1705 0.05983333 0.005
0 0.67308333 0.211625 0.06583333 0.02825
0 0.75258333 0.33975 0.1905 0.087
0 0.74616667 0.369875 0.10933333 0.05775
0 0.32475 0.128875 0.07183333 0.23475
0 0.0795 0.55 0.14533333 0.1255
0 0.08375 0.589125 0.11783333 0.06275
0 0.10091667 0.871125 0.0855 0.19875
0 0.02183333 0.736625 0.04366667 0.05775
0 0.46708333 0.891625 0.01616667 0.07575
0 0.94141667 0.681375 0.11716667 0.01425
0 0.77258333 0.414125 0.09916667 0.03075
