0 0.42908333 0.383375 0.06316667 0.40525
0 0.42991667 0.19875 0.01716667 0.054
0 0.44525 0.199375 0.02216667 0.05775
0 0.34233333 0.4045 0.071 0.0425
0 0.41575 0.466 0.01283333 0.104
0 0.33683333 0.32375 0.06666667 0.05
0 0.1475 0.139625 0.059 0.11025
0 0.06283333 0.23975 0.12566667 0.1155
0 0.82475 0.659625 0.11616667 0.11925
0 0.91241667 0.084 0.17516667 0.168
0 0.81108333 0.048125 0.0975 0.09625
0 0.97008333 0.01725 0.05116667 0.0345
0 0.94783333 0.627 0.10433333 0.1
0 0.153 0.877 0.08366667 0.2385
