0 0.1115 0.477 0.223 0.182
0 0.22733333 0.294875 0.20166667 0.15625
0 0.37133333 0.153875 0.15133333 0.08475
0 0.45516667 0.244875 0.16666667 0.08725
0 0.45983333 0.283375 0.04433333 0.02825
0 0.56241667 0.348125 0.0735 0.04225
0 0.65258333 0.435875 0.05383333 0.01775
0 0.7265 0.443625 0.02066667 0.05375
0 0.74441667 0.4705 0.01716667 0.072
0 0.6885 0.554375 0.02133333 0.11925
0 0.66791667 0.82825 0.04016667 0.105
0 0.65391667 0.8205 0.0205 0.0615
0 0.70891667 0.9 0.0265 0.054
0 0.74058333 0.971125 0.0435 0.05775
0 0.95766667 0.7315 0.023 0.068
0 0.90425 0.138375 0.04783333 0.04875
0 0.5505 0.635875 0.21366667 0.29475
0 0.55166667 0.771125 0.047 0.24725
0 0.37175 0.591625 0.1675 0.23475
0 0.11491667 0.562875 0.22816667 0.21275
0 0.30641667 0.475625 0.21116667 0.01525
0 0.25383333 0.55775 0.10933333 0.0155
0 0.29958333 0.51925 0.14616667 0.
0 0.36925 0.42625 0.1625 0.0115
0 0.38158333 0.392375 0.12216667 0.00775
0 0.7735 0.2045 0.03933333 0.086
