0 0.57175 0.44675 0.14383333 0.185
0 0.87575 0.21175 0.1375 0.1865
0 0.91525 0.107875 0.0905 0.09575
0 0.58633333 0.530625 0.047 0.04675
0 0.5655 0.577125 0.03366667 0.04125
0 0.37066667 0.657125 0.12166667 0.08375
0 0.35866667 0.678375 0.17566667 0.10525
0 0.38883333 0.737625 0.09766667 0.06125
0 0.38441667 0.522625 0.31783333 0.19025
0 0.56541667 0.66375 0.10116667 0.129
0 0.53175 0.759625 0.07983333 0.07875
0 0.17266667 0.3535 0.27433333 0.108
0 0.80516667 0.783625 0.11366667 0.07325
0 0.87483333 0.797625 0.03633333 0.02125
0 0.7315 0.222375 0.23433333 0.24225
0 0.8975 0.30025 0.18466667 0.209
0 0.4785 0.657875 0.16166667 0.10925
0 0.52066667 0.823625 0.05066667 0.03875
