0 0.40083333 0.597875 0.07366667 0.09325
0 0.35466667 0.43475 0.07733333 0.028
0 0.257 0.153125 0.07366667 0.07475
0 0.05325 0.3095 0.04083333 0.02
0 0.01733333 0.1325 0.03466667 0.0225
0 0.06041667 0.801625 0.08516667 0.05325
0 0.087 0.971375 0.04266667 0.01725
0 0.60541667 0.85425 0.0835 0.028
0 0.92058333 0.896125 0.07983333 0.01075
0 0.93741667 0.93075 0.1225 0.0135
0 0.92366667 0.82625 0.11266667 0.036
0 0.84508333 0.20775 0.05316667 0.072
0 0.97133333 0.54725 0.05733333 0.
0 0.77625 0.277 0.08616667 0.1785
0 0.69025 0.221625 0.06483333 0.05725
0 0.60941667 0.590625 0.04183333 0.05725
0 0.5375 0.625125 0.033 0.08375
0 0.39458333 0.1685 0.0025 0.1105
0 0.75366667 0.94475 0.07466667 0.0225
0 0.70441667 0.635875 0.0755 0.08125
0 0.4745 0.977375 0.05233333 0.02125
