0 0.61875 0.56475 0.0445 0.0985
0 0.59958333 0.605875 0.04516667 0.11925
0 0.58075 0.53075 0.00416667 0.064
0 0.55775 0.648625 0.0265 0.07175
0 0.62525 0.82175 0.05216667 0.064
0 0.72308333 0.96725 0.0735 0.0655
0 0.64058333 0.975625 0.04883333 0.04875
0 0.79783333 0.665375 0.11533333 0.01775
0 0.86458333 0.902625 0.05383333 0.14625
0 0.89616667 0.753125 0.05033333 0.11925
0 0.9145 0.59175 0.09066667 0.009
0 0.49958333 0.301375 0.06916667 0.05125
0 0.32391667 0.2565 0.12316667 0.082
0 0.31116667 0.2045 0.12133333 0.0755
0 0.14316667 0.413375 0.17166667 0.06275
0 0.06458333 0.214125 0.09316667 0.15125
0 0.08966667 0.059625 0.053 0.11925
0 0.0295 0.0705 0.059 0.136
0 0.20858333 0.052625 0.06316667 0.10525
0 0.19741667 0.115375 0.11616667 0.18225
0 0.303 0.112125 0.059 0.04225
0 0.37483333 0.102 0.194 0.1525
0 0.45258333 0.119875 0.0795 0.04475
0 0.58716667 0.234625 0.13666667 0.09725
0 0.55125 0.147375 0.12316667 0.10775
0 0.81925 0.29225 0.10683333 0.3385
0 0.84275 0.1955 0.04283333 0.1245
0 0.71875 0.3295 0.04783333 0.0515
0 0.71283333 0.2545 0.07166667 0.068
0 0.96066667 0.665375 0.017 0.05625
0 0.92008333 0.685875 0.01116667 0.04375
0 0.99183333 0.901875 0.00766667 0.13725
0 0.39958333 0.1725 0.03683333 0.0295
0 0.41325 0.221125 0.0195 0.01925
0 0.19316667 0.17625 0.05633333 0.0935
0 0.17691667 0.467875 0.06483333 0.04875
