0 0.48158333 0.625 0.0385 0.1835
0 0.4475 0.53975 0.047 0.2205
0 0.44225 0.416 0.01283333 0.0885
0 0.46116667 0.4275 0.018 0.109
0 0.45041667 0.69425 0.05816667 0.2475
0 0.58891667 0.881375 0.02383333 0.15775
0 0.06366667 0.757125 0.09666667 0.13725
0 0.05941667 0.892875 0.11883333 0.19625
0 0.20133333 0.975 0.03333333 0.05
0 0.16925 0.514 0.08383333 0.0795
0 0.129 0.45125 0.06666667 0.0665
0 0.08425 0.46925 0.06583333 0.0795
0 0.16116667 0.55375 0.047 0.018
0 0.84358333 0.427625 0.05983333 0.12425
0 0.71075 0.072375 0.05216667 0.14475
0 0.685 0.043625 0.018 0.08725
0 0.96791667 0.75375 0.0505 0.059
0 0.988 0.72175 0.024 0.036
0 0.94058333 0.765375 0.04883333 0.05375
0 0.93416667 0.789125 0.07533333 0.04475
0 0.98933333 0.8525 0.02133333 0.0565
0 0.91875 0.818 0.0615 0.0435
