0 0.82258333 0.276375 0.11883333 0.37825
0 0.82308333 0.093625 0.0565 0.11275
0 0.809 0.060875 0.06066667 0.12175
0 0.82691667 0.38975 0.0915 0.346
0 0.591 0.785875 0.09666667 0.11775
0 0.70725 0.948125 0.08283333 0.10375
0 0.46883333 0.6725 0.136 0.173
0 0.17941667 0.732125 0.0735 0.11025
0 0.288 0.875 0.04266667 0.0165
0 0.09741667 0.548125 0.19483333 0.17575
0 0.15 0.40325 0.105 0.0885
0 0.2915 0.221125 0.08033333 0.06525
0 0.2205 0.2435 0.31466667 0.0975
0 0.22008333 0.274375 0.23516667 0.08225
0 0.1615 0.757625 0.07866667 0.12825
0 0.97816667 0.972375 0.00933333 0.05525
0 0.98333333 0.5935 0.03333333 0.2025
0 9.27750000e-01 6.07000000e-01 8.33333333e-04 7.30000000e-02
0 0.974 0.090375 0.006 0.06275
0 0.55641667 0.05775 0.0445 0.1155
0 0.506 0.116 0.09733333 0.232
0 0.60983333 0.332625 0.11033333 0.06275
0 0.20508333 0.573 0.0615 0.0435
