0 0.42291667 0.07325 0.04883333 0.144
0 0.49933333 0.1005 0.12333333 0.201
0 0.57433333 0.046 0.048 0.092
0 0.65425 0.02725 0.03383333 0.0545
0 0.48291667 0.266375 0.23616667 0.34625
0 0.557 0.18975 0.05766667 0.081
0 0.56633333 0.23425 0.13133333 0.1385
0 0.30316667 0.03125 0.00433333 0.0625
0 0.38175 0.8735 0.01416667 0.168
0 0.35466667 0.8975 0.00966667 0.1785
0 0.29958333 0.8295 0.0365 0.341
0 0.1425 0.09325 0.031 0.173
0 0.51616667 0.858875 0.12866667 0.28225
0 0.70791667 0.70375 0.1305 0.2675
0 0.90083333 0.52325 0.19833333 0.0345
0 0.91783333 0.58125 0.12433333 0.004
0 0.79075 0.469375 0.4185 0.08675
