0 0.19016667 0.483875 0.124 0.13975
0 0.09575 0.375 0.05116667 0.037
0 0.04533333 0.37825 0.06833333 0.0385
0 0.04616667 0.780125 0.09233333 0.01675
0 0.43891667 0.784625 0.08283333 0.06425
0 0.43333333 0.916 0.118 0.014
0 0.37175 0.957 0.1025 0.009
0 0.5735 0.1455 0.08366667 0.0475
0 0.58075 0.074375 0.0675 0.03575
0 0.78208333 0.025 0.06316667 0.05
0 0.518 0.121125 0.012 0.12175
0 0.5175 0.048125 0.00933333 0.06525
0 0.76066667 0.727625 0.02733333 0.16025
0 0.80383333 0.9045 0.01466667 0.0755
0 0.76108333 0.960875 0.03683333 0.07825
0 0.93333333 0.968625 0.00866667 0.06275
0 0.8 0.837125 0.03933333 0.04625
0 0.78033333 0.8725 0.017 0.0655
0 0.3115 0.97175 0.01966667 0.0255
