0 0.7945 0.392125 0.23966667 0.03875
0 0.90275 0.504625 0.0355 0.06925
0 0.87041667 0.469375 0.04883333 0.02775
0 0.84466667 0.591875 0.063 0.07575
0 0.87791667 0.603875 0.0515 0.06525
0 0.92008333 0.6645 0.03116667 0.056
0 0.89525 0.729625 0.1215 0.13575
0 0.77583333 0.6065 0.08333333 0.0945
0 0.73325 0.65775 0.04616667 0.048
0 0.67816667 0.746375 0.055 0.05975
0 0.66041667 0.556625 0.06916667 0.10375
0 0.67291667 0.6165 0.04616667 0.0505
0 0.57208333 0.488 0.09316667 0.1
0 0.786 0.07725 0.063 0.024
0 0.79091667 0.012 0.04083333 0.024
0 0.93166667 0.176375 0.08066667 0.01725
0 0.779 0.171125 0.12333333 0.04375
0 0.74925 0.20775 0.1385 0.0265
0 0.66316667 0.281 0.206 0.032
0 0.6875 0.3435 0.10566667 0.0265
0 0.63383333 0.331625 0.07266667 0.00275
0 0.72966667 0.02925 0.064 0.0585
0 0.90766667 0.197 0.06133333 0.072
0 0.96025 0.235625 0.0795 0.01325
