0 0.9645 0.906375 0.071 0.02575
0 0.87525 0.97625 0.1145 0.0475
0 0.38291667 0.331375 0.04283333 0.16275
0 0.39566667 0.246125 0.02733333 0.04625
0 0.41883333 0.133375 0.03066667 0.10775
0 0.40641667 0.198 0.00083333 0.068
0 0.41916667 0.209 0.01966667 0.0845
0 0.45941667 0.203875 0.11183333 0.38975
0 0.51191667 0.255125 0.0325 0.13575
0 0.57775 0.21925 0.02216667 0.1075
0 0.31833333 0.109625 0.08633333 0.01925
0 0.35091667 0.090375 0.05216667 0.00875
0 0.28933333 0.082125 0.06933333 0.03325
0 0.04958333 0.039125 0.09916667 0.01675
0 0.7855 0.392875 0.07866667 0.01925
0 0.72866667 0.509625 0.08966667 0.01175
0 0.86916667 0.25775 0.05466667 0.077
0 0.04233333 0.7295 0.08466667 0.0335
