0 0.40166667 0.876375 0.00166667 0.09875
0 0.11625 0.909625 0.06483333 0.18075
0 0.22908333 0.4885 0.14016667 0.154
0 0.10216667 0.025625 0.064 0.05125
0 0.02133333 0.1455 0.04266667 0.0525
0 0.61108333 0.640375 0.0035 0.16775
0 0.63425 0.52375 0.00516667 0.0755
0 0.5765 0.603875 0.001 0.16425
0 0.55383333 0.858375 0.024 0.15525
0 0.68075 0.6155 0.02983333 0.3
0 0.65683333 0.647375 0.01466667 0.19225
0 0.80258333 0.448125 0.10416667 0.00125
0 0.5645 0.93075 0.03666667 0.095
0 0.52816667 0.932125 0.012 0.07175
0 0.54058333 0.62625 0.04016667 0.0885
0 0.50933333 0.585875 0.02733333 0.07675
