0 0.7 0.850625 0.08533333 0.08825
0 0.67566667 0.82625 0.04866667 0.037
0 0.74358333 0.838375 0.09583333 0.08725
0 0.78758333 0.839 0.11716667 0.109
0 0.85091667 0.830125 0.11883333 0.08825
0 0.78508333 0.977 0.08116667 0.0385
0 0.91366667 0.4885 0.17266667 0.1
0 0.97525 0.408375 0.0495 0.04225
0 0.9265 0.76475 0.048 0.078
0 0.98033333 0.79425 0.03933333 0.0345
0 0.98416667 0.81475 0.03166667 0.014
0 0.88283333 0.513375 0.094 0.03975
0 0.73466667 0.327 0.13766667 0.1565
0 0.81883333 0.440375 0.08033333 0.13475
0 0.71716667 0.771125 0.01366667 0.05525
0 0.69783333 0.777 0.01966667 0.041
