0 0.60641667 0.4315 0.0625 0.091
0 0.68416667 0.34225 0.03666667 0.0205
0 0.67558333 0.261 0.0385 0.091
0 0.60466667 0.291625 0.083 0.09875
0 0.64958333 0.225625 0.02916667 0.07425
0 0.83933333 0.473625 0.082 0.12175
0 0.75083333 0.36225 0.10166667 0.091
0 0.72216667 0.28975 0.05466667 0.054
0 0.83458333 0.38075 0.16316667 0.182
0 0.806 0.306375 0.04966667 0.06425
0 0.80425 0.210875 0.04616667 0.08325
0 0.80258333 0.235375 0.03416667 0.03975
0 0.85725 0.344875 0.03083333 0.04625
0 0.97008333 0.70575 0.05983333 0.0705
0 0.909 0.648125 0.06233333 0.04225
0 0.94533333 0.96275 0.01033333 0.064
0 0.39916667 0.96275 0.08033333 0.059
0 0.44825 0.967375 0.08283333 0.06025
0 0.46325 0.909 0.15216667 0.1155
0 0.41666667 0.073125 0.02633333 0.14625
0 0.40433333 0.05 0.02733333 0.1
0 0.72825 0.18975 0.10083333 0.1515
0 0.88333333 0.91925 0.035 0.0615
0 0.85341667 0.910875 0.04016667 0.06525
