0 0.76325 0.459 0.02383333 0.2255
0 0.77141667 0.762125 0.01116667 0.19625
0 0.95391667 0.116 0.03416667 0.1755
0 0.9415 0.160875 0.07433333 0.31675
0 0.94533333 0.289125 0.01033333 0.07575
0 0.90041667 0.25325 0.05216667 0.1525
0 0.86458333 0.105125 0.0265 0.19225
0 0.89533333 0.406375 0.006 0.26675
0 0.947 0.625625 0.106 0.09225
0 0.99233333 0.5295 0.01533333 0.0205
0 0.92525 0.552625 0.08983333 0.07175
0 0.99191667 0.182 0.01616667 0.141
0 0.956 0.928875 0.08633333 0.04475
0 0.90466667 0.973125 0.112 0.05375
0 0.63975 0.480125 0.03683333 0.06025
0 0.55166667 0.196125 0.059 0.13075
0 0.52866667 0.21025 0.03166667 0.064
0 0.44616667 0.324375 0. 0.07175
0 0.4235 0.323125 0.00933333 0.04875
0 0.4 0.4 0.058 0.059
0 0.26241667 0.712875 0.04616667 0.19225
0 0.21791667 0.1885 0.0085 0.205
0 0.2825 0.041 0.011 0.082
0 0.17133333 0.15575 0.04366667 0.091
0 0.1555 0.675625 0.07866667 0.12325
0 0.1825 0.75 0.04866667 0.023
0 0.20258333 0.794875 0.0735 0.02575
0 0.08458333 0.79875 0.07016667 0.0665
0 0.17183333 0.878125 0.05466667 0.07175
0 0.09575 0.664125 0.07183333 0.07175
0 0.10083333 0.71925 0.09566667 0.095
0 0.25258333 0.866625 0.01783333 0.08725
0 0.18675 0.95325 0.05216667 0.0935
0 0.12908333 0.921125 0.10083333 0.15525
