0 0.47633333 0.42875 0.08433333 0.
0 0.39725 0.285625 0.0895 0.04125
0 0.10341667 0.476 0.0685 0.084
0 0.0515 0.448125 0.05866667 0.01475
0 0.126 0.717125 0.055 0.03325
0 0.1025 0.764875 0.06833333 0.03325
0 0.11133333 0.84425 0.07366667 0.0185
0 0.573 0.70575 0.01166667 0.0905
0 0.68083333 0.344875 0.03733333 0.04775
0 0.60625 0.311625 0.07283333 0.08775
0 0.4705 0.502625 0.05333333 0.00925
0 0.368 0.526625 0.04533333 0.00925
0 0.78075 0.9115 0.05583333 0.177
0 0.81491667 0.92875 0.0265 0.1425
