0 0.1855 0.72875 0.106 0.3885
0 0.13716667 0.525 0.00433333 0.081
0 0.13583333 0.422375 0. 0.06025
0 0.08458333 0.457125 0.00516667 0.10125
0 0.12775 0.733375 0.05216667 0.16425
0 0.25175 0.29675 0.0385 0.173
0 0.17133333 0.125625 0.04366667 0.14625
0 0.12558333 0.194875 0.03416667 0.12575
0 0.0175 0.126875 0.035 0.07175
0 0.29408333 0.239125 0.0205 0.08325
0 0.44016667 0.618 0.22066667 0.141
0 0.50516667 0.51475 0.05633333 0.0525
0 0.67475 0.498625 0.0505 0.18975
0 0.768 0.573125 0.047 0.18725
0 0.55383333 0.153875 0.094 0.30775
0 0.53033333 0.3775 0.00433333 0.2705
0 0.46833333 0.260875 0.05133333 0.39625
