0 0.76791667 0.12775 0.07816667 0.0985
0 0.85758333 0.166375 0.1065 0.11725
0 0.91525 0.220375 0.04783333 0.06525
0 0.66 0.388125 0.088 0.05975
0 0.66983333 0.420125 0.06833333 0.09725
0 0.77541667 0.336125 0.1305 0.04125
0 0.69866667 0.876875 0.02833333 0.12125
0 0.72525 0.774375 0.04983333 0.13175
0 0.75716667 0.73575 0.04966667 0.1025
0 0.83708333 0.92675 0.05683333 0.1465
0 0.691 0.569875 0.079 0.12525
0 0.54416667 0.745 0.05333333 0.193
0 0.51216667 0.92475 0.02666667 0.1265
0 0.21125 0.235625 0.10116667 0.27175
0 0.37466667 0.06925 0. 0.1385
0 0.40658333 0.077875 0.00716667 0.15575
0 0.40875 0.25425 0.03283333 0.285
0 0.48066667 0.364125 0.031 0.15325
0 0.51041667 0.354875 0.04983333 0.19575
0 0.50958333 0.271625 0.06383333 0.22125
0 0.423 0.937375 0.02933333 0.12525
0 0.24941667 0.88475 0.03016667 0.2065
0 0.20466667 0.832125 0.01333333 0.08525
0 0.17391667 0.51 0.04616667 0.1225
0 0.87258333 0.28825 0.06383333 0.052
0 0.46425 0.06525 0.01783333 0.1305
