0 0.76791667 0.891625 0.05383333 0.06525
0 0.774 0.952 0.047 0.091
0 0.6495 0.818625 0.147 0.15775
0 0.7385 0.935875 0.065 0.12575
0 0.3 0.7435 0.094 0.0385
0 0.31666667 0.911 0.07933333 0.0705
0 0.33891667 0.88525 0.0915 0.086
0 0.18166667 0.889125 0.035 0.03475
0 0.047 0.398 0.089 0.0885
0 0.33716667 0.162875 0.13933333 0.00775
0 0.5 0.432125 0.04966667 0.17175
0 0.49275 0.3225 0.02483333 0.1295
0 0.55258333 0.573125 0.0315 0.14625
0 0.56541667 0.511 0.08283333 0.2885
0 0.588 0.466625 0.135 0.43575
0 0.65216667 0.348 0.10266667 0.0065
0 0.65808333 0.390375 0.08883333 0.00375
0 0.66583333 0.464 0.065 0.
0 0.96575 0.7685 0.01883333 0.2115
0 0.96916667 0.64675 0.012 0.055
0 0.93975 0.95 0.00583333 0.087
0 0.98591667 0.871875 0.02816667 0.22825
0 0.97866667 0.522375 0.00166667 0.19625
0 0.99575 0.53075 0.0085 0.1155
0 0.45383333 0.450625 0.07166667 0.01175
0 0.359 0.4815 0.082 0.032
0 0.42566667 0.49425 0.05133333 0.004
0 0.365 0.512875 0.082 0.04625
0 0.29058333 0.544875 0.08216667 0.01775
0 0.39058333 0.673125 0.14516667 0.01525
0 0.43208333 0.615375 0.08283333 0.00525
