0 0.48333333 0.775625 0.04166667 0.44875
0 0.43583333 0.777625 0.007 0.03475
0 0.5575 0.95075 0. 0.0985
0 0.5815 0.711125 0.01066667 0.19175
0 0.61208333 0.83225 0.01683333 0.181
0 0.6525 0.830125 0.01766667 0.21975
0 0.63208333 0.645125 0.00716667 0.12375
0 0.75591667 0.46 0.03816667 0.249
0 0.89083333 0.3375 0.088 0.0145
0 0.72616667 0.8395 0.03366667 0.161
0 0.46475 0.527875 0.02216667 0.20375
0 0.58233333 0.3695 0.055 0.068
0 0.656 0.207125 0.009 0.19575
0 0.60325 0.20575 0.0435 0.0465
0 0.68666667 0.215 0.00966667 0.1905
0 0.70841667 0.237625 0.00716667 0.06525
0 0.77583333 0.1645 0.01766667 0.0545
0 0.783 0.1265 0.032 0.104
0 0.59075 0.04 0.0505 0.056
0 0.39675 0.4095 0.1775 0.313
0 0.32133333 0.58525 0.11533333 0.1105
0 0.26458333 0.53725 0.03016667 0.028
0 0.5925 0.4435 0.008 0.0985
0 0.55483333 0.444625 0. 0.06925
0 0.529 0.51125 0.01066667 0.213
0 0.56458333 0.346875 0.05316667 0.03075
0 0.64141667 0.117875 0.2015 0.17175
0 0.81716667 0.05725 0.05066667 0.0345
0 0.72166667 0.127875 0.04966667 0.03475
0 0.86683333 0.15775 0.07533333 0.108
0 0.94566667 0.1025 0.10866667 0.096
0 0.89616667 0.171125 0.08266667 0.09725
0 0.97491667 0.108625 0.05016667 0.04925
0 0.913 0.209 0.10733333 0.1145
0 0.98025 0.194375 0.0395 0.05575
0 0.9465 0.24225 0.107 0.032
0 0.93433333 0.286875 0.10733333 0.02525
0 0.85708333 0.452 0.05416667 0.1425
0 0.37466667 0.336875 0.206 0.35975
0 0.19625 0.694375 0.38883333 0.03325
0 0.1425 0.644375 0.06666667 0.04525
0 0.06525 0.743 0.1305 0.008
0 0.21666667 0.77025 0.09766667 0.004
0 0.324 0.747625 0.08 0.02275
0 0.06966667 0.781 0.13933333 0.0145
0 0.22633333 0.862875 0.28766667 0.20525
0 0.423 0.85675 0.05233333 0.1345
0 0.494 0.515375 0.001 0.05325
0 0.68308333 0.54325 0.01683333 0.141
0 0.71683333 0.3935 0.02233333 0.1265
