0 0.6955 0.318875 0.189 0.19825
0 0.80825 0.125875 0.19983333 0.25175
0 0.8855 0.0805 0.08433333 0.153
0 0.79533333 0.089875 0.071 0.10775
0 0.64533333 0.240375 0.055 0.06275
0 0.53166667 0.45 0.16866667 0.1865
0 0.42966667 0.28425 0.048 0.0465
0 0.36575 0.388125 0.03916667 0.13175
0 0.25875 0.261 0.0825 0.0745
0 0.17175 0.171125 0.0595 0.15325
0 0.10916667 0.35025 0.023 0.088
0 0.079 0.366125 0.05866667 0.11725
0 0.016 0.20175 0.01233333 0.1905
0 0.2605 0.782875 0.01333333 0.12775
0 0.24408333 0.974 0.06216667 0.052
0 0.9305 0.927375 0.139 0.04925
0 0.80916667 0.679125 0.16066667 0.05875
0 0.94875 0.627125 0.1025 0.06375
0 0.83091667 0.783625 0.05316667 0.04125
0 0.80691667 0.764375 0.06216667 0.01875
0 0.7075 0.81225 0.11533333 0.056
0 0.48025 0.846125 0.0835 0.05725
0 0.58725 0.92475 0.05583333 0.0335
0 0.4345 0.208375 0.024 0.09975
