0 0.486 0.508 0.079 0.1745
0 0.06883333 0.13325 0.04166667 0.1545
0 0.02041667 0.06925 0.04083333 0.1385
0 0.016 0.3075 0.032 0.245
0 0.31158333 0.310875 0.0835 0.31025
0 0.32275 0.263625 0.03283333 0.16225
0 0.47625 0.627875 0.15716667 0.40625
0 0.49483333 0.77425 0.14466667 0.406
0 0.41458333 0.9295 0.0445 0.1305
0 0.35816667 0.956 0.03466667 0.088
0 0.348 0.813 0.01066667 0.06
0 0.6485 0.944125 0.01866667 0.11175
0 0.74608333 0.6625 0.04883333 0.06
0 0.66625 0.5925 0.04183333 0.0345
0 0.90141667 0.787625 0.18016667 0.14775
0 0.92633333 0.755625 0.143 0.12125
