0 0.42166667 0.32825 0.05666667 0.2625
0 0.43716667 0.53925 0.05066667 0.0505
0 0.50733333 0.514625 0.05933333 0.08675
0 0.25833333 0.64375 0.15433333 0.02
0 0.14825 0.4035 0.10283333 0.0905
0 0.08391667 0.34025 0.16783333 0.116
0 0.06433333 0.23975 0.12866667 0.1465
0 0.84733333 0.6505 0.173 0.0145
0 0.91433333 0.676375 0.05333333 0.01075
0 0.81575 0.768375 0.08883333 0.00525
0 0.85758333 0.7995 0.04083333 0.004
0 0.77891667 0.789625 0.06483333 0.01325
0 0.98291667 0.496 0.03416667 0.0415
0 0.982 0.62325 0.036 0.056
0 0.97225 0.408125 0.0555 0.11075
0 0.75675 0.0965 0.08783333 0.0145
0 0.76875 0.07 0.09216667 0.004
0 0.23258333 0.720375 0.1455 0.03475
0 0.21708333 0.751 0.15883333 0.0345
0 0.10341667 0.956 0.20683333 0.088
