0 0.59566667 0.348875 0.12066667 0.15175
0 0.63383333 0.444125 0.096 0.12125
0 0.75858333 0.468 0.08783333 0.1105
0 0.81091667 0.32025 0.27783333 0.201
0 0.29875 0.163125 0.14283333 0.14775
0 0.44516667 0.558625 0.09866667 0.39275
0 0.46425 0.753625 0.1455 0.49275
0 0.37508333 0.939375 0.0275 0.12125
0 0.36083333 0.723625 0.08433333 0.24625
0 0.42516667 0.538625 0.03366667 0.06525
0 0.48333333 0.844875 0.06833333 0.31025
0 0.56683333 0.536625 0.02566667 0.19725
0 0.53841667 0.65375 0.03816667 0.0665
0 0.68841667 0.1585 0.04883333 0.0505
0 0.7825 0.08725 0.15 0.084
0 0.923 0.047875 0.154 0.00275
0 0.85216667 0.01275 0.103 0.012
