0 0.24633333 0.256375 0.05066667 0.08925
0 0.12466667 0.496625 0.12866667 0.22375
0 0.05108333 0.645125 0.0435 0.07075
0 0.0555 0.677875 0.04533333 0.06125
0 0.1815 0.488 0.015 0.036
0 0.17083333 0.526625 0.04533333 0.05175
0 0.23475 0.420875 0.0275 0.05325
0 0.22191667 0.427375 0.0195 0.03725
0 0.35508333 0.22975 0.03016667 0.068
0 0.20508333 0.8915 0.0425 0.0785
0 0.13666667 0.981375 0.048 0.03725
0 0.0945 0.96875 0.05066667 0.06
0 0.518 0.4215 0.024 0.036
0 0.57741667 0.243125 0.00983333 0.06525
0 0.71416667 0.063875 0.072 0.12775
0 0.723 0.271 0.06666667 0.06
0 0.78158333 0.216375 0.10383333 0.05175
0 0.79541667 0.261625 0.0905 0.07325
0 0.6835 0.33625 0.04966667 0.0385
0 0.49183333 0.066 0.06566667 0.036
0 0.39375 0.3055 0.05416667 0.217
0 0.209 0.290875 0.02933333 0.05725
0 0.15841667 0.402125 0.07183333 0.13575
0 0.25566667 0.799625 0.08533333 0.07075
0 0.85616667 0.194375 0.072 0.00275
0 0.8615 0.228375 0.056 0.00125
