0 0.52566667 0.709 0.05466667 0.0565
0 0.4295 0.917375 0.153 0.14225
0 0.31666667 0.68525 0.05566667 0.0935
0 0.30725 0.36025 0.15983333 0.1845
0 0.09408333 0.1955 0.16583333 0.186
0 0.012 0.31475 0.024 0.0575
0 0.05341667 0.5295 0.09316667 0.087
0 0.03975 0.497375 0.06583333 0.07175
0 0.02091667 0.432625 0.04183333 0.06025
0 0.26791667 0.093625 0.14616667 0.18725
0 0.95 0.60125 0.06566667 0.223
0 0.44191667 0.490375 0.18983333 0.20625
0 0.48208333 0.265375 0.05983333 0.19475
0 0.38891667 0.355125 0.05816667 0.08225
0 0.41375 0.427 0.05983333 0.1025
0 0.32308333 0.5295 0.16416667 0.141
0 0.12525 0.48325 0.0505 0.118
0 0.60083333 0.2295 0.10433333 0.1025
0 0.8555 0.516625 0.08033333 0.18475
0 0.906 0.78275 0.017 0.0525
