0 0.19791667 0.308375 0.0145 0.08075
0 0.04183333 0.585875 0.06666667 0.00275
0 0.34783333 0.24225 0.123 0.105
0 0.52266667 0.06925 0.08466667 0.0565
0 0.48633333 0.06225 0.09233333 0.086
0 0.52141667 0.00775 0.02216667 0.0155
0 0.8 0.16675 0.195 0.0975
0 0.92775 0.28725 0.1445 0.0615
0 0.96241667 0.368625 0.07516667 0.02675
0 0.98758333 0.3685 0.02483333 0.009
0 0.89491667 0.351875 0.1025 0.05525
0 0.71758333 0.04425 0.10683333 0.0655
0 0.85 0.555125 0.22633333 0.00275
0 0.74441667 0.60575 0.0565 0.009
0 0.585 0.61925 0.11366667 0.013
0 0.529 0.63525 0.03933333 0.0015
0 0.24016667 0.482 0.123 0.018
0 0.35891667 0.533375 0.11283333 0.00775
0 0.3295 0.415375 0.1 0.03575
0 0.96625 0.148125 0.0675 0.03475
