0 0.75641667 0.47875 0.08383333 0.232
0 0.83633333 0.573 0.06566667 0.2
0 0.86925 0.69875 0.01716667 0.118
0 0.88075 0.89225 0.0625 0.2155
0 0.91583333 0.955125 0.023 0.08975
0 0.76966667 0.59425 0.124 0.3705
0 0.697 0.508875 0.112 0.33075
0 0.79908333 0.7955 0.04616667 0.127
0 0.58166667 0.339125 0.03166667 0.16275
0 0.48083333 0.35125 0.047 0.564
0 0.44658333 0.198125 0.02816667 0.10125
0 0.20341667 0.623625 0.05283333 0.23975
0 0.2495 0.801875 0.053 0.16525
0 0.15433333 0.630125 0.06066667 0.22675
0 0.04741667 0.709625 0.0505 0.10375
0 0.52358333 0.756375 0.0265 0.24375
0 0.58375 0.949375 0.00183333 0.09375
