0 0.9585 0.423 0.05733333 0.241
0 0.97266667 0.44875 0.05466667 0.1565
0 0.89016667 0.321875 0.00433333 0.12825
0 0.9525 0.151375 0.006 0.04875
0 0.95341667 0.21475 0.08283333 0.2475
0 0.9885 0.037875 0.006 0.07575
0 0.86158333 0.459625 0.0085 0.06775
0 0.88625 0.446125 0.00683333 0.08725
0 0.84575 0.71275 0.02483333 0.341
0 0.89616667 0.86025 0.01966667 0.277
0 0.87691667 0.834 0.03083333 0.332
0 0.09358333 0.674375 0.05216667 0.22575
0 0.09825 0.800625 0.05816667 0.30125
0 0.11325 0.421125 0.08983333 0.38325
0 0.10475 0.36275 0.04183333 0.177
0 0.191 0.42575 0.064 0.3205
0 0.33508333 0.137875 0.03083333 0.04225
0 0.26666667 0.1725 0.05133333 0.0475
