0 0.59183333 0.775 0.00433333 0.104
0 0.7445 0.959625 0.065 0.06025
0 0.89658333 0.096125 0.08383333 0.19225
0 0.93291667 0.106375 0.06916667 0.18975
0 0.4 0.75 0.06666667 0.0435
0 0.25558333 0.641625 0.16916667 0.07825
0 0.29483333 0.76675 0.05133333 0.082
0 0.36666667 0.7865 0.02066667 0.0835
0 0.07733333 0.708375 0.15466667 0.14225
0 0.4265 0.06925 0.046 0.1255
0 0.49958333 0.469875 0.0745 0.11175
0 0.5385 0.632 0.09233333 0.005
0 0.46025 0.604375 0.0555 0.01925
0 0.27433333 0.3865 0.10933333 0.0245
