0 0.05641667 0.330125 0.11283333 0.07325
0 0.42525 0.457125 0.06916667 0.04225
0 0.388 0.4545 0.09233333 0.055
0 0.48166667 0.45 0.06066667 0.023
0 0.39016667 0.26925 0.06566667 0.013
0 0.39616667 0.198625 0.064 0.01025
0 0.36283333 0.541 0.05033333 0.0255
0 0.35558333 0.565375 0.0325 0.03075
0 0.44575 0.5685 0.22316667 0.1295
0 0.52525 0.57825 0.10683333 0.059
0 0.75725 0.853875 0.06316667 0.08975
0 0.60091667 0.31475 0.0735 0.055
0 0.45466667 0.169875 0.06333333 0.01175
0 0.32141667 0.246125 0.05983333 0.01525
0 0.303 0.228125 0.05566667 0.02825
0 0.01966667 0.389 0.03933333 0.0115
