0 0.1855 0.839125 0.123 0.22675
0 0.81708333 0.41725 0.0565 0.386
0 0.85941667 0.324375 0.0915 0.58975
0 0.92733333 0.134625 0.04266667 0.26925
0 0.894 0.743625 0.00866667 0.14875
0 0.81583333 0.925 0.03166667 0.1295
0 0.7235 0.427 0.01633333 0.3
0 0.61025 0.5955 0.00183333 0.0985
0 0.60433333 0.77175 0.01366667 0.118
0 0.67008333 0.516625 0.0035 0.15125
0 0.6735 0.180125 0.02733333 0.25275
0 0.49875 0.909 0.06583333 0.182
0 0.5295 0.92625 0.059 0.1245
0 0.53333333 0.9705 0.024 0.059
0 0.18933333 0.94425 0.064 0.073
