0 0.43933333 0.739125 0.18633333 0.20625
0 0.53591667 0.878875 0.11116667 0.13475
0 0.22008333 0.456375 0.07083333 0.09475
0 0.144 0.394875 0.083 0.06425
0 0.13033333 0.190375 0.05566667 0.04475
0 0.14741667 0.152625 0.0555 0.03325
0 0.63716667 0.05775 0.08466667 0.1155
0 0.7355 0.348125 0.09833333 0.19875
0 0.82475 0.869875 0.02216667 0.10875
0 0.72091667 0.6115 0.01116667 0.1205
0 0.79491667 0.903875 0.0085 0.19225
0 0.7915 0.0635 0.02733333 0.127
0 0.94266667 0.45775 0.094 0.118
0 0.07858333 0.9205 0.1025 0.054
