0 0.39016667 0.3555 0.04 0.133
0 0.45758333 0.422125 0.06483333 0.19175
0 0.47491667 0.589875 0.08516667 0.18375
0 0.48333333 0.66175 0.05766667 0.12
0 0.25608333 0.37225 0.07716667 0.1905
0 0.14733333 0.273625 0.07633333 0.17425
0 0.21833333 0.467375 0.087 0.18125
0 0.18108333 0.87875 0.13483333 0.0665
0 0.05283333 0.90475 0.10566667 0.06
0 0.3315 0.864875 0.12866667 0.05175
0 0.62583333 0.515375 0.009 0.12525
0 0.8025 0.71175 0.09933333 0.0865
0 0.80783333 0.362875 0.08533333 0.12375
0 0.63775 0.18975 0.06483333 0.169
0 0.61383333 0.1045 0.00433333 0.076
0 0.50825 0.1365 0.10916667 0.132
0 0.56458333 0.237625 0.0585 0.07325
0 0.94983333 0.329625 0.07266667 0.15575
0 0.96958333 0.24025 0.06083333 0.1345
0 0.84016667 0.96075 0.12166667 0.0785
0 0.52158333 0.42075 0.01683333 0.1145
0 0.261 0.958 0.08333333 0.052
0 0.05058333 0.701 0.09416667 0.1345
0 0.93741667 0.8095 0.04083333 0.245
