0 0.58675 0.4795 0.0215 0.164
0 0.83375 0.210875 0.03683333 0.18325
0 0.77141667 0.034 0.02483333 0.068
0 0.92133333 0.374375 0.053 0.18475
0 0.97691667 0.468625 0.0275 0.08325
0 0.9735 0.711625 0.053 0.25125
0 0.51666667 0.943 0.01266667 0.114
0 0.49533333 0.9295 0.03 0.141
0 0.49533333 0.8185 0.006 0.1295
0 0.13291667 0.892875 0.00416667 0.15775
0 0.103 0.928875 0.00766667 0.14225
0 0.05466667 0.443 0.00333333 0.168
0 0.16583333 0.280125 0.02233333 0.16025
0 0.16708333 0.181375 0.0145 0.09625
0 0.185 0.034 0.00766667 0.068
0 0.46366667 0.342875 0.00433333 0.09625
0 0.10508333 0.032 0.0205 0.064
0 0.39575 0.1545 0.03083333 0.0345
