0 0.57525 0.825625 0.18116667 0.03075
0 0.46241667 0.780125 0.10416667 0.07325
0 0.92566667 0.840375 0.11966667 0.11425
0 0.85641667 0.935875 0.04616667 0.12825
0 0.84616667 0.884 0.07 0.104
0 0.61066667 0.46475 0.04533333 0.3655
0 0.70691667 0.153875 0.25983333 0.07675
0 0.77475 0.203125 0.15816667 0.07825
0 0.65258333 0.239625 0.1375 0.01025
0 0.62175 0.11925 0.06583333 0.005
0 0.88333333 0.49875 0.20766667 0.0745
0 0.95766667 0.441 0.083 0.0255
0 0.77991667 0.5795 0.18716667 0.0795
0 0.71666667 0.54225 0.093 0.005
0 0.056 0.891625 0.095 0.21675
0 0.52391667 0.693 0.0685 0.0295
0 0.28591667 0.519875 0.07616667 0.08075
0 0.28675 0.54425 0.1205 0.1245
0 0.63125 0.384 0.02816667 0.1425
0 0.653 0.3635 0.02233333 0.15
