0 0.92983333 0.335625 0.11266667 0.02925
0 0.93916667 0.137875 0.048 0.07325
0 0.91341667 0.20175 0.1455 0.257
0 0.4705 0.97275 0.087 0.0545
0 0.30841667 0.94875 0.14116667 0.1025
0 0.11633333 0.834125 0.055 0.03325
0 0.26725 0.315 0.06216667 0.02
0 0.47141667 0.79225 0.1935 0.1305
0 0.98958333 0.9075 0.02083333 0.02
0 0.83708333 0.677875 0.02316667 0.07725
0 0.80916667 0.63975 0.01866667 0.084
0 0.909 0.69575 0.01066667 0.081
0 0.02533333 0.80425 0.05066667 0.0215
0 0.07141667 0.1505 0.0045 0.08
0 0.01416667 0.197125 0.016 0.10925
