0 0.64491667 0.35425 0.21383333 0.4315
0 0.72083333 0.441375 0.12966667 0.30225
0 0.55966667 0.066625 0.00266667 0.13325
0 0.18858333 0.30025 0.3755 0.132
0 0.13933333 0.241625 0.277 0.13175
0 0.40575 0.13975 0.11183333 0.0825
0 0.21925 0.352125 0.4385 0.24375
0 0.08475 0.492625 0.1695 0.11975
0 0.02883333 0.595875 0.05766667 0.08675
0 0.07191667 0.677125 0.14383333 0.17175
0 0.28366667 0.475375 0.05233333 0.06125
0 0.2215 0.886875 0.175 0.05325
0 0.04791667 0.975375 0.09583333 0.03875
0 0.873 0.6285 0.05233333 0.176
0 0.80383333 0.534625 0.031 0.10275
0 0.77633333 0.548625 0.031 0.11175
0 0.75141667 0.572 0.0275 0.1105
0 0.62891667 0.966 0.04183333 0.068
0 0.60058333 0.95675 0.04883333 0.0865
0 0.21175 0.113125 0.10216667 0.08525
0 0.21125 0.06725 0.1295 0.1
0 0.06475 0.123875 0.0675 0.24775
