0 0.70483333 0.16575 0.04433333 0.0625
0 0.61825 0.044 0.07016667 0.088
0 0.77991667 0.4095 0.05416667 0.1985
0 0.77225 0.439375 0.0905 0.27175
0 0.3875 0.292875 0.063 0.17575
0 0.29075 0.60175 0.04516667 0.1145
0 0.21166667 0.6265 0.03633333 0.1105
0 0.36616667 0.627875 0.06666667 0.18775
0 0.4385 0.485375 0.103 0.16925
0 0.36308333 0.501375 0.0905 0.16125
0 0.43675 0.3955 0.09216667 0.0985
0 0.42525 0.35225 0.0675 0.0865
0 0.47 0.742375 0.111 0.02525
0 0.43858333 0.843625 0.2965 0.01725
0 0.56241667 0.91675 0.1145 0.0865
0 0.637 0.88275 0.07366667 0.016
0 0.60675 0.95475 0.1375 0.0585
0 0.69016667 0.98125 0.09666667 0.024
0 0.50866667 0.90475 0.08333333 0.004
0 0.415 0.9015 0.086 0.024
0 0.29875 0.900125 0.02216667 0.10125
0 0.31425 0.74575 0.12083333 0.032
0 0.15358333 0.91275 0.2165 0.0465
0 0.15666667 0.959375 0.21566667 0.04925
0 0.27866667 0.955375 0.01066667 0.08925
0 0.57525 0.180375 0.19183333 0.36075
0 0.46958333 0.04725 0.05683333 0.0305
