0 0.80558333 0.32625 0.0595 0.157
0 0.86641667 0.293 0.0585 0.1225
0 0.73416667 0.777625 0.03366667 0.11475
0 0.10608333 0.47675 0.07716667 0.2105
0 0.09008333 0.34025 0.13416667 0.1345
0 0.06033333 0.2005 0.11533333 0.1185
0 0.01508333 0.083875 0.03016667 0.05325
0 0.23483333 0.340875 0.111 0.10925
0 0.28808333 0.4375 0.0825 0.044
0 0.3125 0.3095 0.09933333 0.0705
0 0.37908333 0.185125 0.30716667 0.25825
0 0.41633333 0.33025 0.21666667 0.1545
0 0.24016667 0.177125 0.13233333 0.13325
0 0.93658333 0.6265 0.0905 0.209
