0 0.09916667 0.962125 0.09733333 0.07575
0 0.06625 0.958375 0.10683333 0.08325
0 0.297 0.224375 0.141 0.00525
0 0.19866667 0.201875 0.08466667 0.00125
0 0.02391667 0.21725 0.04783333 0.0065
0 0.01666667 0.18275 0.03333333 0.009
0 0.0675 0.303125 0.135 0.00125
0 0.15683333 0.3275 0.17533333 0.0115
0 0.26791667 0.30125 0.1325 0.005
0 0.34441667 0.28975 0.04783333 0.046
0 0.515 0.24425 0.15133333 0.0425
0 0.64441667 0.228875 0.08716667 0.00625
0 0.51875 0.1615 0.16583333 0.005
0 0.70725 0.21025 0.10683333 0.105
