0 0.52775 0.1655 0.13083333 0.1
0 0.56075 0.166625 0.04783333 0.04875
0 0.6765 0.091625 0.006 0.16525
0 0.7 0.082 0.01533333 0.1435
0 0.73116667 0.24175 0.00266667 0.127
0 0.76533333 0.216625 0.018 0.17175
0 0.82775 0.1135 0.02316667 0.0655
0 0.8735 0.3365 0.029 0.045
0 0.82391667 0.77825 0.01883333 0.177
0 0.63416667 0.5725 0.13333333 0.068
0 0.403 0.767375 0.148 0.03725
0 0.42525 0.707625 0.08983333 0.01275
0 0.39266667 0.682625 0.07266667 0.02425
0 0.32816667 0.708875 0.13 0.01025
0 0.16366667 0.6955 0.059 0.032
0 0.12733333 0.66475 0.03066667 0.055
0 0.07391667 0.218625 0.14783333 0.02675
0 0.10466667 0.317875 0.07266667 0.03075
0 0.12008333 0.291 0.04183333 0.018
0 0.15808333 0.259 0.1145 0.0155
0 0.412 0.184 0.094 0.032
0 0.29275 0.152625 0.28983333 0.08725
0 0.65891667 0.681375 0.0735 0.06025
0 0.39358333 0.49425 0.19216667 0.086
0 0.46491667 0.5635 0.1555 0.045
0 0.77058333 0.405875 0.01283333 0.09875
