0 0.26625 0.382125 0.0915 0.13075
0 0.26625 0.43075 0.06583333 0.0435
0 0.34016667 0.537875 0.03233333 0.07825
0 0.33125 0.477625 0.01283333 0.07825
0 0.35641667 0.4275 0.04783333 0.0345
0 0.38508333 0.467875 0.05216667 0.04875
0 0.36275 0.5185 0.00083333 0.068
0 0.37091667 0.562125 0.02216667 0.04475
0 0.38375 0.5135 0.00516667 0.0655
0 0.39608333 0.567625 0.0145 0.05375
0 0.39608333 0.567625 0.0145 0.05375
0 0.39741667 0.51675 0.0155 0.0795
0 0.46583333 0.592875 0.03066667 0.08075
0 0.444 0.550625 0.023 0.02425
0 0.81375 0.572375 0.11283333 0.08325
0 0.79825 0.519875 0.0615 0.08575
0 0.84958333 0.60325 0.1095 0.0655
0 0.65 0.79225 0.001 0.1025
0 0.62266667 0.814125 0.00766667 0.13575
0 0.57741667 0.79425 0.01283333 0.05
0 0.74525 0.7385 0.07516667 0.1
0 0.74058333 0.8045 0.1495 0.2245
0 0.33416667 0.59425 0.041 0.086
