0 0.89783333 0.052625 0.20433333 0.10525
0 0.4765 0.071125 0.14266667 0.14225
0 0.45475 0.2115 0.07516667 0.0975
0 0.61541667 0.24925 0.2615 0.1295
0 0.45558333 0.618 0.11283333 0.3
0 0.23841667 0.410875 0.00683333 0.59875
0 0.19908333 0.308375 0.04783333 0.05525
0 0.1025 0.510875 0.06666667 0.07825
0 0.08375 0.539 0.0445 0.05
0 0.08583333 0.191 0.01966667 0.2155
0 0.274 0.112125 0.006 0.17575
0 0.30125 0.394875 0.06416667 0.78975
0 0.29533333 0.1865 0.02133333 0.373
0 0.32475 0.61725 0.0035 0.255
0 0.31283333 0.429375 0.00166667 0.13075
0 0.33241667 0.326875 0.0325 0.06425
