0 0.791 0.53975 0.01633333 0.1565
0 0.768 0.528875 0.035 0.21675
0 0.71275 0.369875 0.00683333 0.06525
0 0.54233333 0.118625 0.141 0.23725
0 0.58675 0.0385 0.04883333 0.077
0 0.51666667 0.2865 0.00266667 0.3475
0 0.33541667 0.575625 0.04183333 0.31275
0 0.36025 0.603125 0.01616667 0.24225
0 0.30258333 0.4435 0.0085 0.182
0 0.55166667 0.643 0.22133333 0.345
0 0.656 0.522375 0.042 0.08075
0 0.54525 0.623125 0.12816667 0.21525
0 0.40041667 0.796125 0.05883333 0.10525
0 0.54491667 0.56725 0.2145 0.3345
0 0.62008333 0.631375 0.05883333 0.10625
0 0.63166667 0.635375 0.02733333 0.06025
0 0.69183333 0.602625 0.035 0.04625
0 0.56666667 0.834625 0.195 0.29725
0 0.49833333 0.856375 0.06833333 0.10525
0 0.39275 0.929375 0.04016667 0.08975
0 0.85983333 0.2365 0.077 0.214
0 0.30766667 0.11025 0.05133333 0.1335
0 0.43675 0.343625 0.09216667 0.21525
