0 0.48583333 0.269875 0.07266667 0.23975
0 0.32308333 0.398 0.17616667 0.109
0 0.29791667 0.030125 0.02816667 0.06025
0 0.47225 0.753875 0.00083333 0.17175
0 0.37308333 0.61925 0.02816667 0.1975
0 0.38425 0.555125 0.01283333 0.09725
0 0.45125 0.93275 0.01716667 0.132
0 0.48075 0.9385 0.02483333 0.123
0 0.48716667 0.62625 0.05466667 0.2065
0 0.64875 0.688375 0.1795 0.47175
0 0.67183333 0.823125 0.13333333 0.33075
0 0.7025 0.966625 0.02733333 0.06675
0 0.31758333 0.282125 0.0385 0.05375
0 0.41458333 0.043625 0.02216667 0.08725
0 0.4235 0.710875 0.02133333 0.18325
