0 0.82391667 0.484625 0.16916667 0.08975
0 0.86791667 0.55 0.15816667 0.064
0 0.85475 0.59675 0.16583333 0.0755
0 0.34916667 0.634 0.08966667 0.055
0 0.26583333 0.70325 0.04433333 0.032
0 0.209 0.7365 0.04533333 0.0345
0 0.153 0.66275 0.09566667 0.023
0 0.0355 0.58075 0.06066667 0.023
0 0.03716667 0.543625 0.07433333 0.03575
0 0.05475 0.4435 0.02216667 0.082
0 0.02691667 0.417875 0.02316667 0.09225
0 0.07266667 0.12175 0.07166667 0.2255
0 0.08383333 0.166 0.02733333 0.0755
0 0.16366667 0.47825 0.07766667 0.023
0 0.14616667 0.525625 0.10433333 0.06425
0 0.23208333 0.58075 0.1855 0.041
0 0.09658333 0.7455 0.05816667 0.163
0 0.08675 0.773 0.04183333 0.0975
0 0.762 0.3795 0.035 0.0485
