0 0.38525 0.876875 0.15083333 0.24625
0 0.45983333 0.84625 0.199 0.3075
0 0.49316667 0.799 0.08966667 0.1305
0 0.07408333 0.046625 0.14816667 0.04775
0 0.88775 0.066625 0.19883333 0.13325
0 0.74475 0.3955 0.1615 0.0215
0 0.88283333 0.47675 0.17133333 0.1705
0 0.72 0.323 0.087 0.0865
0 0.63475 0.437375 0.14383333 0.08375
0 0.72791667 0.57725 0.1225 0.0545
0 0.5695 0.454 0.13233333 0.08
0 0.49625 0.13575 0.1295 0.0585
0 0.41366667 0.067875 0.06933333 0.11975
0 0.5215 0.111875 0.086 0.04525
0 0.49358333 0.063875 0.06916667 0.05325
