0 0.395 0.29625 0.039 0.1825
0 0.34308333 0.230375 0.0435 0.05875
0 0.37283333 0.171875 0.02833333 0.07725
0 0.10475 0.206375 0.05316667 0.04275
0 0.15358333 0.025875 0.0265 0.04925
0 0.03908333 0.43275 0.04616667 0.072
0 0.04875 0.501375 0.04616667 0.06525
0 0.17891667 0.490625 0.0915 0.13975
0 0.21925 0.452625 0.03383333 0.05325
0 0.14508333 0.568625 0.04883333 0.07725
0 0.07683333 0.677125 0.04166667 0.07075
0 0.22241667 0.54925 0.0435 0.076
0 0.09458333 0.840875 0.0825 0.11575
0 0.0915 0.866125 0.06566667 0.08125
0 0.0475 0.93275 0.07 0.084
0 0.07408333 0.973375 0.03816667 0.04275
0 0.13358333 0.926125 0.08616667 0.10775
0 0.27341667 0.948125 0.03016667 0.10375
0 0.581 0.915375 0.02766667 0.05725
0 0.61208333 0.98 0.01683333 0.04
0 0.723 0.014 0.02033333 0.028
0 0.723 0.042625 0.02033333 0.03975
0 0.15666667 0.775625 0.02933333 0.03875
0 0.16425 0.733 0.04083333 0.0465
0 0.08033333 0.720375 0.047 0.07725
