0 0.72558333 0.237125 0.00516667 0.08975
0 0.48716667 0.250625 0.01533333 0.05525
0 0.34566667 0.491625 0.27433333 0.06275
0 0.14791667 0.519875 0.19483333 0.00375
0 0.13208333 0.598 0.21116667 0.0295
0 0.41575 0.5295 0.14616667 0.0615
0 0.45858333 0.541625 0.11883333 0.01675
0 0.55766667 0.593625 0.14433333 0.16925
0 0.68291667 0.6045 0.07016667 0.1015
0 0.50383333 0.77625 0.17166667 0.268
0 0.39575 0.864125 0.19316667 0.27175
0 0.32441667 0.92825 0.09483333 0.1435
0 0.27908333 0.877 0.0625 0.0435
0 0.17175 0.92125 0.11116667 0.0295
0 0.14233333 0.976875 0.12566667 0.03575
0 0.18725 0.794875 0.0735 0.01775
0 0.35933333 0.574125 0.047 0.01025
0 0.38375 0.56275 0.0495 0.0385
0 0.77525 0.250625 0.0205 0.08325
0 0.74783333 0.259625 0.01033333 0.05525
0 0.5705 0.046125 0.01633333 0.09225
0 0.31925 0.21275 0.04183333 0.023
0 0.04358333 0.052625 0.08716667 0.09475
0 0.80516667 0.951875 0.00333333 0.09625
0 0.85041667 0.964125 0.00516667 0.06425
0 0.80083333 0.694125 0.05633333 0.28075
0 0.7675 0.73325 0.02233333 0.218
0 0.74191667 0.57175 0.04616667 0.205
0 0.79741667 0.443 0.0035 0.0655
0 0.1645 0.371125 0.329 0.05275
0 0.02825 0.02825 0.0495 0.0565
