0 0.19441667 0.221125 0.14283333 0.02675
0 0.11916667 0.16475 0.08633333 0.0065
0 0.056 0.368 0.112 0.0435
0 0.07008333 0.785875 0.14016667 0.09225
0 0.29058333 0.9705 0.11116667 0.
0 0.3385 0.926875 0.11966667 0.02575
0 0.42433333 0.891 0.04866667 0.0435
0 0.41366667 0.866625 0.065 0.08475
0 0.656 0.687875 0.08633333 0.11925
0 0.80516667 0.585875 0.09233333 0.09225
0 0.94566667 0.583375 0.035 0.05375
0 0.99141667 0.555125 0.01716667 0.02075
0 0.90133333 0.332 0.018 0.141
0 0.92608333 0.2455 0.01116667 0.132
0 0.9235 0.088375 0.059 0.12825
0 0.8765 0.102 0.00266667 0.0885
0 0.86708333 0.039125 0.0265 0.05275
0 0.69525 0.262125 0.04016667 0.08325
0 0.62908333 0.318625 0.0445 0.01925
0 0.66233333 0.440375 0.02733333 0.08825
0 0.67091667 0.459 0.04283333 0.087
0 0.70041667 0.897375 0.01616667 0.14875
0 0.61366667 0.934 0.036 0.132
0 0.75683333 0.91225 0.01466667 0.127
0 0.59616667 0.87625 0.09666667 0.104
0 0.52308333 0.97375 0.07016667 0.0525
0 0.08125 0.9475 0.12483333 0.1025
0 0.23383333 0.78775 0.13933333 0.109
0 0.13158333 0.79425 0.03583333 0.027
0 0.2915 0.182 0.10933333 0.0025
0 0.36408333 0.217375 0.0375 0.00125
0 0.553 0.185875 0.10766667 0.04875
0 0.724 0.052625 0. 0.10525
0 0.74783333 0.07125 0.00166667 0.091
0 0.697 0.125 0.00433333 0.081
0 0.12525 0.138375 0.06416667 0.01275
0 0.12608333 0.714125 0.10516667 0.06925
0 0.29741667 0.63525 0.25983333 0.091
0 0.50558333 0.481375 0.07616667 0.07325
0 0.58933333 0.38275 0.112 0.009
0 0.5175 0.30775 0.08966667 0.0025
0 0.51925 0.273125 0.09816667 0.00525
0 0.6295 0.525625 0.01633333 0.06425
0 0.73633333 0.394875 0.12233333 0.23575
0 0.55466667 0.941125 0. 0.04875
