0 0.22141667 0.6405 0.0595 0.008
0 0.25741667 0.617875 0.09416667 0.01325
0 0.21041667 0.487375 0.0905 0.04775
0 0.08116667 0.692375 0.08433333 0.02125
0 0.11758333 0.73175 0.23516667 0.0625
0 0.10966667 0.19575 0.05233333 0.2555
0 0.13533333 0.227625 0.05233333 0.31425
0 0.063 0.201125 0.08166667 0.40225
0 0.0275 0.0885 0.007 0.092
0 0.708 0.5825 0.079 0.004
0 0.84416667 0.4215 0.119 0.1025
0 0.9825 0.534 0.035 0.024
0 0.23925 0.4555 0.03983333 0.016
0 0.65908333 0.799625 0.0985 0.04925
0 0.71466667 0.811625 0.16866667 0.09725
