0 0.5555 0.378875 0.10766667 0.04725
0 0.48808333 0.344875 0.0445 0.01775
0 0.67775 0.37575 0.15383333 0.1
0 0.5825 0.166625 0.07266667 0.03325
0 0.56325 0.189125 0.0375 0.02425
0 0.46158333 0.13975 0.0325 0.028
0 0.43675 0.742875 0.0565 0.27825
0 0.50175 0.801875 0.0205 0.10375
0 0.07475 0.669875 0.1495 0.19875
0 0.141 0.4295 0.04966667 0.054
0 0.60041667 0.103875 0.1495 0.11525
0 0.73716667 0.876875 0.071 0.17425
0 0.48333333 0.955125 0.00266667 0.08975
0 0.41458333 0.433375 0.1145 0.13575
0 0.94233333 0.11675 0.09666667 0.041
