0 0.19058333 0.203875 0.12983333 0.14375
0 0.209 0.127625 0.11533333 0.12425
0 0.51883333 0.0955 0.15733333 0.191
0 0.64533333 0.08075 0.15733333 0.1615
0 0.406 0.18725 0.07 0.064
0 0.23591667 0.35 0.3315 0.236
0 0.06241667 0.824375 0.12483333 0.06675
0 0.665 0.68075 0.029 0.005
0 0.69783333 0.515375 0.10166667 0.22825
0 0.94616667 0.655125 0.10766667 0.08475
0 0.94741667 0.701875 0.1035 0.07575
0 0.65641667 0.73725 0.12316667 0.1565
0 0.56666667 0.34225 0.048 0.223
0 0.72608333 0.11475 0.12383333 0.0015
