0 0.62133333 0.488375 0.082 0.16925
0 0.67308333 0.676875 0.0385 0.11525
0 0.58208333 0.547375 0.11283333 0.24625
0 0.66066667 0.765375 0.03766667 0.18225
0 0.85 0.29875 0.14266667 0.036
0 0.82441667 0.430125 0.14616667 0.03225
0 0.45383333 0.267875 0.036 0.21275
0 0.31708333 0.632125 0.2325 0.15125
0 0.36491667 0.66675 0.12983333 0.1025
0 0.24525 0.792375 0.0325 0.04625
0 0.32858333 0.566625 0.15816667 0.10775
0 0.31116667 0.289125 0.135 0.04475
0 0.33633333 0.222375 0.064 0.04225
0 0.10725 0.228875 0.0265 0.06275
0 0.46575 0.018 0.00516667 0.036
