0 0.65175 0.1 0.09316667 0.1255
0 0.64575 0.019875 0.04016667 0.03975
0 0.93591667 0.216625 0.0565 0.09475
0 0.77825 0.389125 0.10516667 0.02175
0 0.60208333 0.51025 0.09483333 0.072
0 0.28891667 0.10775 0.1675 0.2155
0 0.26625 0.07175 0.11183333 0.1435
0 0.46241667 0.025 0.07516667 0.05
0 0.50341667 0.032625 0.0375 0.03975
0 0.48425 0.077 0.05383333 0.023
0 0.57175 0.141625 0.04616667 0.04225
0 0.46233333 0.2365 0.053 0.004
0 0.5765 0.2365 0.10166667 0.032
0 0.39608333 0.66475 0.18716667 0.168
0 0.147 0.243 0.036 0.055
0 0.0415 0.363375 0.07266667 0.06275
0 0.03758333 0.473125 0.01716667 0.20775
0 0.4145 0.361625 0.09233333 0.04875
0 0.44658333 0.326375 0.28816667 0.00125
0 0.56108333 0.383375 0.1375 0.05625
0 0.512 0.186625 0.06333333 0.01925
0 0.39441667 0.207 0.08283333 0.009
0 0.84491667 0.15775 0.21616667 0.241
0 0.76233333 0.01925 0.00166667 0.0385
