0 0.48375 0.5785 0.06216667 0.1185
0 0.17975 0.3555 0.27783333 0.2715
0 0.01775 0.3635 0.0355 0.04
0 0.36708333 0.71375 0.13583333 0.112
0 0.49708333 0.1685 0.06916667 0.012
0 0.74475 0.0905 0.00183333 0.1225
0 0.69058333 0.25775 0.03016667 0.0865
0 0.72125 0.288875 0.02383333 0.08525
0 0.75675 0.203625 0.0045 0.06925
0 0.81975 0.206375 0.0115 0.14375
0 0.87175 0.396875 0.0835 0.21575
0 0.89566667 0.1265 0.02833333 0.0345
0 0.92633333 0.161125 0.063 0.03175
0 0.97758333 0.119125 0.04483333 0.04675
0 0.98333333 0.209 0.03333333 0.024
0 0.98158333 0.266375 0.03683333 0.01875
0 0.98958333 0.3095 0.02083333 0.012
0 0.37458333 0.18375 0.09583333 0.04
0 0.2485 0.229 0.06033333 0.048
0 0.3635 0.0825 0.05766667 0.0985
0 0.41633333 0.07125 0.016 0.052
