0 0.385 0.576875 0.03333333 0.13075
0 0.40891667 0.51475 0.02816667 0.0345
0 0.42691667 0.593625 0.02483333 0.11275
0 0.35808333 0.528125 0.0205 0.06925
0 0.37391667 0.4975 0.01783333 0.0205
0 0.203 0.3045 0.07433333 0.091
0 0.39575 0.321125 0.11616667 0.03725
0 0.50558333 0.1615 0.06583333 0.2435
0 0.57216667 0.29875 0.00766667 0.1845
0 0.60983333 0.439125 0.03833333 0.08075
0 0.63841667 0.58775 0.09916667 0.286
0 0.55475 0.387875 0.04616667 0.15525
0 0.58841667 0.566625 0.0795 0.18725
0 0.6675 0.7545 0.053 0.0985
0 0.58675 0.6315 0.11016667 0.2475
0 0.53625 0.4975 0.01283333 0.123
0 0.5115 0.4275 0.023 0.109
0 0.45133333 0.309625 0.12133333 0.20625
0 0.43675 0.2205 0.0565 0.1665
0 0.55175 0.717375 0.0555 0.11675
0 0.50133333 0.648625 0.02133333 0.11025
0 0.48033333 0.648125 0.01533333 0.11425
0 0.47483333 0.78075 0.035 0.0745
0 0.52525 0.71275 0.01616667 0.036
0 0.69441667 0.909625 0.04183333 0.11425
0 0.65258333 0.88775 0.0265 0.086
0 0.25766667 0.916 0.01633333 0.168
0 0.88841667 0.116 0.05216667 0.214
0 0.84741667 0.041 0.01283333 0.082
0 0.70683333 0.08525 0.03433333 0.0985
0 0.48891667 0.277625 0.05983333 0.18325
0 0.88375 0.402625 0.16583333 0.09475
0 0.97733333 0.481375 0.04533333 0.08075
0 0.89016667 0.373125 0.129 0.11025
