0 0.69316667 0.664 0.11633333 0.1615
0 0.77608333 0.514125 0.1145 0.23325
0 0.63075 0.694875 0.1265 0.17675
0 0.21541667 0.85575 0.05816667 0.132
0 0.17266667 0.923 0.06166667 0.077
0 0.13508333 0.94675 0.05983333 0.096
0 0.05816667 0.2655 0.09066667 0.2
0 0.25733333 0.531375 0.053 0.14225
0 0.388 0.349375 0.05466667 0.02675
0 0.34833333 0.4065 0.04533333 0.0025
0 0.31966667 0.44675 0.02233333 0.0935
0 0.25766667 0.60575 0.083 0.209
0 0.21066667 0.710875 0.07266667 0.13975
0 0.87183333 0.69425 0.06833333 0.096
0 0.941 0.173125 0.03066667 0.08975
0 0.84225 0.059 0.0385 0.118
0 0.82266667 0.607125 0.02133333 0.06025
0 0.58116667 0.840375 0.053 0.05775
