0 0.5795 0.8025 0.077 0.082
0 0.92433333 0.343 0.10166667 0.209
0 0.98458333 0.428875 0.03083333 0.06025
0 0.94358333 0.494125 0.04283333 0.09875
0 0.76025 0.875625 0.02983333 0.09725
0 0.69791667 0.88975 0.0795 0.013
0 0.69916667 0.9295 0.10766667 0.0025
0 0.80941667 0.794875 0.0735 0.31775
0 0.865 0.798125 0.01033333 0.08575
0 0.95516667 0.953875 0.08966667 0.01525
0 0.95 0.99425 0.1 0.009
0 0.74533333 0.332125 0.03933333 0.28725
0 0.76541667 0.166 0.0145 0.0575
0 0.73125 0.10575 0.02816667 0.0575
0 0.69783333 0.26475 0.006 0.1575
0 0.685 0.247375 0.018 0.06675
0 0.67266667 0.159625 0.02566667 0.09625
0 0.68633333 0.123125 0.01533333 0.11025
0 0.82433333 0.100625 0.00266667 0.20125
0 0.7855 0.016625 0.00333333 0.03325
0 0.6265 0.068625 0.046 0.01675
0 0.53758333 0.984625 0.01883333 0.03075
0 0.859 0.882 0.02233333 0.095
0 0.79741667 0.16925 0.0035 0.059
