0 0.57783333 0.1445 0.19 0.289
0 0.64841667 0.08525 0.11983333 0.1705
0 0.6595 0.14175 0.18466667 0.2835
0 0.91475 0.68575 0.01516667 0.205
0 0.93691667 0.688375 0.01683333 0.15725
0 0.86325 0.523875 0.0045 0.08925
0 0.82383333 0.758375 0.055 0.11575
0 0.74125 0.93075 0.08883333 0.1385
0 0.74966667 0.824125 0.024 0.05325
0 0.739 0.816875 0.06833333 0.10775
0 0.68441667 0.812875 0.22916667 0.35825
0 0.79491667 0.6805 0.0435 0.0985
0 0.64091667 0.79025 0.2645 0.4195
0 0.65516667 0.825 0.135 0.225
0 0.64933333 0.480625 0.00433333 0.37275
0 0.48241667 0.817625 0.02216667 0.25025
0 0.39858333 0.901375 0.01416667 0.18375
0 0.43316667 0.59325 0.032 0.161
0 0.55441667 0.542625 0.0915 0.17975
0 0.43233333 0.339625 0.05333333 0.13575
0 0.9805 0.41875 0.03466667 0.092
