0 0.45125 0.296875 0.1435 0.23725
0 0.559 0.191625 0.08366667 0.15525
0 0.65258333 0.116625 0.01783333 0.03075
0 0.65641667 0.2 0.0785 0.1155
0 0.63591667 0.273625 0.14883333 0.20125
0 0.62133333 0.814 0.10433333 0.0795
0 0.59016667 0.757625 0.10866667 0.05125
0 0.803 0.833875 0.06933333 0.07825
0 0.18033333 0.723 0.029 0.118
0 0.185 0.51475 0.00433333 0.3885
0 0.041 0.24875 0.077 0.159
0 0.053 0.148125 0.106 0.19875
0 0.01966667 0.144875 0.03933333 0.08475
0 0.06075 0.033375 0.01883333 0.06675
0 0.15 0.7685 0.00766667 0.032
0 0.5825 0.55325 0.06233333 0.0475
0 0.77175 0.383875 0.1145 0.09875
