0 0.46341667 0.202375 0.01783333 0.16225
0 0.19658333 0.170375 0.01683333 0.20775
0 0.14825 0.08925 0.01416667 0.133
0 0.03058333 0.28025 0.01683333 0.0865
0 0.0115 0.276875 0.023 0.19175
0 0.00708333 0.473375 0.00883333 0.05725
0 0.78341667 0.888125 0.0505 0.01875
0 0.64625 0.257625 0.0675 0.25425
0 0.64133333 0.317625 0.024 0.10775
0 0.60491667 0.253625 0.0755 0.28375
0 0.74166667 0.15575 0.11633333 0.3115
0 0.69283333 0.115125 0.09133333 0.23025
0 0.98333333 0.61175 0.03333333 0.1105
0 0.97491667 0.801625 0.05016667 0.02925
0 0.83666667 0.729 0.015 0.1
0 0.66316667 0.456125 0.04433333 0.10525
0 0.80425 0.3555 0.0265 0.08
0 0.79183333 0.402125 0.016 0.05875
