0 0.46283333 0.516 0.00433333 0.1935
0 0.43075 0.2865 0.01883333 0.173
0 0.43841667 0.1025 0.02216667 0.1795
0 0.51533333 0.408875 0.01366667 0.11025
0 0.56491667 0.410875 0.11283333 0.41425
0 0.51708333 0.14225 0.08383333 0.2795
0 0.43633333 0.800625 0.02833333 0.28075
0 0.45516667 0.8025 0.00933333 0.182
0 0.209 0.909625 0.04366667 0.18075
0 0.17433333 0.728875 0.024 0.09625
0 0.10766667 0.446125 0.02233333 0.12575
0 0.78583333 0.152625 0.006 0.09475
0 0.35941667 0.164 0.0385 0.2385
0 0.3295 0.133375 0.01466667 0.26675
