0 0.84533333 0.615375 0.05633333 0.10525
0 0.74358333 0.319875 0.0905 0.13225
0 0.11366667 0.366625 0.224 0.09475
0 0.13291667 0.309 0.2025 0.1
0 0.12783333 0.257 0.088 0.0475
0 0.03075 0.316 0.0615 0.0245
0 0.19658333 0.228125 0.03416667 0.03325
0 0.59358333 0.598 0.06916667 0.0885
0 0.48291667 0.692875 0.11116667 0.10125
0 0.54791667 0.64175 0.04783333 0.009
0 0.61666667 0.636625 0.13066667 0.16275
0 0.63675 0.7475 0.1555 0.1795
0 0.8645 0.761625 0.04366667 0.21025
0 0.91108333 0.728875 0.0495 0.18325
0 0.78166667 0.96025 0.018 0.0795
0 0.70133333 0.2385 0.006 0.054
0 0.39741667 0.81925 0.11283333 0.1205
0 0.39016667 0.94425 0.09133333 0.1115
0 0.43241667 0.015375 0.00683333 0.03075
