0 0.444 0.380125 0.18033333 0.19875
0 0.40725 0.342875 0.20083333 0.26275
0 0.21966667 0.553875 0.16066667 0.18475
0 0.15816667 0.569875 0.15733333 0.13475
0 0.30175 0.374375 0.18283333 0.19475
0 0.09575 0.22825 0.1095 0.077
0 0.3235 0.580125 0.095 0.08575
0 0.13633333 0.791625 0.27266667 0.31925
0 0.3795 0.616 0.077 0.05
0 0.57391667 0.946125 0.13583333 0.10775
0 0.6115 0.947375 0.07266667 0.10525
0 0.91925 0.084625 0.00416667 0.16425
0 0.6825 0.966625 0.04366667 0.06675
0 0.65558333 0.96025 0.04783333 0.0795
