0 0.19275 0.616 0.07783333 0.05
0 0.18458333 0.660875 0.08383333 0.03225
0 0.09575 0.6135 0.08716667 0.0295
0 0.04191667 0.631375 0.08383333 0.03725
0 0.71066667 0.69875 0.06233333 0.146
0 0.88633333 0.27825 0.094 0.005
0 0.9735 0.282125 0.053 0.02825
0 0.94058333 0.2845 0.04516667 0.0205
0 0.28508333 0.13975 0.0265 0.2745
0 0.25733333 0.150625 0.03933333 0.30125
0 0.41066667 0.53525 0.00766667 0.063
0 0.42008333 0.4955 0.0195 0.0525
0 0.53116667 0.887125 0.00933333 0.12575
0 0.3295 0.561625 0.07766667 0.03075
