0 0.35725 0.0885 0.31783333 0.1565
0 0.14441667 0.224375 0.1025 0.10275
0 0.0735 0.1725 0.06166667 0.027
0 0.09875 0.24425 0.14783333 0.132
0 0.08675 0.2795 0.17183333 0.1615
0 0.1235 0.40325 0.23333333 0.2345
0 0.0735 0.45 0.041 0.059
0 0.08975 0.517375 0.07183333 0.10125
0 0.08166667 0.61925 0.071 0.064
0 0.06408333 0.70325 0.07183333 0.0475
0 0.44483333 0.650625 0.11533333 0.17325
0 0.38291667 0.53725 0.0495 0.0385
0 0.31325 0.407 0.08816667 0.132
0 0.31075 0.72825 0.1205 0.1565
0 0.51408333 0.871125 0.13416667 0.11675
0 0.54016667 0.978875 0.10266667 0.04225
0 0.41233333 0.33725 0.08633333 0.082
0 0.92008333 0.373125 0.08616667 0.16675
0 0.97308333 0.4 0.05383333 0.1105
0 0.76666667 0.071125 0.09733333 0.07575
0 0.9675 0.82825 0.065 0.046
0 0.84233333 0.91475 0.059 0.0345
0 0.81491667 0.90325 0.09483333 0.0885
0 0.14866667 0.625 0.03933333 0.068
0 0.19566667 0.6115 0.03933333 0.023
0 0.0235 0.857 0.047 0.0655
0 0.17091667 0.178875 0.04783333 0.04225
0 0.03975 0.0435 0.0795 0.0385
0 0.53933333 0.482 0.053 0.0435
