0 0.332 0.418875 0.05133333 0.21975
0 0.50191667 0.16775 0.0435 0.125
0 0.253 0.024625 0.055 0.02775
0 0.06658333 0.012625 0.1295 0.01725
0 0.17841667 0.076 0.18283333 0.024
0 0.233 0.058625 0.056 0.01325
0 0.14866667 0.10725 0.22633333 0.0305
0 0.31908333 0.1105 0.0985 0.0055
0 0.31341667 0.157125 0.07283333 0.00775
0 0.26991667 0.215625 0.1225 0.02125
0 0.22233333 0.177125 0.04 0.01875
0 0.11541667 0.1345 0.23083333 0.0265
0 0.115 0.610625 0.04 0.07325
0 0.19041667 0.356125 0.0895 0.15575
0 0.18908333 0.30225 0.0425 0.08
0 0.24725 0.366875 0.0435 0.08375
0 0.28891667 0.75575 0.0275 0.217
0 0.43991667 0.783 0.01683333 0.2425
0 0.41233333 0.80025 0.01333333 0.133
0 0.40391667 0.6465 0.00883333 0.1745
0 0.47183333 0.5945 0.031 0.6005
0 0.4865 0.627125 0.02666667 0.54325
0 0.51175 0.60175 0.00616667 0.1385
0 0.5575 0.814875 0.01766667 0.09575
0 0.95566667 0.384125 0.047 0.07325
0 0.98116667 0.3535 0.03766667 0.0175
0 0.60316667 0.722375 0.008 0.19825
0 0.32225 0.065875 0.08883333 0.03075
