0 0.244 0.265375 0.035 0.06675
0 0.14741667 0.069875 0.05716667 0.12675
0 0.1085 0.044875 0.041 0.08975
0 0.0885 0.2045 0.071 0.163
0 0.1205 0.23725 0.05466667 0.123
0 0.03075 0.308375 0.02916667 0.03475
0 0.19825 0.198125 0.04616667 0.05775
0 0.16958333 0.15775 0.0265 0.059
0 0.25383333 0.187125 0.08533333 0.16925
0 0.18841667 0.083375 0.06916667 0.16675
0 0.25125 0.1 0.0855 0.1795
0 0.65641667 0.20775 0.10783333 0.036
0 0.78116667 0.210375 0.05633333 0.11025
0 0.888 0.41475 0.041 0.073
0 0.89533333 0.496875 0.1 0.17825
0 0.9735 0.573125 0.05133333 0.06425
0 0.90433333 0.5795 0.06833333 0.118
0 0.87308333 0.58075 0.07083333 0.1385
0 0.78033333 0.752 0.03066667 0.091
0 0.74141667 0.722375 0.02816667 0.10125
0 0.93591667 0.9525 0.0205 0.0845
0 0.97141667 0.96475 0.0145 0.0705
0 0.96366667 0.465375 0.07266667 0.03075
0 0.99058333 0.510875 0.01883333 0.00125
0 0.37308333 0.939125 0.07783333 0.12175
