0 0.10383333 0.3455 0.10166667 0.0835
0 0.0915 0.475625 0.10433333 0.08475
0 0.03591667 0.581375 0.07183333 0.12425
0 0.20775 0.800625 0.20516667 0.15525
0 0.31966667 0.910875 0.12833333 0.17825
0 0.38716667 0.875 0.19666667 0.245
0 0.23116667 0.932 0.04866667 0.1255
0 0.20516667 0.88975 0.065 0.1615
0 0.25508333 0.726875 0.35983333 0.23075
0 0.84358333 0.301375 0.06483333 0.17175
0 0.89016667 0.346875 0.21966667 0.56025
0 0.94958333 0.60775 0.05483333 0.0975
0 0.89566667 0.239625 0.041 0.11025
0 0.4855 0.077625 0.16233333 0.15525
0 0.36625 0.226875 0.08816667 0.18725
