0 0.41625 0.4975 0.04616667 0.1385
0 0.38291667 0.64675 0.09216667 0.186
0 0.45516667 0.57375 0.03166667 0.0755
0 0.391 0.693 0.04866667 0.073
0 0.40341667 0.46925 0.0445 0.1255
0 0.16241667 0.964125 0.02216667 0.07175
0 0.70683333 0.110375 0.14866667 0.01025
0 0.94233333 0.096125 0.11533333 0.03075
0 0.94408333 0.034625 0.05383333 0.02825
0 0.73291667 0.059625 0.1205 0.00625
0 0.73116667 0.016125 0.071 0.00125
0 0.77183333 0.157625 0.147 0.05375
0 0.88716667 0.15375 0.135 0.0795
0 0.9645 0.130125 0.071 0.00875
