0 0.14058333 0.294125 0.02816667 0.10125
0 0.12566667 0.351375 0.01533333 0.11025
0 0.2085 0.734 0.01533333 0.1245
0 0.19183333 0.76475 0.018 0.1655
0 0.21275 0.846125 0.0205 0.09225
0 0.17483333 0.864125 0.04866667 0.18725
0 0.06925 0.68775 0.0375 0.168
0 0.04908333 0.573625 0.00083333 0.09875
0 0.003 0.296125 0.006 0.09725
0 0.10341667 0.4615 0.0255 0.1335
0 0.09058333 0.494875 0.01883333 0.14375
0 0.121 0.039125 0.006 0.07825
0 0.9855 0.198125 0.029 0.16275
0 0.95983333 0.050625 0.03066667 0.10125
0 0.98891667 0.062125 0.02216667 0.07575
0 0.99616667 0.019875 0.00766667 0.03725
