0 0.55041667 0.359625 0.01716667 0.29625
0 0.5585 0.101875 0.00433333 0.16525
0 0.48808333 0.055125 0.0085 0.11025
0 0.60508333 0.789125 0.0205 0.16775
0 0.57733333 0.859625 0.06233333 0.28075
0 0.4675 0.88975 0.024 0.2205
0 0.48758333 0.95 0.0095 0.1
0 0.45516667 0.6435 0.03 0.059
0 0.39016667 0.589125 0.07766667 0.15275
0 0.03466667 0.2275 0.02133333 0.1935
0 0.02825 0.084 0.03083333 0.168
0 0.05425 0.0455 0.01116667 0.091
0 0.51108333 0.428125 0.0205 0.08725
0 0.66366667 0.771125 0.00433333 0.30375
0 0.638 0.744125 0.00933333 0.20125
0 0.69491667 0.718625 0.04616667 0.35775
0 0.75383333 0.94225 0.01033333 0.1155
0 0.641 0.15575 0.00166667 0.3115
