0 0.39441667 0.141625 0.06583333 0.08325
0 0.46966667 0.069875 0.08966667 0.13975
0 0.11458333 0.182625 0.0085 0.11675
0 0.11966667 0.316625 0.029 0.02825
0 0.18116667 0.358375 0.10766667 0.11675
0 0.27225 0.506375 0.06416667 0.10525
0 0.18716667 0.431375 0.11966667 0.16275
0 0.15808333 0.477625 0.23583333 0.27575
0 0.33583333 0.59225 0.02733333 0.0385
0 0.33541667 0.7865 0.07783333 0.109
0 0.456 0.959625 0.04533333 0.08075
0 0.40341667 0.98275 0.02916667 0.0345
0 0.07308333 0.798625 0.14116667 0.11025
0 0.02991667 0.872375 0.05983333 0.05525
0 0.10175 0.861625 0.12483333 0.11275
0 0.71966667 0.680125 0.09066667 0.02175
0 0.82008333 0.559625 0.08616667 0.00625
0 0.94441667 0.616125 0.11116667 0.00125
0 0.91116667 0.661625 0.147 0.00775
0 0.8705 0.715375 0.08966667 0.01525
0 0.66883333 0.761625 0.00266667 0.07175
0 0.48591667 0.823625 0.07083333 0.13975
0 0.48716667 0.75775 0.041 0.0975
0 0.41491667 0.8385 0.06583333 0.005
0 0.4115 0.88075 0.04533333 0.0335
0 0.37391667 0.874375 0.05383333 0.01275
0 0.37133333 0.89425 0.05733333 0.009
0 0.54616667 0.87825 0.03933333 0.064
0 0.52266667 0.868625 0.042 0.08575
0 0.50425 0.866 0.02383333 0.0525
0 0.59058333 0.533375 0.15383333 0.01525
0 0.64358333 0.319875 0.31116667 0.13725
0 0.65775 0.28775 0.2915 0.127
0 0.947 0.468625 0.106 0.08325
0 0.95725 0.402 0.0855 0.05
0 0.90125 0.33075 0.04016667 0.072
0 0.63466667 0.067875 0.04866667 0.03075
0 0.67866667 0.0705 0.053 0.018
0 0.55683333 0.05375 0.08133333 0.
0 0.28591667 0.232125 0.1565 0.04875
0 0.54191667 0.332125 0.47516667 0.13325
0 0.44958333 0.403125 0.08883333 0.04225
0 0.453 0.35125 0.04966667 0.036
0 0.3675 0.560875 0.05466667 0.05525
0 0.39016667 0.590375 0.03166667 0.03725
0 0.39058333 0.518 0.12316667 0.0155
0 0.18591667 0.697375 0.0675 0.02825
0 0.05941667 0.559625 0.11883333 0.16525
0 0.09783333 0.5775 0.05033333 0.0525
0 0.0355 0.6345 0.071 0.1
0 0.05425 0.601875 0.1085 0.17575
0 0.0615 0.709625 0.06833333 0.06025
0 0.03758333 0.76225 0.03083333 0.0295
0 0.01066667 0.6865 0.02133333 0.0475
0 0.62691667 0.59675 0.0845 0.091
0 0.88975 0.284625 0.0375 0.06675
0 0.25083333 0.107625 0.047 0.01275
