0 0.62625 0.741 0.1375 0.0145
0 0.62933333 0.792875 0.09766667 0.00125
0 0.51708333 0.8735 0.18916667 0.0295
0 0.474 0.914125 0.13666667 0.02525
0 0.25158333 0.84425 0.12516667 0.0025
0 0.26808333 0.81625 0.0765 0.0025
0 0.245 0.892125 0.05333333 0.01075
0 0.04125 0.826875 0.07716667 0.16775
0 0.18066667 0.598625 0.05233333 0.03325
0 0.17925 0.544625 0.03016667 0.04525
0 0.18416667 0.493375 0.06666667 0.10525
0 0.50425 0.3115 0.0995 0.008
0 0.57883333 0.322875 0.103 0.04125
0 0.56325 0.356875 0.18183333 0.03475
0 0.55575 0.386875 0.11183333 0.03075
0 0.46066667 0.66175 0.03733333 0.0825
0 0.8735 0.572 0.048 0.241
0 0.88283333 0.44675 0.024 0.092
0 0.91833333 0.390125 0.00433333 0.05075
0 0.93825 0.313625 0.00883333 0.03875
0 0.96516667 0.27625 0.06966667 0.0385
0 0.9805 0.320875 0.01866667 0.08525
0 0.95733333 0.45675 0.01866667 0.128
0 0.94891667 0.97 0.0995 0.028
0 0.94858333 0.8475 0.0435 0.012
0 0.9175 0.828125 0.024 0.03725
0 0.93925 0.809 0.04083333 0.004
0 0.77366667 0.82225 0.12866667 0.121
0 0.708 0.902125 0.07366667 0.00675
0 0.67375 0.92475 0.03183333 0.0175
0 0.581 0.198375 0.088 0.03475
0 0.64091667 0.073875 0.27683333 0.10525
0 0.81808333 0.018625 0.06483333 0.03725
0 0.29208333 0.1685 0.19183333 0.0705
0 0.38883333 0.619125 0.05333333 0.08775
0 0.45183333 0.486 0.007 0.1305
0 0.24416667 0.62175 0.039 0.04
0 0.29516667 0.691125 0.09333333 0.09325
