0 0.51925 0.56925 0.07083333 0.0205
0 0.57183333 0.705875 0.09566667 0.03975
0 0.51925 0.710875 0.0675 0.01925
0 0.232 0.80125 0.035 0.0205
0 0.01791667 0.91475 0.03583333 0.055
0 0.115 0.74875 0.047 0.0435
0 0.03675 0.623125 0.0735 0.01025
0 0.01883333 0.59875 0.03766667 0.0155
0 0.01966667 0.488375 0.03933333 0.03075
0 0.0235 0.842375 0.047 0.07175
0 0.60683333 0.408875 0.077 0.08975
0 0.65433333 0.516 0.07266667 0.1165
0 0.76283333 0.6725 0.153 0.1525
0 0.88633333 0.76925 0.07166667 0.041
0 0.87175 0.828875 0.10083333 0.07325
0 0.88808333 0.878875 0.0445 0.04725
0 0.94791667 0.7775 0.04616667 0.0475
0 0.55175 0.401375 0.0385 0.04875
0 0.18841667 0.08525 0.00083333 0.1705
0 0.1525 0.14675 0.01966667 0.286
0 0.06108333 0.076875 0.0435 0.15375
0 0.18591667 0.39625 0.0025 0.1205
0 0.188 0.464125 0.017 0.09475
0 0.17175 0.337125 0.00516667 0.13075
