0 0.09566667 0.644875 0.053 0.17925
0 0.24825 0.7935 0.17183333 0.0205
0 0.19658333 0.75125 0.1385 0.005
0 0.49441667 0.415375 0.22483333 0.01525
0 0.60941667 0.2705 0.09916667 0.077
0 0.78291667 0.337875 0.10416667 0.00125
0 0.97133333 0.39175 0.05733333 0.009
0 0.897 0.509625 0.105 0.04225
0 0.89408333 0.606375 0.15383333 0.06675
0 0.92475 0.18075 0.09916667 0.1745
0 0.97825 0.143 0.0385 0.068
0 0.87008333 0.1525 0.1095 0.177
0 0.86541667 0.298 0.1035 0.05
0 0.81241667 0.301875 0.24883333 0.13475
0 0.8505 0.125625 0.106 0.11525
0 0.62866667 0.22425 0.124 0.059
0 0.86583333 0.759 0.13333333 0.0845
0 0.756 0.86475 0.22466667 0.1345
0 0.41366667 0.794875 0.14366667 0.00525
0 0.47475 0.71225 0.06916667 0.0115
0 0.44741667 0.693625 0.0845 0.00775
0 0.55725 0.777 0.05483333 0.
0 0.17258333 0.637125 0.0735 0.00775
0 0.24808333 0.642 0.02816667 0.018
0 0.24808333 0.642 0.02816667 0.018
0 0.21666667 0.637125 0.054 0.02825
0 0.62908333 0.881375 0.17083333 0.11425
0 0.6205 0.922375 0.10266667 0.07825
0 0.70425 0.783375 0.3435 0.22575
