0 0.61025 0.2955 0.07016667 0.0525
0 0.98508333 0.914125 0.02983333 0.09475
0 0.29866667 0.3525 0.07433333 0.041
0 0.04958333 0.801875 0.08883333 0.25525
0 0.21625 0.281375 0.07516667 0.05525
0 0.1825 0.30075 0.04866667 0.0705
0 0.23425 0.260875 0.07183333 0.05775
0 0.2705 0.23975 0.05566667 0.0255
0 0.31458333 0.225625 0.0445 0.04375
0 0.33925 0.276875 0.1145 0.10525
0 0.45466667 0.360875 0.147 0.08075
0 0.47391667 0.40125 0.05216667 0.041
0 0.49783333 0.35 0.035 0.0105
0 0.94958333 0.198125 0.01883333 0.22175
0 0.98633333 0.162125 0.017 0.12175
0 0.98033333 0.264125 0.00333333 0.08975
