0 0.78725 0.509 0.10083333 0.195
0 0.81066667 0.362125 0.047 0.08325
0 0.85383333 0.623625 0.024 0.17825
0 0.53158333 0.5525 0.18283333 0.2205
0 0.5475 0.2885 0.059 0.077
0 0.49658333 0.23075 0.05483333 0.0565
0 0.4385 0.166 0.106 0.1835
0 0.44183333 0.055125 0.041 0.05125
0 0.5035 0.26025 0.06666667 0.069
0 0.153 0.941625 0.041 0.11425
0 0.12608333 0.969875 0.01783333 0.06025
0 0.09058333 0.97375 0.01883333 0.0525
0 0.27225 0.79225 0.05716667 0.4155
0 0.23583333 0.8935 0.02733333 0.1
0 0.212 0.8865 0.05466667 0.114
0 0.31616667 0.8045 0.02733333 0.391
0 0.37733333 0.741 0.047 0.082
0 0.95391667 0.908375 0.04616667 0.18325
0 0.90766667 0.7885 0.06333333 0.1025
0 0.88333333 0.628125 0.01266667 0.12825
0 0.83466667 0.746875 0.07433333 0.23725
0 0.95166667 0.394875 0.00933333 0.16175
0 0.95 0.6635 0.006 0.2065
0 0.87308333 0.55775 0.0385 0.1025
0 0.8615 0.49625 0.00333333 0.082
0 0.69608333 0.36275 0.0265 0.0385
0 0.87908333 0.027 0.04016667 0.018
0 0.50083333 0.016625 0.05133333 0.03325
0 0.54408333 0.8725 0.08116667 0.1295
