0 0.49466667 0.016 0.20666667 0.018
0 0.72366667 0.1455 0.09933333 0.075
0 0.63633333 0.2065 0.106 0.061
0 0.747 0.2635 0.06466667 0.045
0 0.70066667 0.5675 0.056 0.069
0 0.78033333 0.647 0.038 0.012
0 0.56533333 0.51 0.02666667 0.188
0 0.508 0.53 0.1 0.002
0 0.48466667 0.5055 0.05333333 0.017
0 0.59666667 0.752 0.02266667 0.058
0 0.40366667 0.6775 0.03666667 0.071
0 0.35266667 0.6245 0.05866667 0.143
0 0.30566667 0.7075 0.02733333 0.075
0 0.28433333 0.5985 0.04733333 0.239
0 0.26833333 0.4405 0.00333333 0.079
0 0.231 0.5715 0.018 0.043
0 0.237 0.637 0.054 0.174
0 0.21233333 0.3855 0.07666667 0.271
0 0.22833333 0.337 0.038 0.098
0 0.348 0.1355 0.1 0.095
0 0.27133333 0.179 0.11466667 0.014
0 0.35133333 0.37 0.052 0.2
0 0.44233333 0.241 0.118 0.252
0 0.42833333 0.3305 0.03133333 0.135
0 0.49866667 0.181 0.048 0.084
0 0.48366667 0.072 0.04333333 0.002
0 0.044 0.023 0.048 0.046
0 0.45633333 0.4395 0.07533333 0.053
