0 0.95383333 0.482 0.01033333 0.259
0 0.903 0.11475 0.00266667 0.2295
0 0.85475 0.66725 0.03416667 0.1475
0 0.89616667 0.769875 0.03333333 0.20125
0 0.89275 0.9115 0.02316667 0.1205
0 0.53208333 0.452 0.13083333 0.268
0 0.35983333 0.0455 0.041 0.091
0 0.562 0.184625 0.12733333 0.35375
0 0.70891667 0.561625 0.09483333 0.21275
0 0.59908333 0.425 0.15383333 0.319
0 0.50983333 0.268 0.042 0.141
0 0.46883333 0.23975 0.03 0.087
0 0.10508333 0.072375 0.0495 0.14475
0 0.0645 0.375 0.07266667 0.181
0 0.03591667 0.584 0.07183333 0.3425
