0 0.66891667 0.392875 0.1145 0.02675
0 0.74433333 0.63575 0.189 0.036
0 0.88233333 0.589875 0.02133333 0.09575
0 0.89041667 0.48 0.04616667 0.0175
0 0.74033333 0.600625 0.17766667 0.03725
0 0.77766667 0.6605 0.14566667 0.0345
0 0.42658333 0.908125 0.1465 0.17025
0 0.32275 0.743625 0.13583333 0.16925
0 0.33291667 0.87825 0.05683333 0.0785
0 0.2925 0.853625 0.06133333 0.07725
0 0.04258333 0.94875 0.08516667 0.1
0 0.04391667 0.690375 0.08783333 0.06775
0 0.02266667 0.655125 0.04533333 0.02925
0 0.12516667 0.412875 0.25033333 0.07725
0 0.40391667 0.508625 0.17216667 0.09325
0 0.40041667 0.55925 0.14916667 0.072
0 0.41683333 0.60525 0.08966667 0.0385
0 0.22775 0.550625 0.18016667 0.02525
0 0.24283333 0.595875 0.095 0.04375
0 0.50683333 0.30625 0.071 0.048
0 0.54325 0.28825 0.0515 0.0065
0 0.74033333 0.769 0.02833333 0.0705
