0 0.47266667 0.60575 0.04266667 0.127
0 0.43975 0.6365 0.04183333 0.109
0 0.20766667 0.7865 0.176 0.045
0 0.13125 0.8045 0.17516667 0.055
0 0.109 0.8185 0.16666667 0.0705
0 0.02866667 0.890375 0.05733333 0.01675
0 0.0235 0.946125 0.047 0.02325
0 0.04916667 0.9795 0.09833333 0.0255
0 0.40858333 0.986 0.0855 0.
0 0.86025 0.96725 0.05883333 0.0655
0 0.97908333 0.953875 0.04183333 0.02575
0 0.94016667 0.346125 0.11966667 0.05375
0 0.67825 0.08975 0.05216667 0.1795
0 0.6145 0.04425 0.029 0.0885
0 0.74275 0.110875 0.0205 0.16775
0 0.08633333 0.402 0.13333333 0.009
0 0.14225 0.278875 0.0915 0.08575
0 0.1 0.275625 0.15033333 0.07675
0 0.19408333 0.537875 0.09916667 0.04225
0 0.24233333 0.5475 0.071 0.0435
0 0.79958333 0.642375 0.00416667 0.10775
0 0.78891667 0.57825 0.02916667 0.077
0 0.04191667 0.582 0.08383333 0.0205
