0 0.57091667 0.4045 0.02383333 0.3655
0 0.59316667 0.309 0.00866667 0.082
0 0.64275 0.359625 0.05483333 0.10875
0 0.65433333 0.322375 0.09833333 0.17825
0 0.75591667 0.4685 0.1205 0.232
0 0.80858333 0.659 0.07016667 0.1435
0 0.82483333 0.774375 0.029 0.03575
0 0.92608333 0.898125 0.0145 0.20125
0 0.86408333 0.5115 0.0085 0.1
0 0.88375 0.5435 0.01883333 0.1205
0 0.94183333 0.503125 0.10766667 0.01925
0 0.94191667 0.438375 0.11616667 0.02825
0 0.9735 0.468 0.053 0.018
0 0.86241667 0.4155 0.1385 0.
0 0.77608333 0.3955 0.06483333 0.0065
0 0.87816667 0.244875 0.023 0.07925
0 0.88933333 0.222375 0.01966667 0.13725
0 0.906 0.282625 0.00166667 0.07575
0 0.82866667 0.525 0.03333333 0.004
0 0.82866667 0.55375 0.03333333 0.
0 0.762 0.805875 0.15466667 0.16025
0 0.70725 0.715375 0.08283333 0.09475
0 0.67858333 0.658375 0.0615 0.08075
0 0.662 0.555125 0.071 0.15375
0 0.64316667 0.428125 0.05566667 0.11025
0 0.7205 0.5705 0.04433333 0.087
0 0.9855 0.977 0.029 0.041
0 0.79783333 0.925625 0.083 0.11275
0 0.6205 0.6315 0.00166667 0.191
0 0.559 0.48975 0.017 0.277
0 0.53675 0.47175 0.00183333 0.195
0 0.5265 0.259 0.02566667 0.182
0 0.51366667 0.316 0.02233333 0.15
0 0.47225 0.1865 0.04016667 0.0475
0 0.44608333 0.185875 0.05983333 0.08725
0 0.4555 0.259625 0.041 0.06775
0 0.33083333 0.452625 0.053 0.05375
0 0.25216667 0.614125 0.06666667 0.08225
0 0.16075 0.225625 0.10083333 0.13325
0 0.15391667 0.08725 0.11283333 0.118
0 0.02775 0.06925 0.0555 0.036
0 0.02266667 0.100625 0.04533333 0.03975
0 0.14058333 0.737125 0.07783333 0.06925
0 0.12941667 0.696875 0.14616667 0.11925
0 0.6765 0.156375 0.047 0.01275
0 0.94058333 0.01925 0.09816667 0.0385
0 0.50766667 0.831375 0.06333333 0.00625
0 0.33891667 0.0455 0.01283333 0.091
