0 0.49616667 0.58075 0.00766667 0.105
0 0.48291667 0.496125 0.00183333 0.07425
0 0.44658333 0.46475 0.0095 0.091
0 0.43633333 0.226375 0.00433333 0.16025
0 0.51533333 0.303125 0. 0.10125
0 0.54358333 0.276875 0.01883333 0.20775
0 0.52225 0.0955 0.0035 0.1015
0 0.56066667 0.316625 0.00333333 0.08975
0 0.52816667 0.557 0.00333333 0.132
0 0.55 0.531375 0.01266667 0.06275
0 0.29616667 0.844875 0.06066667 0.01025
0 0.25341667 0.441625 0.0315 0.07825
0 0.24225 0.457125 0.0675 0.15775
0 0.41625 0.49875 0.0155 0.182
