0 0.69591667 0.051375 0.2645 0.06525
0 0.85933333 0.1425 0.06933333 0.0505
0 0.7475 0.23175 0.12966667 0.1305
0 0.63475 0.328875 0.08883333 0.09325
0 0.5725 0.422125 0.08166667 0.10125
0 0.69775 0.42875 0.13483333 0.149
0 0.69858333 0.46475 0.0905 0.1065
0 0.24941667 0.971375 0.05683333 0.05725
0 0.852 0.904125 0.296 0.06675
0 0.53925 0.04325 0.1625 0.0865
0 0.95983333 0.338875 0.08033333 0.02775
0 0.67508333 0.184375 0.08783333 0.04675
0 0.52325 0.075875 0.22283333 0.11725
0 0.45983333 0.0965 0.14566667 0.0945
0 0.091 0.267 0.16766667 0.0945
0 0.10825 0.89875 0.04616667 0.2025
0 0.18375 0.760875 0.05316667 0.08125
