0 0.78841667 0.42625 0.20083333 0.004
0 0.62008333 0.344875 0.1275 0.03325
0 0.19358333 0.477 0.18383333 0.023
0 0.02091667 0.178875 0.04183333 0.07325
0 0.54108333 0.905125 0.1915 0.15125
0 0.92308333 0.646875 0.09416667 0.05775
0 0.90683333 0.573125 0.17766667 0.11275
0 0.82141667 0.5565 0.22216667 0.118
0 0.68375 0.528125 0.1095 0.04875
0 0.95083333 0.699375 0.09833333 0.07325
0 0.84483333 0.61675 0.05733333 0.023
0 0.82691667 0.587875 0.03683333 0.01675
0 0.92866667 0.348625 0.04866667 0.00775
