0 0.24958333 0.394875 0.14883333 0.48725
0 0.32475 0.237125 0.08716667 0.22825
0 0.20816667 0.2935 0.07266667 0.082
0 0.21708333 0.883375 0.07183333 0.23325
0 0.347 0.646875 0.07533333 0.04225
0 0.43375 0.56925 0.09316667 0.041
0 0.80175 0.49175 0.18116667 0.1705
0 0.94741667 0.27175 0.10516667 0.0795
0 0.7765 0.14875 0.24366667 0.0795
0 0.60558333 0.226875 0.1375 0.08975
0 0.69483333 0.216625 0.09066667 0.05125
0 0.82816667 0.178875 0.09066667 0.03725
0 0.87441667 0.01025 0.0085 0.0205
0 0.56875 0.14425 0.1085 0.0655
0 0.93166667 0.10775 0.04266667 0.059
0 0.96116667 0.164625 0.07266667 0.06025
0 0.8355 0.38075 0.03333333 0.041
0 0.67733333 0.694875 0.22466667 0.06925
0 0.69316667 0.671125 0.142 0.05275
0 0.61541667 0.71475 0.15716667 0.055
0 0.56583333 0.776875 0.10766667 0.03575
0 0.04741667 0.04675 0.05216667 0.0885
0 0.03416667 0.33775 0.058 0.127
