0 0.94233333 0.48325 0.11533333 0.018
0 0.87991667 0.64175 0.09483333 0.0705
0 0.9 0.784625 0.08033333 0.02575
0 0.98158333 0.715375 0.03683333 0.01275
0 0.89358333 0.40575 0.21283333 0.0575
0 0.909 0.251875 0.12733333 0.03725
0 0.97475 0.234625 0.0505 0.01525
0 0.7205 0.299375 0.06833333 0.04475
0 0.40083333 0.099375 0.058 0.17575
0 0.39866667 0.160875 0.06233333 0.16275
0 0.37733333 0.0455 0.03833333 0.091
0 0.36025 0.023125 0.01616667 0.04625
0 0.23891667 0.155125 0.02316667 0.13075
0 0.28975 0.369875 0.0685 0.21175
0 0.06966667 0.80325 0.08133333 0.173
0 0.062 0.728875 0.03666667 0.07575
0 0.09491667 0.912125 0.02216667 0.05775
0 0.035 0.9185 0.01033333 0.0295
0 0.03591667 0.53075 0.07183333 0.0745
