0 0.90258333 0.694875 0.19483333 0.06925
0 0.89791667 0.74625 0.20083333 0.0385
0 0.97308333 0.75375 0.0505 0.
0 0.71791667 0.826875 0.0325 0.01025
0 0.64108333 0.85325 0.0735 0.027
0 0.56575 0.89675 0.03416667 0.0935
0 0.6 0.441625 0.046 0.15525
0 0.65425 0.306375 0.01783333 0.06425
0 0.66966667 0.31925 0.01966667 0.046
0 0.68716667 0.35 0.02233333 0.0745
0 0.95641667 0.267375 0.08716667 0.02425
0 0.04233333 0.897375 0.06233333 0.00775
0 0.4295 0.250625 0.00766667 0.29625
0 0.44275 0.064125 0.0085 0.08475
0 0.46583333 0.112875 0.05133333 0.09225
0 0.47991667 0.037875 0.00416667 0.07575
0 0.43416667 0.934625 0.00166667 0.13075
0 0.371 0.573 0.012 0.0975
0 0.306 0.656375 0.012 0.08475
