0 0.61283333 0.762125 0.02233333 0.23475
0 0.61108333 0.51275 0.00516667 0.1385
0 0.63725 0.3865 0.00083333 0.104
0 0.59016667 0.083375 0.001 0.13325
0 0.571 0.0955 0. 0.0885
0 0.662 0.057 0.01633333 0.114
0 0.63975 0.01925 0.0025 0.0385
0 0.40216667 0.28075 0.03 0.1025
0 0.31025 0.558375 0.19483333 0.19625
0 0.30633333 0.641625 0.1 0.08075
0 0.388 0.530125 0.05133333 0.06275
0 0.206 0.612125 0.22566667 0.21925
0 0.09233333 0.766625 0.18466667 0.17425
0 0.06325 0.831375 0.1265 0.13975
0 0.10725 0.82625 0.2145 0.2295
0 0.51366667 0.83075 0.053 0.1615
0 0.9085 0.853875 0. 0.11525
0 0.85766667 0.864125 0.01966667 0.27175
0 0.79616667 0.952625 0.00766667 0.09475
0 0.96075 0.421125 0.03416667 0.05775
0 0.8945 0.341125 0.04533333 0.07175
0 0.82008333 0.162125 0.04516667 0.09625
0 0.93891667 0.12825 0.12216667 0.046
0 0.46841667 0.216625 0.0325 0.14875
0 0.43458333 0.2385 0.0265 0.1385
0 0.49491667 0.721125 0.1265 0.55775
0 0.0145 0.7935 0.029 0.018
