0 0.553 0.44425 0.123 0.0705
0 0.60341667 0.61925 0.08216667 0.0665
0 0.5645 0.959625 0.13066667 0.08075
0 0.05983333 0.562875 0.017 0.21275
0 0.03633333 0.544875 0.03 0.27175
0 0.38033333 0.046125 0.082 0.05375
0 0.52691667 0.034625 0.08283333 0.05875
0 0.58291667 0.323625 0.12983333 0.07825
0 0.74916667 0.29675 0.112 0.296
0 0.84358333 0.13975 0.09583333 0.223
0 0.60941667 0.09875 0.07683333 0.013
0 0.68808333 0.133875 0.0975 0.01925
0 0.74058333 0.599375 0.03683333 0.13225
0 0.67216667 0.518 0.11366667 0.105
0 0.98158333 0.380125 0.03683333 0.12425
0 0.897 0.883375 0.18366667 0.18475
0 0.77008333 0.516625 0.04616667 0.09225
0 0.89275 0.200625 0.0555 0.11675
