0 0.52991667 0.825 0.05483333 0.019
0 0.5085 0.812125 0.08033333 0.03475
0 0.29616667 0.8635 0.076 0.0475
0 0.244 0.91025 0.042 0.159
0 0.13166667 0.605125 0.10433333 0.01275
0 0.04233333 0.58275 0.08466667 0.0115
0 0.36191667 0.350625 0.09483333 0.03975
0 0.42866667 0.312875 0.047 0.01025
0 0.47816667 0.2385 0.088 0.077
0 0.48583333 0.175 0.059 0.0475
0 0.40858333 0.03275 0.0205 0.0655
0 0.70808333 0.132 0.11716667 0.064
0 0.73166667 0.23525 0.13166667 0.078
0 0.70775 0.2455 0.05816667 0.045
0 0.77308333 0.330875 0.04883333 0.04875
0 0.91583333 0.076875 0.064 0.08475
0 0.91841667 0.77825 0.05383333 0.018
0 8.75583333e-01 8.62750000e-01 8.33333333e-04 9.75000000e-02
0 0.79575 0.966625 0.10416667 0.05625
0 0.35558333 0.512875 0.12316667 0.09475
0 0.41966667 0.37125 0.118 0.109
0 0.41708333 0.41475 0.07683333 0.068
0 0.58758333 0.27625 0.14616667 0.163
0 0.57866667 0.347375 0.11633333 0.08975
0 0.56841667 0.205875 0.1505 0.18075
0 0.34958333 0.232625 0.03416667 0.07825
0 0.83633333 0.03075 0.03 0.0615
