0 0.91966667 0.583375 0.16066667 0.02575
0 0.73758333 0.52825 0.1385 0.005
0 0.8 0.8225 0.02233333 0.1885
0 0.76366667 0.868 0.06233333 0.264
0 0.62391667 0.529375 0.19483333 0.58975
0 0.56758333 0.502 0.1795 0.55
0 0.31833333 0.75125 0.03333333 0.1335
0 0.25891667 0.82625 0.05816667 0.127
0 0.22091667 0.582125 0.00416667 0.14625
0 0.19441667 0.567875 0.00083333 0.14875
0 0.13933333 0.539125 0.017 0.11425
0 0.094 0.450625 0.188 0.03225
0 0.03033333 0.47625 0.06066667 0.0165
0 0.07816667 0.752625 0.1 0.07425
0 0.39525 0.934 0.01116667 0.027
0 0.31025 0.957 0.01016667 0.045
0 0.294 0.960875 0.00866667 0.05525
0 0.27733333 0.402625 0.17166667 0.05125
0 0.09191667 0.36025 0.18383333 0.0335
0 0.2555 0.43275 0.065 0.009
0 0.27266667 0.51925 0.06333333 0.
0 0.268 0.549375 0.035 0.00125
0 0.48766667 0.71925 0.00766667 0.1385
0 0.51925 0.78975 0.01783333 0.2155
0 0.66966667 0.965375 0.00433333 0.05875
0 0.43841667 0.069875 0.01883333 0.13975
0 0.29058333 0.778875 0.05483333 0.12425
0 0.19616667 0.6565 0.018 0.041
0 0.15516667 0.59425 0.006 0.0525
