0 0.43591667 0.26475 0.1385 0.145
0 0.34741667 0.228875 0.16316667 0.17325
0 0.32141667 0.308375 0.09916667 0.09375
0 0.16025 0.047375 0.1375 0.09475
0 0.22091667 0.469875 0.1495 0.02675
0 0.17991667 0.43325 0.1155 0.041
0 0.21283333 0.369875 0.09233333 0.01925
0 0.0265 0.697375 0.053 0.00775
0 0.41458333 0.409625 0.0855 0.00875
0 0.57991667 0.8865 0.1085 0.0295
0 0.64016667 0.93275 0.10266667 0.0345
0 0.55 0.982625 0.09666667 0.02425
0 0.8945 0.97825 0.06066667 0.0435
0 0.92391667 0.498 0.03416667 0.091
0 0.62175 0.025625 0.05383333 0.05125
0 0.19233333 0.615375 0.11633333 0.02575
0 0.58383333 0.452625 0.03933333 0.03075
0 0.57733333 0.5385 0.08466667 0.018
