0 0.67116667 0.107875 0.06566667 0.19725
0 0.73816667 0.033875 0.063 0.06525
0 0.794 0.016625 0.03466667 0.03325
0 0.8145 0.117875 0.25466667 0.15575
0 0.91966667 0.246375 0.064 0.11725
0 0.97025 0.382125 0.0585 0.03725
0 0.90458333 0.57325 0.1845 0.1905
0 0.89033333 0.704375 0.14033333 0.08775
0 0.82333333 0.767625 0.08966667 0.05725
0 0.95608333 0.68775 0.07816667 0.06
0 0.94741667 0.925375 0.10516667 0.03475
0 0.51616667 0.965375 0.00266667 0.06675
0 0.29208333 0.6185 0.04616667 0.156
0 0.25475 0.3515 0.08883333 0.197
0 0.15808333 0.512 0.1385 0.1825
0 0.14783333 0.48 0.072 0.116
0 0.01908333 0.493375 0.03816667 0.04675
0 0.00891667 0.543875 0.01783333 0.02275
0 0.03733333 0.647125 0.02666667 0.03725
0 0.083 0.929375 0.05066667 0.14125
0 0.13841667 0.79625 0.0355 0.0825
0 0.06475 0.215 0.12783333 0.0625
0 0.98175 0.1545 0.0355 0.056
0 0.58191667 0.733 0.04183333 0.1185
0 0.87441667 0.785625 0.0995 0.04775
