0 0.49975 0.553875 0.1155 0.04275
0 0.45891667 0.51275 0.0355 0.008
0 0.6515 0.914125 0.09233333 0.09975
0 0.61258333 0.7995 0.1385 0.257
0 0.65383333 0.23175 0.02933333 0.048
0 0.67508333 0.121125 0.06483333 0.10925
0 0.68616667 0.209 0.03366667 0.0265
0 0.74216667 0.3615 0.09766667 0.092
0 0.57383333 0.20775 0.08433333 0.197
0 0.57566667 0.103875 0.06666667 0.19175
0 0.64316667 0.277 0.11633333 0.165
0 0.27691667 0.131875 0.10116667 0.02125
0 0.45316667 0.22575 0.06133333 0.036
0 0.14783333 0.43875 0.21033333 0.044
0 0.23208333 0.497375 0.2565 0.07575
0 0.29516667 0.553875 0.07733333 0.02675
0 0.49933333 0.916125 0.118 0.10125
0 0.50775 0.967375 0.0355 0.06525
0 0.399 0.945375 0.086 0.05325
0 0.06925 0.214375 0.0605 0.07725
0 0.937 0.07325 0.01333333 0.128
