0 0.63675 0.791 0.0495 0.277
0 0.379 0.82625 0.01966667 0.3475
0 0.04783333 0.137875 0.07866667 0.22425
0 0.60475 0.099375 0.17516667 0.15775
0 0.52775 0.317875 0.07616667 0.37175
0 0.57525 0.785875 0.0855 0.42825
0 0.7735 0.975 0.02066667 0.05
0 0.73716667 0.472375 0.07266667 0.40125
0 0.8885 0.3795 0.03333333 0.164
0 0.84233333 0.134 0.02133333 0.137
0 0.75258333 0.134625 0.0845 0.26925
0 0.71841667 0.043625 0.05216667 0.04625
0 0.47183333 0.2185 0.09233333 0.3475
0 0.47825 0.359625 0.09316667 0.30625
0 0.46025 0.423125 0.09483333 0.21025
0 0.34616667 0.890375 0.01033333 0.21925
0 0.80641667 0.20575 0.00583333 0.2115
0 0.70216667 0.50125 0.01633333 0.118
