0 0.70341667 0.885875 0.0735 0.22825
0 0.88333333 0.965375 0.035 0.06675
0 0.96491667 0.931375 0.0325 0.05775
0 0.86833333 0.38075 0.02566667 0.172
0 0.89483333 0.1545 0.176 0.204
0 0.87391667 0.068625 0.11716667 0.13725
0 0.19358333 0.266 0.01783333 0.0935
0 0.02391667 0.148 0.04783333 0.0885
0 0.17091667 0.873125 0.18283333 0.16425
0 0.10041667 0.892875 0.05216667 0.08325
0 0.353 0.746875 0.07533333 0.09875
0 0.39658333 0.530125 0.06483333 0.10125
0 0.69791667 0.740375 0.0385 0.17325
0 0.71241667 0.518 0.0505 0.195
0 0.84358333 0.977625 0.0205 0.04475
0 0.30516667 0.173125 0.02733333 0.09475
0 0.23591667 0.35125 0.0685 0.2565
0 0.182 0.414625 0.06666667 0.13975
