0 0.99233333 0.6935 0.01533333 0.041
0 0.37008333 0.7385 0.03583333 0.141
0 0.42558333 0.63775 0.0205 0.1525
0 0.25083333 0.703875 0.02466667 0.13075
0 0.23416667 0.69675 0.01366667 0.127
0 0.26491667 0.566625 0.0085 0.08475
0 0.55175 0.204375 0.0385 0.18075
0 0.62266667 0.102625 0.03666667 0.06925
0 0.73633333 0.325625 0.05733333 0.16425
0 0.79141667 0.4455 0.0615 0.0985
0 0.76583333 0.43725 0.08366667 0.1435
0 0.87008333 0.698625 0.10783333 0.16925
0 0.86366667 0.38525 0.064 0.1885
0 0.83033333 0.257625 0.018 0.11275
0 0.91958333 0.475625 0.04616667 0.14625
0 0.98633333 0.119875 0.02733333 0.02675
0 0.97816667 0.244875 0.04366667 0.04375
0 0.1995 0.762875 0.047 0.03325
0 0.44058333 0.284625 0.02816667 0.09725
