0 0.12208333 0.04 0.12516667 0.08
0 0.34225 0.01 0.09316667 0.0015
0 0.10166667 0.1365 0.09666667 0.0705
0 0.04441667 0.24175 0.08883333 0.044
0 0.11366667 0.261625 0.22733333 0.14775
0 0.38933333 0.53725 0.15533333 0.124
0 0.43408333 0.61375 0.1935 0.1465
0 0.75275 0.910875 0.12616667 0.08525
0 0.69683333 0.93075 0.12433333 0.12
0 0.61691667 0.77175 0.16516667 0.1345
0 0.32933333 0.766375 0.25733333 0.02525
0 0.34358333 0.79825 0.1065 0.0095
0 0.88458333 0.0965 0.02383333 0.193
0 0.89966667 0.09925 0.04166667 0.1985
0 0.83708333 0.072625 0.02316667 0.14525
0 0.81225 0.052625 0.0265 0.10525
0 0.16466667 0.3735 0.24766667 0.0865
0 0.40433333 0.506 0.28666667 0.2265
0 0.54325 0.56525 0.4225 0.385
0 0.70175 0.046 0.04516667 0.092
0 0.73458333 0.024 0.0185 0.048
