0 0.36366667 0.35575 0.07266667 0.163
0 0.43033333 0.46725 0.035 0.073
0 0.28208333 0.3685 0.08383333 0.132
0 0.2975 0.45325 0.03933333 0.104
0 0.23975 0.776375 0.02983333 0.22175
0 0.2145 0.718625 0.017 0.09625
0 0.2295 0.89675 0.011 0.0655
0 0.10766667 0.825625 0.02733333 0.08975
0 0.09358333 0.691625 0.01616667 0.09625
0 0.10466667 0.555125 0.20933333 0.09475
0 0.09658333 0.513375 0.19316667 0.11925
0 0.26233333 0.566 0.08033333 0.032
0 0.10425 0.1705 0.05116667 0.0205
0 0.13975 0.210875 0.06083333 0.02425
0 0.07008333 0.1205 0.14016667 0.0515
0 0.59658333 0.43075 0.12816667 0.095
0 0.61883333 0.35325 0.053 0.0655
0 0.571 0.576875 0.14533333 0.02575
0 0.76708333 0.61725 0.0915 0.0115
0 0.8295 0.657625 0.071 0.13075
0 0.58841667 0.77175 0.09483333 0.005
0 0.44658333 0.926875 0.0725 0.03075
0 0.40133333 0.955125 0.07266667 0.06175
0 0.49616667 0.690375 0.00433333 0.11175
0 0.36883333 0.714125 0.07266667 0.02825
0 0.28975 0.6865 0.03916667 0.0755
0 0.3735 0.605125 0.09066667 0.14875
0 0.24316667 0.698 0.01466667 0.0885
0 0.33416667 0.781375 0.04433333 0.04225
0 0.92733333 0.2275 0.14533333 0.0115
0 0.95725 0.15775 0.0855 0.0155
0 0.5085 0.330875 0.11966667 0.21025
0 0.52308333 0.2435 0.05116667 0.1025
0 0.41325 0.055125 0.08116667 0.04875
0 0.83841667 0.930875 0.08716667 0.03075
0 0.15341667 0.790375 0.05383333 0.31175
0 0.2295 0.410875 0.01466667 0.11675
