0 0.23116667 0.28075 0.12566667 0.0565
0 0.64741667 0.219875 0.06916667 0.07075
0 0.79658333 0.234625 0.09583333 0.06425
0 0.90466667 0.033375 0.04366667 0.06675
0 0.93458333 0.601375 0.05383333 0.04875
0 0.89308333 0.84875 0.14016667 0.005
0 0.73458333 0.864125 0.06416667 0.01025
0 0.68333333 0.8365 0.06766667 0.009
0 0.40341667 0.90775 0.0565 0.0155
0 0.38675 0.397375 0.0625 0.02575
0 0.43241667 0.409 0.0615 0.0335
0 0.44441667 0.425625 0.04283333 0.01525
0 0.25175 0.477625 0.0915 0.02425
0 0.78633333 0.484625 0.06333333 0.02825
0 0.90641667 0.37825 0.0845 0.0385
0 0.72391667 0.336 0.08883333 0.
