0 0.22525 0.8205 0.08116667 0.154
0 0.0735 0.867875 0.077 0.08975
0 0.02433333 0.316625 0.04866667 0.08725
0 0.0265 0.276875 0.03433333 0.06675
0 0.053 0.39875 0.041 0.0795
0 0.02183333 0.457125 0.03333333 0.06025
0 0.26666667 0.7935 0.046 0.0795
0 0.341 0.748625 0.05466667 0.02825
0 0.35425 0.782 0.06416667 0.0385
0 0.40641667 0.8295 0.1035 0.0335
0 0.51966667 0.799375 0.195 0.05275
0 0.55041667 0.766 0.07016667 0.004
0 0.73975 0.7795 0.10683333 0.0205
0 0.80383333 0.816625 0.165 0.00775
0 0.84016667 0.884625 0.12466667 0.01525
0 0.51708333 0.821875 0.0905 0.03075
0 0.67783333 0.862125 0.07866667 0.00375
0 0.7385 0.875625 0.09233333 0.00275
0 0.64316667 0.917875 0.08966667 0.01275
0 0.68291667 0.93275 0.08216667 0.0115
0 0.92991667 0.701875 0.12316667 0.01925
