0 0.42225 0.5775 0.03416667 0.1295
0 0.45341667 0.657 0.0505 0.0705
0 0.43125 0.7525 0.05216667 0.164
0 0.47308333 0.857 0.05883333 0.091
0 0.32058333 0.88275 0.0325 0.0475
0 0.31883333 0.952625 0.017 0.05375
0 0.22258333 0.918625 0.05383333 0.15775
0 0.04875 0.77375 0.0975 0.068
0 0.04441667 0.61025 0.08383333 0.1025
0 0.11025 0.089625 0.05116667 0.08975
0 0.34358333 0.256375 0.00183333 0.13575
0 0.38291667 0.191625 0.0085 0.27575
0 0.74658333 0.144875 0.0095 0.08475
0 0.53583333 0.936 0.053 0.0795
0 0.30683333 0.961625 0.01033333 0.04875
0 0.22775 0.86925 0.08283333 0.259
0 0.17308333 0.59625 0.05383333 0.2205
0 0.15433333 0.596875 0.07266667 0.28325
0 0.16966667 0.966 0.06233333 0.0475
