0 0.21325 0.927 0.37183333 0.082
0 0.047 0.911625 0.094 0.00775
0 0.43841667 0.735875 0.1145 0.01775
0 0.47433333 0.6725 0.06666667 0.086
0 0.53333333 0.6275 0.046 0.0345
0 0.6265 0.601875 0.04266667 0.05525
0 0.67566667 0.515375 0.05033333 0.06175
0 0.6675 0.58325 0.065 0.082
0 0.894 0.52825 0.16066667 0.1255
0 0.8525 0.60825 0.12733333 0.109
0 0.80041667 0.707625 0.0555 0.04875
0 0.69741667 0.71475 0.02916667 0.0165
0 0.64483333 0.75 0.071 0.0025
0 0.60216667 0.766625 0.05733333 0.08475
0 0.66158333 0.87125 0.15383333 0.0885
0 0.67091667 0.83525 0.11283333 0.0525
0 0.6855 0.608375 0.14366667 0.15775
0 0.86966667 0.46025 0.25033333 0.1665
0 0.91108333 0.38975 0.11616667 0.069
0 0.61366667 0.898125 0.053 0.01675
0 0.60816667 0.944875 0.076 0.02825
0 0.66191667 0.94625 0.05383333 0.018
0 0.21283333 0.766125 0.09566667 0.01925
0 0.89441667 0.7955 0.14783333 0.009
0 0.87008333 0.7545 0.0445 0.0245
0 0.02608333 0.671125 0.05216667 0.06025
0 0.06966667 0.76475 0.09833333 0.004
0 0.02816667 0.053875 0.041 0.10775
0 0.53125 0.8385 0.09316667 0.023
0 0.53416667 0.89675 0.082 0.0115
