0 0.57008333 0.205125 0.1625 0.02575
0 0.48933333 0.2385 0.04533333 0.0025
0 0.24658333 0.241 0.0025 0.1255
0 0.0525 0.232125 0.07433333 0.13075
0 0.10475 0.04875 0.1085 0.0255
0 0.18383333 0.315375 0.06666667 0.01275
0 0.02816667 0.508375 0.05633333 0.13975
0 0.153 0.534 0.14533333 0.137
0 0.17133333 0.469875 0.17866667 0.17075
0 0.01925 0.74175 0.0315 0.05
0 0.43033333 0.652 0.06233333 0.068
0 0.56708333 0.447375 0.1255 0.15375
0 0.6235 0.437875 0.105 0.12175
0 0.62441667 0.384625 0.05383333 0.05375
0 0.73416667 0.59675 0.10933333 0.0885
0 0.50983333 0.967375 0.06766667 0.01675
0 0.61416667 0.551375 0.20766667 0.11025
0 0.37308333 0.11725 0.0725 0.0295
0 0.94141667 0.886625 0.0385 0.05775
