0 0.606 0.615375 0.14366667 0.01525
0 0.88375 0.52825 0.14516667 0.0255
0 0.8085 0.7975 0.065 0.064
0 0.77816667 0.858875 0.01966667 0.02825
0 0.90591667 0.74875 0.04783333 0.0385
0 0.80683333 0.88725 0.029 0.036
0 0.844 0.92825 0.04866667 0.046
0 0.74441667 0.88275 0.0565 0.0475
0 0.62825 0.818 0.08716667 0.059
0 0.57991667 0.704375 0.0745 0.01925
0 0.63466667 0.67625 0.04533333 0.0065
0 0.60983333 0.647375 0.05033333 0.00775
0 0.50733333 0.298625 0.12733333 0.01025
0 0.74141667 0.26925 0.1735 0.087
0 0.66116667 0.283375 0.03166667 0.00525
0 0.57091667 0.340375 0.0325 0.00875
0 0.2855 0.3795 0.04266667 0.0205
0 0.31791667 0.44875 0.05983333 0.0155
0 0.409 0.665375 0.06066667 0.04625
0 0.33116667 0.5705 0.06933333 0.0845
0 0.3735 0.625625 0.029 0.05125
0 0.35216667 0.65 0.07 0.077
0 0.485 0.779375 0.071 0.03075
0 0.635 0.856375 0.135 0.10525
0 0.76616667 0.960875 0.08633333 0.07825
0 0.87266667 0.97375 0.00333333 0.05
0 0.15508333 0.41225 0.0385 0.032
0 0.071 0.448 0.01366667 0.027
0 0.09616667 0.119875 0.02833333 0.04725
0 0.04275 0.177625 0.03583333 0.08325
0 0.01108333 0.27175 0.02216667 0.0565
0 0.13416667 0.1725 0.00866667 0.1885
0 0.12558333 0.099375 0.00683333 0.06525
0 0.15858333 0.128875 0.01616667 0.20625
0 0.22308333 0.227 0.0085 0.0435
0 0.14533333 0.972375 0.00333333 0.05525
0 0.07266667 0.825 0.06333333 0.0705
0 0.07733333 0.791625 0.04366667 0.05775
0 0.01883333 0.660875 0.03766667 0.00375
0 0.121 0.65125 0.1 0.018
0 0.038 0.567875 0.02133333 0.04625
0 0.53116667 0.97125 0.07433333 0.05
0 0.56325 0.950625 0.1265 0.08825
0 0.61108333 0.943625 0.15383333 0.09225
0 0.82225 0.98525 0.03083333 0.0295
0 0.4585 0.834 0.059 0.0705
0 0.39658333 0.73525 0.03916667 0.0575
0 0.98758333 0.800625 0.02483333 0.04725
