0 0.37516667 0.3935 0.065 0.0025
0 0.5675 0.403125 0.15566667 0.02175
0 0.53466667 0.564 0.12566667 0.059
0 0.64491667 0.609625 0.0915 0.05525
0 0.66925 0.58725 0.05983333 0.0205
0 0.40983333 0.505125 0.14266667 0.12575
0 0.18083333 0.309 0.07266667 0.018
0 0.35258333 0.303125 0.0845 0.05775
0 0.91708333 0.794875 0.05116667 0.11775
0 0.90941667 0.240375 0.04283333 0.00625
0 0.8855 0.07125 0.13 0.009
0 0.95941667 0.085875 0.08116667 0.02825
0 0.856 0.0295 0.194 0.005
0 0.96283333 0.0345 0.07433333 0.0205
0 0.95766667 0.009 0.08466667 0.0155
0 0.632 0.87375 0.07433333 0.0525
0 0.69533333 0.9045 0.10333333 0.045
0 0.65383333 0.97375 0.00866667 0.0525
