0 0.112 0.693625 0.017 0.09475
0 0.8385 0.914 0.041 0.0615
0 0.956 0.889 0.088 0.009
0 0.95725 0.96275 0.0855 0.036
0 0.91325 0.766625 0.09816667 0.13075
0 0.90258333 0.8615 0.02216667 0.0255
0 0.95641667 0.78525 0.0325 0.045
0 0.90983333 0.741 0.052 0.0745
0 0.68508333 0.93525 0.05216667 0.0475
0 0.07008333 0.7545 0.03916667 0.05
0 0.07558333 0.7275 0.04016667 0.0295
0 0.07558333 0.841125 0.02816667 0.04875
0 0.01541667 0.7615 0.03083333 0.059
0 0.04866667 0.871125 0.09233333 0.12425
0 0.71533333 0.10075 0.241 0.009
0 0.77183333 0.04225 0.25633333 0.005
