0 0.36441667 0.719 0.10916667 0.1625
0 0.11858333 0.66975 0.12516667 0.213
0 0.12958333 0.740375 0.05316667 0.15175
0 0.78783333 0.774375 0.008 0.22775
0 0.80383333 0.59975 0.00266667 0.241
0 0.78383333 0.39825 0.01233333 0.1305
0 0.80608333 0.354875 0.0195 0.06525
0 0.74391667 0.43875 0.04983333 0.089
0 0.93833333 0.69375 0.016 0.1785
0 0.89525 0.795 0.0025 0.0585
0 0.87708333 0.972 0.00883333 0.056
0 0.83666667 0.3615 0.02033333 0.0625
0 0.85841667 0.4375 0.01416667 0.0945
0 0.94541667 0.50075 0.03383333 0.213
0 0.96958333 0.48675 0.06083333 0.297
0 0.49275 0.976 0.0355 0.008
