0 0.43275 0.35625 0.17316667 0.092
0 0.7635 0.300375 0.16333333 0.06525
0 0.93033333 0.35225 0.06566667 0.1105
0 0.98116667 0.43075 0.03766667 0.076
0 0.27383333 0.8815 0.205 0.048
0 0.25208333 0.962 0.25916667 0.076
0 0.06658333 0.940125 0.13316667 0.03725
0 0.08166667 0.96075 0.13666667 0.044
0 0.08658333 0.23625 0.11283333 0.1025
0 0.26858333 0.1205 0.06483333 0.0175
0 0.534 0.028625 0.10033333 0.05175
0 0.82208333 0.378125 0.04083333 0.05075
0 0.84283333 0.32625 0.05066667 0.048
0 0.78825 0.525375 0.0995 0.06525
