0 0.84525 0.38775 0.08716667 0.009
0 0.71875 0.3795 0.15216667 0.005
0 0.741 0.339 0.04966667 0.0115
0 0.94916667 0.1385 0.10166667 0.023
0 0.41583333 0.532 0.33066667 0.1155
0 0.66625 0.5455 0.24516667 0.0345
0 0.7855 0.55825 0.02733333 0.009
0 0.76366667 0.609 0.07266667 0.013
0 0.87908333 0.50775 0.17016667 0.0435
0 0.63291667 0.703125 0.21783333 0.01675
0 0.6295 0.7385 0.17866667 0.0025
0 0.44958333 0.952625 0.11116667 0.09475
0 0.31366667 0.788375 0.152 0.18725
0 0.2355 0.625 0.07266667 0.1115
0 0.35133333 0.924375 0.12133333 0.14625
0 0.015 0.80825 0.00933333 0.1115
0 0.69233333 0.419875 0.09233333 0.00875
0 0.60216667 0.46025 0.04533333 0.031
0 0.7145 0.043 0.15033333 0.086
