0 0.38758333 0.659 0.0555 0.118
0 0.14958333 0.70575 0.09216667 0.0245
0 0.11791667 0.606375 0.0615 0.00775
0 0.28033333 0.5635 0.048 0.009
0 0.33083333 0.633375 0.03933333 0.15375
0 0.36575 0.6205 0.01883333 0.0665
0 0.35425 0.77875 0.02483333 0.068
0 0.30591667 0.769875 0.05983333 0.00875
0 0.43541667 0.9635 0.0145 0.05
0 0.60475 0.234 0.06583333 0.0165
0 0.52091667 0.07125 0.0145 0.05
0 0.98075 0.725 0.0385 0.0605
0 0.92941667 0.028125 0.0265 0.04875
0 0.92866667 0.873 0.04366667 0.2385
0 0.9 0.829375 0.053 0.33075
0 0.46841667 0.43325 0.03416667 0.018
0 0.497 0.9045 0.08966667 0.191
0 0.06966667 0.569875 0.076 0.00625
