0 0.79066667 0.97625 0.02566667 0.0475
0 0.59575 0.92625 0.04783333 0.0935
0 0.56583333 0.976375 0.04266667 0.03975
0 0.61541667 0.9595 0.0565 0.0705
0 0.66191667 0.871875 0.06416667 0.15125
0 0.08166667 0.473625 0.10166667 0.23975
0 0.04533333 0.4475 0.09066667 0.259
0 0.04575 0.144875 0.0915 0.11025
0 0.138 0.459625 0.07433333 0.16525
0 0.13033333 0.5275 0.03166667 0.068
0 0.18933333 0.82625 0.05733333 0.1295
0 0.18758333 0.907125 0.0795 0.17825
0 0.71925 0.707625 0.03516667 0.07175
0 0.8085 0.45575 0.02733333 0.1065
0 0.94233333 0.328875 0.064 0.03475
0 0.3205 0.6385 0.05133333 0.023
