0 0.92058333 0.93275 0.11716667 0.097
0 0.92408333 0.018 0.10483333 0.036
0 0.89616667 0.02525 0.12866667 0.0505
0 0.79233333 0.105125 0.11633333 0.07725
0 0.78516667 0.113125 0.07366667 0.06125
0 0.86591667 0.079875 0.25116667 0.05875
0 0.90925 0.257625 0.1815 0.12125
0 0.731 0.693125 0.21033333 0.22225
0 0.75625 0.58125 0.28583333 0.3315
0 0.834 0.428125 0.14633333 0.12125
0 0.73941667 0.60325 0.2645 0.325
0 0.16816667 0.270375 0.079 0.10125
0 0.09808333 0.296375 0.03283333 0.05725
0 0.24416667 0.093125 0.03366667 0.06125
