0 0.6915 0.163375 0.135 0.11925
0 0.69016667 0.13325 0.141 0.1205
0 0.65083333 0.12825 0.19066667 0.159
0 0.3825 0.90575 0.00433333 0.1885
0 0.41966667 0.866625 0.01033333 0.09225
0 0.39016667 0.79225 0.03333333 0.0435
0 0.30808333 0.86025 0.02983333 0.169
0 0.27216667 0.955125 0.018 0.08975
0 0.212 0.978875 0.01366667 0.04225
0 0.06283333 0.708375 0.12566667 0.07575
0 0.06408333 0.55575 0.12816667 0.109
0 0.03033333 0.49425 0.06066667 0.0295
0 0.12308333 0.580875 0.02916667 0.01025
0 0.19616667 0.475625 0.023 0.11025
0 0.02691667 0.280125 0.05383333 0.07825
0 0.44658333 0.359 0.05383333 0.154
0 0.61416667 0.506375 0.03333333 0.04875
0 0.72733333 0.7815 0.04266667 0.25
0 0.97566667 0.506375 0.04533333 0.05375
0 0.63466667 0.0885 0.15466667 0.1
0 0.42441667 0.674375 0.0145 0.10775
0 0.43933333 0.652625 0.005 0.11025
0 0.44916667 0.946125 0.01633333 0.03325
0 0.40258333 0.26675 0.0205 0.0975
0 0.36666667 0.171125 0.029 0.05275
0 0.98333333 0.63725 0.03333333 0.018
0 0.84616667 0.694875 0.10266667 0.08725
0 0.62391667 0.7975 0.17083333 0.0845
0 0.64358333 0.823 0.12983333 0.1
