0 0.87658333 0.3475 0.0365 0.0905
0 0.64141667 0.046 0.0115 0.092
0 0.70266667 0.107875 0.05066667 0.04775
0 0.65075 0.578 0.04083333 0.1225
0 0.1895 0.419375 0.00433333 0.19175
0 0.10916667 0.3815 0.007 0.2995
0 0.12433333 0.293625 0. 0.06525
0 0.09458333 0.16375 0.03816667 0.117
0 0.07725 0.87675 0.02483333 0.217
0 0.14958333 0.807625 0.06483333 0.02525
0 0.1575 0.781 0.079 0.0385
0 0.19841667 0.8815 0.09316667 0.237
0 0.245 0.8935 0.08333333 0.213
0 0.31508333 0.71175 0.0835 0.1665
0 0.30541667 0.6005 0.02483333 0.056
0 0.32091667 0.537375 0.01516667 0.08125
0 0.893 0.70175 0.016 0.048
0 0.925 0.730375 0.025 0.07325
0 0.91833333 0.910875 0.047 0.14375
0 0.86291667 0.70775 0.0355 0.108
0 0.65641667 0.024 0.00983333 0.048
0 0.7115 0.819625 0.095 0.33675
0 0.82733333 0.976 0.007 0.048
0 0.66358333 0.733625 0.03983333 0.21575
0 0.435 0.886125 0.007 0.22775
0 0.399 0.8555 0.015 0.201
0 0.48741667 0.44875 0.04616667 0.1545
0 0.41458333 0.43675 0.0285 0.069
0 0.43141667 0.5685 0.01783333 0.064
0 0.42033333 0.355625 0.01866667 0.03725
0 0.24541667 0.592625 0.07016667 0.11725
0 0.25075 0.57125 0.0595 0.109
0 0.02975 0.625125 0.0185 0.74975
