0 0.2355 0.63075 0.06933333 0.082
0 0.09016667 0.539 0.17166667 0.2705
0 0.01841667 0.175 0.03683333 0.004
0 0.82441667 0.53525 0.0265 0.0525
0 0.85391667 0.607125 0.0205 0.04225
0 0.90683333 0.733375 0.02566667 0.13575
0 0.90041667 0.78525 0.04183333 0.1475
0 0.89316667 0.841 0.058 0.1795
0 0.86625 0.8635 0.08283333 0.168
0 0.8265 0.708375 0.03066667 0.06525
0 0.84708333 0.6885 0.0205 0.046
0 0.80383333 0.612125 0.03 0.07575
0 0.75558333 0.630125 0.01883333 0.08575
0 0.75466667 0.5795 0.01533333 0.0565
0 0.92733333 0.443625 0.05466667 0.07675
0 0.944 0.496125 0.05566667 0.04875
0 0.90383333 0.575 0.01633333 0.032
0 0.88416667 0.530125 0.011 0.01925
0 0.865 0.281375 0.029 0.07825
