0 0.55258333 0.390875 0.01683333 0.07325
0 0.3715 0.352875 0.06466667 0.02925
0 0.344 0.151125 0.06833333 0.15575
0 0.4225 0.081875 0.02133333 0.16375
0 0.19133333 0.1585 0.102 0.149
0 0.30491667 0.605125 0.12516667 0.10775
0 0.28091667 0.831625 0.10383333 0.12375
0 0.77183333 0.69175 0.02033333 0.0945
0 0.854 0.888125 0.103 0.01075
0 0.97266667 0.76575 0.05466667 0.008
0 0.6205 0.215125 0.03733333 0.13975
0 0.64358333 0.206375 0.01583333 0.04275
0 0.711 0.02525 0.02133333 0.0505
0 0.64491667 0.0805 0.05583333 0.1505
0 0.54108333 0.156375 0.0275 0.08125
0 0.59208333 0.386125 0.03016667 0.11175
0 0.58675 0.36425 0.02483333 0.0785
0 0.44958333 0.073875 0.00983333 0.14525
0 0.39191667 0.211 0.03283333 0.0785
0 0.2095 0.61975 0.032 0.1585
0 0.69375 0.281625 0.0755 0.09975
0 0.6365 0.324875 0.064 0.00525
0 0.7625 0.41675 0.05866667 0.048
0 0.98916667 0.707 0.02166667 0.016
