0 0.33425 0.225 0.07716667 0.1625
0 0.37866667 0.737625 0.063 0.11175
0 0.45766667 0.81225 0.04 0.0535
0 0.54366667 0.91675 0.10033333 0.1665
0 0.60366667 0.95475 0.06566667 0.0905
0 0.63166667 0.94275 0.07366667 0.1145
0 0.67333333 0.954 0.05933333 0.092
0 0.696 0.726375 0.064 0.06775
0 0.68308333 0.676375 0.0915 0.08525
0 0.17266667 0.83225 0.00433333 0.117
0 0.07766667 0.77025 0.01866667 0.2065
0 0.05325 0.747 0.0195 0.2075
0 0.04575 0.42675 0.0115 0.105
0 0.12783333 0.456 0.00166667 0.076
0 1.00750000e-01 9.28125000e-01 8.33333333e-04 1.43750000e-01
0 0.49891667 0.945375 0.08883333 0.10925
0 0.27791667 0.70575 0.03016667 0.112
0 0.27025 0.6165 0.07016667 0.16
0 0.1185 0.042625 0.01333333 0.08525
0 0.083 0.044625 0.00966667 0.08925
0 0.29958333 0.20775 0.03116667 0.112
