0 0.90808333 0.41475 0.18383333 0.014
0 0.97133333 0.452 0.05733333 0.0115
0 0.92475 0.9045 0.1505 0.186
0 0.9175 0.7295 0.10333333 0.0665
0 0.7175 0.78775 0.06233333 0.05
0 0.44191667 0.823125 0.06316667 0.10775
0 0.38808333 0.825625 0.05816667 0.11775
0 0.42475 0.630125 0.18983333 0.38575
0 0.53675 0.4275 0.0035 0.109
0 0.57433333 0.392375 0.012 0.16675
0 0.60091667 0.239125 0.0735 0.19625
0 0.603 0.328875 0.01966667 0.07575
0 0.44441667 0.307 0.14016667 0.1525
0 0.21708333 0.32825 0.0085 0.077
0 0.75641667 0.362875 0.1725 0.06675
0 0.70425 0.296125 0.14016667 0.04625
0 0.62225 0.355125 0.02216667 0.03575
