0 0.28675 0.63775 0.03516667 0.009
0 0.28375 0.418625 0.06483333 0.16525
0 0.23208333 0.377625 0.02316667 0.05775
0 0.32091667 0.394875 0.04183333 0.09475
0 0.36966667 0.509625 0.035 0.08575
0 0.40775 0.558375 0.1795 0.09375
0 0.23841667 0.143 0.07183333 0.027
0 0.12008333 0.19625 0.2385 0.0795
0 0.2265 0.72375 0.118 0.0065
0 0.33716667 0.690375 0.13933333 0.07825
0 0.34016667 0.74425 0.09233333 0.05
0 0.29916667 0.86025 0.15566667 0.069
0 0.95808333 0.175 0.08383333 0.086
0 0.96325 0.099375 0.07016667 0.11675
0 0.94825 0.33975 0.0795 0.023
0 0.65083333 0.184 0.112 0.073
0 0.63891667 0.246875 0.0435 0.03725
0 0.39833333 0.82375 0.05466667 0.091
0 0.4885 0.946125 0.08466667 0.10775
0 0.49016667 0.664125 0.10866667 0.08725
0 0.56625 0.268 0.01116667 0.0255
0 0.66883333 0.26725 0.03 0.009
0 0.99016667 0.70575 0.01966667 0.068
0 0.13633333 0.403875 0.03833333 0.13325
0 0.138 0.503125 0.04533333 0.08075
