0 0.64958333 0.507625 0.12983333 0.04625
0 0.74866667 0.33325 0.08033333 0.041
0 0.97816667 0.58975 0.04366667 0.0435
0 0.91458333 0.826875 0.05816667 0.03575
0 0.84916667 0.71225 0.05033333 0.0295
0 0.81791667 0.771875 0.04283333 0.03325
0 0.8295 0.815375 0.04866667 0.04625
0 0.70858333 0.58975 0.1265 0.0435
0 0.82225 0.614125 0.03416667 0.03575
0 0.70641667 0.643625 0.11716667 0.02575
0 0.006 0.503875 0.01033333 0.19225
0 0.17183333 0.131375 0.07 0.09625
0 0.20725 0.06725 0.01616667 0.073
0 0.24358333 0.026375 0.07683333 0.02175
0 0.17483333 0.03975 0.059 0.0795
