0 0.95808333 0.395625 0.08383333 0.06025
0 0.9295 0.209625 0.059 0.04225
0 0.88125 0.230125 0.00683333 0.10125
0 0.76116667 0.653875 0.141 0.04375
0 0.74058333 0.72825 0.18216667 0.0795
0 0.90216667 0.825 0.112 0.022
0 0.8325 0.78525 0.05466667 0.0755
0 0.721 0.759625 0.112 0.06025
0 0.63675 0.73275 0.09916667 0.009
0 0.48933333 0.5135 0.11033333 0.0885
0 0.11116667 0.4045 0.188 0.0525
0 0.09016667 0.110875 0.18033333 0.17575
0 0.05083333 0.040375 0.1 0.08075
0 0.23033333 0.282 0.03166667 0.1845
0 0.21716667 0.169875 0. 0.09625
0 0.31241667 0.592375 0.01783333 0.07175
0 0.67825 0.098625 0.07783333 0.08975
