0 0.34783333 0.48325 0.14533333 0.118
0 0.18891667 0.42825 0.12483333 0.082
0 0.03333333 0.424375 0.06666667 0.05375
0 0.16583333 0.583375 0.089 0.11525
0 0.26283333 0.734625 0.059 0.11025
0 0.29108333 0.693 0.0675 0.0755
0 0.206 0.921125 0.005 0.15275
0 0.15133333 0.790375 0. 0.11175
0 0.135 0.81925 0.00166667 0.0665
0 0.58075 0.919875 0.14783333 0.16025
0 0.76158333 0.871125 0.28883333 0.22175
0 0.96025 0.182625 0.0795 0.02425
0 0.91925 0.1095 0.1615 0.05
0 0.85133333 0.050625 0.26666667 0.06525
0 0.88508333 0.012875 0.08283333 0.02575
0 0.59016667 0.191 0.059 0.0435
0 0.55683333 0.205125 0.07266667 0.07175
0 0.55466667 0.249375 0.053 0.05275
0 0.49916667 0.259625 0.111 0.09125
0 0.47433333 0.30325 0.10433333 0.109
0 0.08891667 0.10575 0.01016667 0.2115
0 0.12266667 0.107625 0.00766667 0.09225
