0 0.253 0.7975 0.09233333 0.064
0 0.17775 0.8795 0.05816667 0.046
0 0.14791667 0.866625 0.04783333 0.03325
0 0.20941667 0.762125 0.0495 0.03725
0 0.10766667 0.3545 0.012 0.1295
0 0.12008333 0.35075 0.00783333 0.109
0 0.06416667 0.448 0.01366667 0.0935
0 0.08333333 0.49875 0.01266667 0.077
0 0.0295 0.07175 0.059 0.064
0 0.5555 0.6025 0.11966667 0.0795
0 0.62741667 0.537875 0.04783333 0.07825
0 0.77608333 0.937125 0.04616667 0.12575
0 0.7265 0.931375 0.03933333 0.12675
0 0.87216667 0.969875 0.047 0.04725
0 0.921 0.80375 0.04533333 0.0205
