0 0.18291667 0.759 0.14016667 0.0075
0 0.27433333 0.731375 0.14366667 0.03975
0 0.32258333 0.766 0.08116667 0.0245
0 0.11708333 0.85575 0.0905 0.0425
0 0.17483333 0.24425 0.15133333 0.1885
0 0.14916667 0.319875 0.18366667 0.26275
0 0.26791667 0.1615 0.0505 0.0335
0 0.11025 0.195625 0.1795 0.21925
0 0.05 0.333375 0.1 0.10775
0 0.41283333 0.391625 0.06333333 0.31425
0 0.347 0.226875 0.06666667 0.21025
0 0.70258333 0.616 0.06483333 0.3575
0 0.70041667 0.28725 0.02483333 0.1385
0 0.84066667 0.27375 0.21966667 0.1345
0 0.77691667 0.77175 0.0035 0.1435
0 0.78975 0.8635 0.00683333 0.091
0 0.39658333 0.753875 0.0155 0.10275
0 0.45808333 0.762875 0.00683333 0.08475
0 0.47266667 0.648 0.03066667 0.191
0 0.44316667 0.968 0.00266667 0.064
0 0.21491667 0.985875 0.01116667 0.02825
0 0.19183333 0.676375 0.20433333 0.08075
0 0.44275 0.445625 0.03416667 0.16025
0 0.55083333 0.034625 0.03166667 0.05875
0 0.75933333 0.878875 0.006 0.11425
0 0.61925 0.77875 0.0385 0.032
0 0.55508333 0.735875 0.04183333 0.02825
0 0.16491667 0.34625 0.11616667 0.159
0 0.74916667 0.493 0.07433333 0.1115
0 0.6795 0.359625 0.01033333 0.00875
0 0.697 0.384625 0.018 0.02825
