0 0.31883333 0.549375 0.17266667 0.12425
0 0.45508333 0.5525 0.05216667 0.036
0 0.54141667 0.516625 0.08283333 0.19225
0 0.49575 0.376375 0.03083333 0.16025
0 0.15933333 0.20375 0.059 0.0385
0 0.14916667 0.676875 0.07433333 0.07175
0 0.05383333 0.757625 0.094 0.05125
0 0.6825 0.651875 0.07766667 0.13475
0 0.62308333 0.83075 0.1745 0.3385
0 0.89916667 0.059625 0.09066667 0.07825
0 0.61533333 0.51225 0.053 0.114
0 0.58158333 0.430125 0.0385 0.11425
0 0.51841667 0.305125 0.01616667 0.06925
0 0.512 0.353125 0.041 0.14225
