0 0.07608333 0.43525 0.15216667 0.1015
0 0.04958333 0.677 0.0155 0.041
0 0.28633333 0.8205 0.036 0.128
0 0.24183333 0.918625 0.03933333 0.15775
0 0.38633333 0.744875 0.077 0.31025
0 0.38333333 0.87625 0.07266667 0.2475
0 0.50091667 0.567875 0.04616667 0.13075
0 0.1885 0.228875 0.076 0.07575
0 0.06025 0.1045 0.1205 0.0985
0 0.25641667 0.107125 0.14183333 0.16025
0 0.59108333 0.509625 0.08116667 0.19125
0 0.69408333 0.8 0.0735 0.1845
0 0.70775 0.937125 0.05816667 0.12575
0 0.65941667 0.900625 0.04016667 0.11425
0 0.60208333 0.8155 0.0795 0.2
0 0.7295 0.80825 0.01466667 0.1475
0 0.68291667 0.697375 0.0905 0.11275
0 0.77391667 0.9705 0.0315 0.059
0 0.859 0.87625 0.03766667 0.086
0 0.98758333 0.4225 0.02483333 0.0295
0 0.77816667 0.360875 0.05733333 0.05275
0 0.74275 0.092375 0.18816667 0.04875
