0 0.62391667 0.343 0.19483333 0.127
0 0.90725 0.3525 0.08816667 0.0795
0 0.96966667 0.62625 0.06066667 0.0295
0 0.3205 0.800625 0.10933333 0.02425
0 0.41966667 0.642375 0.11466667 0.17175
0 0.32733333 0.249375 0.09566667 0.03225
0 0.19916667 0.224375 0.089 0.01775
0 0.18208333 0.18775 0.16583333 0.0065
0 0.08633333 0.16475 0.15033333 0.009
0 0.05 0.228125 0.1 0.01025
0 0.059 0.37125 0.118 0.1885
0 0.02133333 0.531375 0.04266667 0.09375
0 0.13458333 0.408875 0.05716667 0.14875
0 0.11583333 0.844875 0.09133333 0.01775
0 0.47091667 0.79925 0.0495 0.05
0 0.4885 0.91475 0.006 0.1115
0 0.96758333 0.782625 0.05983333 0.06025
0 0.26791667 0.11025 0.1035 0.023
0 0.197 0.0865 0.04366667 0.0705
0 0.09183333 0.13075 0.13766667 0.005
