0 0.16191667 0.4935 0.08116667 0.2
0 0.1235 0.646875 0.02833333 0.06025
0 0.11158333 0.68725 0.01283333 0.0615
0 0.05175 0.453125 0.02983333 0.11925
0 0.08675 0.34175 0.06083333 0.168
0 0.465 0.114125 0.106 0.16675
0 0.56108333 0.57575 0.01116667 0.2205
0 0.61116667 0.56475 0. 0.132
0 0.65725 0.771875 0.08216667 0.13075
0 0.85508333 0.796125 0.0505 0.09725
0 0.79225 0.1435 0.10083333 0.0795
0 0.85858333 0.20825 0.0795 0.091
0 0.52566667 0.034 0.02733333 0.068
0 0.35766667 0.356375 0.006 0.08725
0 0.90775 0.568 0.0615 0.136
0 0.98333333 0.7615 0.03333333 0.054
0 0.99058333 0.169125 0.01883333 0.05125
