0 0.541 0.769875 0.06666667 0.36525
0 0.71025 0.79925 0.06483333 0.1295
0 0.885 0.384625 0.071 0.14625
0 0.85558333 0.159 0.07683333 0.141
0 0.64233333 0.433875 0.088 0.67825
0 0.74316667 0.355125 0.01966667 0.15625
0 0.74358333 0.498 0.02216667 0.1295
0 0.51325 0.63525 0.03516667 0.1345
0 0.50258333 0.512125 0.0565 0.24225
0 0.46541667 0.1135 0.0265 0.073
0 0.44741667 0.166625 0.02483333 0.06925
0 0.28925 0.17625 0.0265 0.1165
0 0.8175 0.16475 0.07766667 0.1525
0 0.90258333 0.424375 0.0615 0.14875
0 0.73291667 0.898125 0.10183333 0.20375
0 0.856 0.934625 0.11533333 0.01525
