0 0.43583333 0.214375 0.10833333 0.03725
0 0.57208333 0.362125 0.0595 0.01325
0 0.60366667 0.3615 0.048 0.0145
0 0.02575 0.155875 0.0515 0.03725
0 0.34308333 0.498 0.1145 0.1915
0 0.29741667 0.496625 0.0355 0.05325
0 0.37016667 0.560625 0.10133333 0.12525
0 0.42341667 0.475375 0.0355 0.10375
0 0.43675 0.727 0.14916667 0.205
0 0.53925 0.66175 0.06483333 0.12
0 0.61075 0.504 0.05683333 0.1345
0 0.59916667 0.6325 0.10466667 0.269
0 0.76116667 0.563875 0.03466667 0.21425
0 0.98625 0.5785 0.02483333 0.1105
0 0.794 0.0805 0.008 0.161
0 0.66441667 0.02 0.00983333 0.04
0 0.23258333 0.407375 0.04783333 0.12525
0 0.42658333 0.61175 0.0595 0.1105
