0 0.38591667 0.092875 0.0625 0.00375
0 0.09608333 0.073125 0.18716667 0.02575
0 0.64366667 0.235875 0.053 0.16675
0 0.69183333 0.099375 0.04866667 0.18325
0 0.72525 0.166 0.04183333 0.1935
0 0.75175 0.116125 0.0025 0.18075
0 0.77558333 0.08725 0.00083333 0.123
0 0.74783333 0.798625 0.00166667 0.10775
0 0.74875 0.93075 0.01716667 0.105
0 0.72783333 0.951875 0.02133333 0.09625
0 0.73075 0.848125 0.0035 0.09875
0 0.7705 0.905125 0.02833333 0.13325
0 0.8265 0.805125 0.046 0.03575
0 0.85083333 0.79425 0.076 0.0525
0 0.6675 0.802625 0.024 0.36925
0 0.69233333 0.492875 0. 0.06275
0 0.68633333 0.41475 0.041 0.109
0 0.37391667 0.16475 0.26583333 0.009
0 0.35683333 0.02625 0.25033333 0.014
0 0.77433333 0.712125 0.012 0.17575
0 0.78975 0.32375 0.01183333 0.1525
0 0.53458333 0.132 0.11016667 0.0205
