0 0.12033333 0.767625 0.04533333 0.02525
0 0.14783333 0.77625 0.04166667 0.
0 0.78116667 0.61525 0.01066667 0.3035
0 0.93966667 0.21975 0.072 0.434
0 0.763 0.0965 0.01333333 0.1905
0 0.77758333 0.194375 0.0035 0.15975
0 0.66841667 0.073875 0.01783333 0.14775
0 0.73108333 0.0925 0.01683333 0.185
0 0.28541667 0.15175 0.04883333 0.0905
0 0.22008333 0.101125 0.1065 0.03725
0 0.743 0.384875 0.01433333 0.33275
0 0.71241667 0.37025 0.02583333 0.1065
0 0.72791667 0.552625 0.0035 0.31425
0 0.96583333 0.261 0.01433333 0.213
0 0.71733333 0.285625 0.01066667 0.04125
