0 0.49275 0.659625 0.06916667 0.07575
0 0.30383333 0.787875 0.23666667 0.18075
0 0.32816667 0.719875 0.27866667 0.20375
0 0.456 0.57625 0.17533333 0.137
0 0.43033333 0.47175 0.148 0.136
0 0.50775 0.24425 0.0615 0.0575
0 0.50291667 0.101875 0.10683333 0.20375
0 0.57433333 0.0385 0.03066667 0.077
0 0.47308333 0.037125 0.00583333 0.07425
0 0.10175 0.51025 0.19483333 0.2
0 0.6735 0.61225 0.183 0.168
0 0.74016667 0.34675 0.16566667 0.109
0 7.86750000e-01 9.25000000e-01 8.33333333e-04 2.95000000e-02
0 0.32216667 0.633375 0.09233333 0.14375
0 0.31283333 0.5955 0.094 0.109
0 0.95683333 0.8045 0.08633333 0.0115
