0 0.57966667 0.772375 0.10666667 0.26625
0 0.60983333 0.73025 0.09233333 0.241
0 0.54283333 0.890125 0.07 0.20925
0 0.30666667 0.771625 0.07366667 0.20125
0 0.07675 0.29825 0.12516667 0.0265
0 0.57341667 0.475375 0.0675 0.02375
0 0.69283333 0.66975 0.079 0.064
0 0.78291667 0.69975 0.13316667 0.076
0 0.887 0.854125 0.226 0.13975
0 0.95891667 0.955375 0.08216667 0.06275
0 0.81266667 0.88825 0.13933333 0.1145
0 0.82733333 0.969375 0.06566667 0.05575
0 0.74125 0.92075 0.0585 0.06
0 0.78691667 0.95 0.06116667 0.012
0 0.50291667 0.13975 0.0755 0.0505
0 0.74858333 0.324875 0.50283333 0.11725
0 0.88791667 0.38275 0.22416667 0.0625
0 0.89033333 0.46275 0.087 0.0095
0 0.6365 0.55725 0.14033333 0.108
0 0.34933333 0.505375 0.05066667 0.01725
0 0.31516667 0.96 0.039 0.08
0 0.64175 0.969375 0.02483333 0.06125
0 0.47575 0.8395 0.02483333 0.092
