0 0.49616667 0.744875 0.14966667 0.12325
0 0.46116667 0.669875 0.059 0.04725
0 0.42008333 0.968625 0.04516667 0.06025
0 0.33841667 0.887125 0.0445 0.05375
0 0.63591667 0.627 0.0035 0.141
0 0.68716667 0.62825 0.03066667 0.2975
0 0.78208333 0.806375 0.0035 0.14625
0 0.76025 0.73725 0.0025 0.1
0 0.80725 0.843625 0.00416667 0.15375
0 0.7295 0.559 0.03 0.1255
0 0.6885 0.46025 0.059 0.077
0 0.91066667 0.03275 0.04366667 0.0655
0 0.83333333 0.04625 0.089 0.082
0 0.32225 0.30075 0.05983333 0.091
0 0.35383333 0.224375 0.02566667 0.09725
0 0.32566667 0.20775 0.05466667 0.118
0 0.25383333 0.274375 0.09733333 0.19725
0 0.1975 0.488375 0.05466667 0.08725
0 0.26925 0.1295 0.0975 0.159
0 0.38758333 0.030125 0.0385 0.06025
0 0.51883333 0.024375 0.01366667 0.04875
0 0.88633333 0.209 0.005 0.046
0 0.54908333 0.666625 0.00083333 0.06675
0 0.19016667 0.43275 0.10166667 0.1705
