0 0.573 0.23975 0.07733333 0.1225
0 0.52866667 0.227125 0.06133333 0.08925
0 0.482 0.1885 0.048 0.012
0 0.47266667 0.227 0.04166667 0.06
0 0.43091667 0.20175 0.05416667 0.012
0 0.19216667 0.209125 0.22633333 0.02925
0 0.08741667 0.13375 0.17483333 0.012
0 0.03458333 0.321 0.06916667 0.024
0 0.08075 0.316875 0.0675 0.03475
0 0.40925 0.678375 0.13683333 0.12925
0 0.43091667 0.75425 0.06483333 0.06
0 0.34491667 0.719 0.0755 0.0745
0 0.24016667 0.65375 0.06133333 0.0345
0 0.146 0.57925 0.047 0.048
0 0.1265 0.388125 0.08966667 0.07575
0 0.22816667 0.482 0.04966667 0.0345
0 0.1145 0.248375 0.174 0.02525
