0 0.65466667 0.07825 0.02566667 0.1565
0 0.81541667 0.634625 0.0205 0.15875
0 0.96875 0.184625 0.04016667 0.23075
0 0.92008333 0.181375 0.01616667 0.10625
0 0.88166667 0.073125 0.01966667 0.14625
0 0.23033333 0.348 0.006 0.0885
0 0.22308333 0.693625 0.01716667 0.23075
0 0.16408333 0.630125 0.00516667 0.20875
0 0.31541667 0.774375 0.00683333 0.26425
0 0.49108333 0.141 0.0795 0.141
0 4.65416667e-01 8.78125000e-01 8.33333333e-04 1.71750000e-01
0 0.41925 0.86725 0.00416667 0.2655
0 0.206 0.975625 0.05633333 0.04875
0 0.47608333 0.337875 0.0565 0.20375
0 0.45208333 0.328125 0.01883333 0.11025
0 0.38375 0.173 0.04616667 0.2615
0 0.397 0.358875 0.02466667 0.23075
0 0.49916667 0.469875 0.01033333 0.12925
