0 0.09058333 0.55325 0.18116667 0.009
0 0.06925 0.500625 0.12483333 0.01175
0 0.05433333 0.652 0.07266667 0.009
0 0.00941667 0.593625 0.01883333 0.00525
0 0.159 0.06475 0.19833333 0.1295
0 0.10083333 0.027625 0.05466667 0.05525
0 0.085 0.012875 0.03166667 0.02575
0 0.85175 0.065375 0.03683333 0.05125
0 0.83633333 0.317375 0.035 0.06025
0 0.72991667 0.921125 0.0255 0.09375
0 0.55216667 0.26925 0.02566667 0.0975
0 0.6705 0.04225 0.01633333 0.077
0 0.30083333 0.1 0.183 0.159
0 0.25083333 0.07625 0.12233333 0.1065
