0 0.44291667 0.327625 0.0905 0.09575
0 0.17216667 0.223625 0.02133333 0.19975
0 0.12908333 0.087875 0.0435 0.05575
0 0.15358333 0.04725 0.00883333 0.0945
0 0.0985 0.037875 0.032 0.03325
0 0.071 0.479375 0.039 0.11175
0 0.024 0.366875 0.048 0.20625
0 0.02133333 0.462625 0.04266667 0.13975
0 0.00975 0.6505 0.0195 0.0225
0 0.04483333 0.67775 0.04166667 0.064
0 0.06525 0.9075 0.03983333 0.185
0 0.03683333 0.966 0.00966667 0.068
0 0.111 0.856875 0.04433333 0.28625
0 0.16383333 0.746375 0.04166667 0.06275
0 0.19575 0.714375 0.0345 0.01475
0 0.174 0.698375 0.05666667 0.03875
0 0.47666667 0.218375 0.119 0.09875
