0 0.84358333 0.460875 0.15883333 0.15525
0 0.96408333 0.35575 0.05816667 0.055
0 0.88375 0.50125 0.07683333 0.077
0 0.94783333 0.176375 0.05466667 0.04225
0 0.9765 0.127625 0.047 0.03725
0 0.88675 0.219875 0.04183333 0.04475
0 0.871 0.2815 0.05466667 0.05
0 0.70683333 0.6435 0.03933333 0.059
0 0.80258333 0.934625 0.02916667 0.12325
0 0.88375 0.890375 0.05816667 0.21925
0 0.97733333 0.657 0.04533333 0.109
0 0.73633333 0.359 0.129 0.146
0 0.6145 0.535875 0.09566667 0.18225
0 0.6145 0.597375 0.05633333 0.08725
0 0.80216667 0.249375 0.16333333 0.24725
0 0.729 0.082125 0.08033333 0.14625
