0 0.10425 0.350625 0.2085 0.05775
0 0.0675 0.282625 0.10933333 0.07825
0 0.04658333 0.30575 0.0795 0.0525
0 0.08333333 0.614125 0.06566667 0.03075
0 0.05208333 0.633375 0.09916667 0.05375
0 0.07566667 0.67375 0.03666667 0.0115
0 0.28591667 0.773 0.06416667 0.1615
0 0.34275 0.868 0.07683333 0.064
0 0.42991667 0.946125 0.03083333 0.10775
0 0.488 0.984 0.053 0.032
0 0.43716667 0.532 0.08133333 0.036
0 0.36966667 0.44875 0.14266667 0.1155
0 0.80858333 0.416625 0.09916667 0.03575
0 0.91241667 0.356375 0.06916667 0.03325
0 0.94491667 0.39875 0.02483333 0.077
0 0.94575 0.45125 0.01783333 0.0665
0 0.92225 0.441625 0.01716667 0.08575
0 0.87825 0.135875 0.0795 0.02825
0 0.93416667 0.08975 0.06333333 0.087
0 0.89358333 0.03525 0.0675 0.0705
0 0.54275 0.10125 0.0855 0.0335
0 0.51366667 0.07625 0.04266667 0.0065
0 0.50291667 0.11925 0.05383333 0.028
0 0.562 0.1705 0.06233333 0.0075
0 0.34016667 0.09625 0.258 0.0205
0 0.3415 0.02425 0.288 0.0205
0 0.29275 0.066125 0.2095 0.01925
0 0.28841667 0.699375 0.01116667 0.05525
0 0.30383333 0.618 0.042 0.0615
0 0.2265 0.771875 0.01533333 0.08975
0 0.61916667 0.59175 0.12566667 0.05
0 0.60641667 0.566625 0.08116667 0.01275
0 0.6355 0.50575 0.06066667 0.0345
0 0.69658333 0.623125 0.1745 0.05125
0 0.77866667 0.812125 0.012 0.16525
0 0.79833333 0.791 0. 0.141
0 0.83116667 0.69875 0.018 0.095
0 0.78933333 0.644875 0.00433333 0.08475
0 0.56966667 0.67625 0.06066667 0.0115
0 0.5885 0.63525 0.076 0.014
0 0.3115 0.7225 0.03166667 0.127
0 0.112 0.88075 0.224 0.1025
0 0.12516667 0.71475 0.059 0.0475
0 0.1385 0.973125 0.06666667 0.04875
0 0.16883333 0.965375 0.04866667 0.05625
0 0.212 0.91025 0.07 0.0155
0 0.47866667 0.172375 0.06333333 0.04225
0 0.8265 0.128875 0.01033333 0.25775
0 0.9645 0.253125 0.071 0.06275
0 0.92733333 0.197375 0.06666667 0.01025
0 0.20816667 0.371875 0.06233333 0.03325
0 0.39566667 0.58975 0.106 0.0515
0 0.37825 0.624375 0.10683333 0.04875
0 0.194 0.25 0.111 0.072
0 0.3325 0.326875 0.19833333 0.12575
0 0.53033333 0.202625 0.04533333 0.03075
0 0.85083333 0.748125 0.042 0.16275
