0 0.82308333 0.12625 0.0205 0.091
0 0.968 0.047375 0.06233333 0.09475
0 0.80425 0.56025 0.02216667 0.141
0 0.52091667 0.278875 0.10516667 0.07825
0 0.52141667 0.309 0.15216667 0.141
0 0.43033333 0.2705 0.095 0.077
0 0.39958333 0.30125 0.04016667 0.046
0 0.288 0.11025 0.05466667 0.0435
0 0.23333333 0.098 0.03933333 0.0525
0 0.36275 0.9225 0.09316667 0.0885
0 0.35383333 0.97175 0.04966667 0.0565
0 0.17991667 0.716 0.15116667 0.037
0 0.18716667 0.678125 0.07866667 0.00775
0 0.27391667 0.608875 0.1205 0.03075
0 0.42266667 0.583375 0.10866667 0.00775
0 0.87816667 0.123125 0.04866667 0.11275
0 0.71625 0.105125 0.0155 0.12075
0 0.72825 0.076875 0.0205 0.09225
0 0.6885 0.08075 0.00433333 0.095
0 0.70558333 0.24675 0.0385 0.1245
0 0.73633333 0.27625 0.03333333 0.1525
0 0.46791667 0.632125 0.11716667 0.00775
