0 0.51066667 0.56025 0.08966667 0.0665
0 0.20208333 0.4955 0.2555 0.078
0 0.16325 0.47175 0.2325 0.054
0 0.17391667 0.380125 0.1685 0.06525
0 0.07266667 0.413375 0.123 0.01925
0 0.1055 0.093 0.09833333 0.045
0 0.14658333 0.068625 0.10516667 0.03475
0 0.33758333 0.04625 0.04283333 0.018
0 0.40983333 0.032 0.07933333 0.0615
0 0.32816667 0.17625 0.13 0.104
0 0.21233333 0.236625 0.07433333 0.07825
0 0.3585 0.20575 0.04533333 0.0345
0 0.34275 0.226375 0.05116667 0.04225
0 0.34566667 0.25575 0.088 0.073
0 0.41533333 0.382 0.229 0.177
0 0.33466667 0.698625 0.06066667 0.04875
0 0.29875 0.735875 0.04016667 0.05625
0 0.57733333 0.123 0.19733333 0.041
0 0.23925 0.103125 0.0735 0.05775
0 0.22775 0.139125 0.05216667 0.05525
0 0.14791667 0.424375 0.07516667 0.02575
