0 0.28466667 0.803875 0.14866667 0.13325
0 0.54916667 0.816625 0.08966667 0.17425
0 0.68891667 0.937125 0.01883333 0.07175
0 0.74658333 0.9705 0.0145 0.059
0 0.768 0.958375 0.00766667 0.05775
0 0.85983333 0.7525 0.03233333 0.2205
0 0.81541667 0.73525 0.0325 0.2575
0 0.96283333 0.087875 0.05733333 0.12425
0 0.89483333 0.023125 0.01533333 0.04625
0 0.80641667 0.155875 0.03516667 0.10125
0 0.79708333 0.27625 0.01283333 0.0655
0 0.14616667 0.365375 0.09066667 0.02825
0 0.04483333 0.3775 0.08966667 0.0065
0 0.18116667 0.267875 0.36066667 0.06675
0 0.06408333 0.126875 0.12816667 0.05125
0 0.66275 0.626875 0.05383333 0.11525
0 0.63591667 0.482625 0.08216667 0.01925
0 0.69483333 0.67625 0.04266667 0.1065
0 0.41541667 0.298625 0.03583333 0.00775
