0 0.289 0.59125 0.04166667 0.205
0 0.27075 0.45475 0.0105 0.0705
0 0.36216667 0.5685 0.02833333 0.032
0 0.44383333 0.562625 0.09233333 0.06525
0 0.56858333 0.962 0.1235 0.0545
0 0.44608333 0.856125 0.06316667 0.06125
0 0.45808333 0.892125 0.06216667 0.06925
0 0.38083333 0.8875 0.096 0.012
0 0.83575 0.57125 0.02216667 0.3035
0 0.712 0.663 0.016 0.261
0 0.76391667 0.808875 0.0045 0.09175
0 0.90016667 0.79825 0.02133333 0.121
0 0.921 0.627125 0.08066667 0.01075
0 0.97358333 0.63125 0.05283333 0.024
0 0.7275 0.300875 0.095 0.01075
0 0.64541667 0.048625 0.04616667 0.09725
0 0.82783333 0.31225 0.04533333 0.0175
0 0.53083333 0.524 0.18633333 0.0305
0 0.57125 0.5725 0.1305 0.024
0 0.59875 0.60325 0.06116667 0.024
0 0.49666667 0.491375 0.04866667 0.05325
0 0.36841667 0.45675 0.13316667 0.0135
0 0.12383333 0.388875 0.20866667 0.14125
0 0.10033333 0.472 0.20066667 0.177
0 0.09808333 0.552 0.19616667 0.1425
0 0.14291667 0.69975 0.10483333 0.02
0 0.16333333 0.798875 0.048 0.00525
0 0.11941667 0.779 0.04883333 0.048
0 0.06833333 0.766375 0.064 0.01725
0 0.02266667 0.8035 0.04533333 0.012
0 0.11408333 0.827 0.16783333 0.
0 0.16775 0.888125 0.1705 0.01075
0 0.11358333 0.93675 0.16516667 0.068
0 0.982 0.8555 0.036 0.0705
0 0.93966667 0.719 0.06133333 0.149
