0 0.20325 0.292875 0.0745 0.09325
0 0.2455 0.246375 0.063 0.06375
0 0.09583333 0.051875 0.01066667 0.10375
0 0.1775 0.4395 0.09766667 0.1465
0 0.05416667 0.61575 0.10833333 0.1105
0 0.06883333 0.64575 0.13233333 0.205
0 0.063 0.721 0.11366667 0.108
0 0.20233333 0.52475 0.23433333 0.3675
0 0.281 0.4515 0.13233333 0.221
0 0.34975 0.35225 0.0675 0.0705
0 0.49708333 0.074625 0.0675 0.14925
0 0.38566667 0.91475 0.03466667 0.096
0 0.3715 0.96475 0.00633333 0.0705
0 0.33383333 0.966 0.032 0.068
0 0.2725 0.806875 0.06933333 0.04275
0 0.20866667 0.976 0.04433333 0.048
0 0.10341667 0.89675 0.06116667 0.1345
0 0.0315 0.965375 0.063 0.05325
0 0.02883333 0.8655 0.05766667 0.0505
0 9.13916667e-01 9.29375000e-01 8.33333333e-04 1.41250000e-01
0 0.9095 0.49275 0.04166667 0.1385
0 0.91616667 0.430125 0.032 0.10125
0 0.87041667 0.414125 0.03283333 0.19175
0 0.87 0.653125 0.03366667 0.11875
0 0.84825 0.273625 0.0275 0.08375
0 0.16066667 0.727125 0.05866667 0.07725
