0 0.6945 0.378875 0.08633333 0.03475
0 0.92308333 0.38525 0.15383333 0.0885
0 0.93416667 0.226375 0.089 0.10125
0 0.94233333 0.142875 0.11533333 0.13975
0 0.92358333 0.012875 0.09316667 0.02575
0 0.57091667 0.189125 0.02383333 0.10125
0 0.36283333 0.303875 0.064 0.09725
0 0.35208333 0.23725 0.05983333 0.0795
0 0.34658333 0.18975 0.05216667 0.069
0 0.4235 0.196875 0.035 0.15775
0 0.06666667 0.45125 0.08366667 0.4155
0 0.01025 0.684 0.0205 0.1525
0 0.03766667 0.799375 0.02733333 0.31425
0 0.11158333 0.591625 0.01616667 0.33475
0 0.68933333 0.752625 0.04366667 0.11275
0 0.63933333 0.801875 0.05633333 0.14475
0 0.709 0.875625 0.117 0.08225
0 0.79525 0.852625 0.2555 0.18975
0 0.92691667 0.549375 0.14616667 0.07325
0 0.54741667 0.9635 0.12216667 0.073
