0 0.75766667 0.747625 0.04 0.11325
0 0.73808333 0.62375 0.0435 0.1505
0 0.69733333 0.69575 0.047 0.1585
0 0.67375 0.703125 0.05683333 0.15975
0 0.58591667 0.929375 0.0285 0.11175
0 0.91966667 0.239 0.15433333 0.113
0 0.7705 0.333625 0.11 0.09725
0 0.44741667 0.248375 0.03716667 0.07575
0 0.39108333 0.33025 0.04883333 0.0905
0 0.42166667 0.115875 0.055 0.09325
0 0.39458333 0.455375 0.38783333 0.13325
0 0.32225 0.643875 0.04616667 0.00675
0 0.17658333 0.45675 0.1065 0.0265
0 0.15933333 0.498625 0.07733333 0.02275
0 0.25383333 0.313 0.12433333 0.205
0 0.23441667 0.400875 0.04083333 0.06925
