0 0.21025 0.114125 0.03083333 0.02825
0 0.16108333 0.067875 0.03683333 0.00775
0 0.18375 0.083375 0.03083333 0.04875
0 0.01791667 0.392375 0.0325 0.02575
0 0.094 0.952625 0.065 0.00525
0 0.0385 0.931375 0.077 0.05525
0 0.03891667 0.974375 0.07783333 0.02825
0 0.46025 0.894875 0.02983333 0.21025
0 0.55941667 0.518 0.1035 0.118
0 0.94066667 0.76025 0.07433333 0.0665
0 0.66966667 0.39875 0.006 0.0845
0 0.49825 0.20575 0.1795 0.063
0 0.39533333 0.16225 0.07266667 0.0525
0 0.55125 0.264125 0.06316667 0.00525
0 0.59141667 0.06475 0.1795 0.1065
0 0.95683333 0.167375 0.03666667 0.09625
