0 0.45775 0.157 0.14616667 0.145
0 0.565 0.022375 0.041 0.04475
0 0.58208333 0.055125 0.0565 0.07675
0 0.70941667 0.02375 0.11783333 0.027
0 0.04275 0.132 0.0855 0.0795
0 0.10091667 0.06275 0.05983333 0.1
0 0.097 0.230875 0.08633333 0.06925
0 0.01925 0.283375 0.0385 0.01275
0 0.12866667 0.789125 0.04533333 0.19875
0 0.07816667 0.9225 0.02133333 0.114
0 0.841 0.84675 0.03766667 0.132
0 0.72391667 0.6795 0.06316667 0.0515
0 0.55941667 0.555125 0.04516667 0.03575
0 0.39916667 0.494875 0.065 0.09475
0 0.5295 0.612875 0.071 0.06925
0 0.56241667 0.6725 0.0085 0.086
0 0.6295 0.08525 0.08466667 0.0065
0 0.60091667 0.12575 0.10083333 0.041
0 0.29316667 0.09875 0.05466667 0.018
0 0.34958333 0.525625 0.0495 0.02575
