0 0.99441667 0.2565 0.01116667 0.2025
0 0.91541667 0.08275 0.1265 0.15
0 0.86575 0.237875 0.08716667 0.15775
0 0.82991667 0.101875 0.0805 0.16025
0 0.75891667 0.240375 0.0205 0.09125
0 0.71366667 0.176875 0.01033333 0.09475
0 0.72733333 0.462125 0.06666667 0.16525
0 0.66066667 0.859 0.09566667 0.077
0 0.58633333 0.69225 0.05466667 0.082
0 0.49533333 0.49875 0.083 0.2205
0 0.31583333 0.849375 0.17533333 0.06275
0 0.2 0.91725 0.236 0.014
0 0.15983333 0.984 0.23766667 0.009
0 0.28375 0.5935 0.1095 0.082
0 0.12566667 0.219875 0.25133333 0.03225
0 0.056 0.26025 0.112 0.023
0 0.16458333 0.289125 0.17183333 0.01925
0 0.13841667 0.3725 0.11116667 0.027
0 0.02091667 0.390375 0.04183333 0.00125
0 0.55258333 0.322375 0.03683333 0.06275
