0 0.52216667 0.321125 0.08033333 0.12175
0 0.60683333 0.327 0.13333333 0.0205
0 0.68891667 0.3545 0.11116667 0.009
0 0.7205 0.311 0.089 0.009
0 0.55083333 0.383375 0.083 0.00525
0 0.5265 0.418625 0.09233333 0.00625
0 0.38891667 0.623 0.11116667 0.
0 0.16241667 0.534625 0.14183333 0.01025
0 0.20775 0.71025 0.04783333 0.1
0 0.50083333 0.88975 0.09066667 0.0335
0 0.2295 0.094875 0.023 0.04625
0 0.25858333 0.01725 0.0145 0.0345
0 0.14441667 0.133875 0.12816667 0.07825
0 0.09358333 0.21275 0.04883333 0.0385
0 0.56875 0.01475 0.04016667 0.0115
0 0.59958333 0.027625 0.08116667 0.03975
0 0.653 0.0205 0.06666667 0.028
0 0.61108333 0.04625 0.0325 0.0205
0 0.84408333 0.8565 0.06583333 0.0025
