0 0.49533333 0.239125 0.03 0.20625
0 0.41533333 0.259 0.03933333 0.195
0 0.4615 0.662875 0.08033333 0.29225
0 0.40941667 0.544125 0.0445 0.20125
0 0.41325 0.056375 0.00083333 0.11275
0 0.38766667 0.06475 0.006 0.1165
0 0.50341667 0.05 0.01716667 0.1
0 0.36583333 0.59875 0.08366667 0.159
0 0.26116667 0.216625 0.03333333 0.10525
0 0.24358333 0.1025 0.03083333 0.0975
0 0.27141667 0.141625 0.06416667 0.21675
0 0.22608333 0.01725 0.01116667 0.0345
0 0.18166667 0.026875 0.018 0.05375
0 0.71541667 0.81925 0.00516667 0.146
0 0.57475 0.809 0.05216667 0.287
0 0.05725 0.1065 0.01183333 0.2025
