0 0.494 0.356 0.11333333 0.058
0 0.41766667 0.1235 0.00866667 0.107
0 0.43233333 0.121 0.00733333 0.09
0 0.288 0.517 0.116 0.04
0 0.28066667 0.5335 0.12133333 0.037
0 0.03433333 0.558 0.06066667 0.03
0 0.05633333 0.674 0.11266667 0.108
0 0.092 0.2285 0.12266667 0.023
0 0.02266667 0.2525 0.04533333 0.037
0 0.278 0.0785 0.192 0.103
0 0.278 0.121 0.044 0.036
0 0.30466667 0.0525 0.15466667 0.097
0 0.50766667 0.2335 0.04333333 0.037
0 0.64266667 0.034 0.07333333 0.036
0 0.68533333 0.291 0.13866667 0.096
0 0.74066667 0.242 0.10533333 0.018
0 0.76633333 0.4235 0.04866667 0.089
0 0.66266667 0.3545 0.144 0.055
0 0.746 0.671 0.04533333 0.074
0 0.70566667 0.7495 0.04733333 0.087
0 0.34466667 0.4655 0.00133333 0.105
0 0.36866667 0.4005 0.012 0.187
0 0.131 0.5825 0.04333333 0.039
