0 0.57833333 0.17975 0.15533333 0.1465
0 0.54775 0.044 0.1065 0.0665
0 0.54283333 0.079875 0.04166667 0.03175
0 0.32491667 0.04 0.06216667 0.032
0 0.34533333 0.012 0.071 0.024
0 0.30758333 0.288375 0.08616667 0.07325
0 0.24633333 0.372125 0.07733333 0.14775
0 0.35333333 0.374125 0.04966667 0.05075
0 0.34483333 0.663875 0.189 0.08925
0 0.249 0.747 0.27966667 0.1225
0 0.26058333 0.838875 0.1305 0.06925
0 0.94183333 0.752375 0.08166667 0.29575
0 0.83225 0.450125 0.05416667 0.08525
0 0.87216667 0.200375 0.008 0.10525
0 0.95825 0.8195 0.0115 0.1105
0 0.11716667 0.28425 0.103 0.1185
0 0.18825 0.203 0.04616667 0.1585
0 0.30808333 0.38025 0.0355 0.044
0 0.217 0.518625 0.19266667 0.23825
0 0.55925 0.783 0.06583333 0.173
0 0.34258333 0.087125 0.02483333 0.04125
