0 0.51666667 0.862875 0.11533333 0.04525
0 0.57341667 0.884125 0.1545 0.07475
0 0.27658333 0.89475 0.3045 0.1545
0 0.17933333 0.86625 0.135 0.1105
0 0.3515 0.6045 0.151 0.008
0 0.54858333 0.589875 0.23083333 0.02125
0 0.63425 0.613125 0.35783333 0.03325
0 0.38483333 0.45875 0.253 0.012
0 0.198 0.44875 0.197 0.048
0 0.70975 0.267 0.1625 0.0785
0 0.75633333 0.328875 0.08866667 0.04775
0 0.56233333 0.065875 0.13233333 0.13175
0 0.467 0.70575 0.09233333 0.032
0 0.54858333 0.44075 0.04616667 0.0055
0 0.75008333 0.6445 0.04083333 0.0055
0 0.7985 0.6305 0.024 0.0145
0 0.91475 0.392875 0.03116667 0.02125
0 0.332 0.92875 0.06733333 0.0255
0 0.83933333 0.738375 0.04166667 0.04125
