0 0.1525 0.59625 0.07266667 0.041
0 0.15383333 0.6615 0.048 0.023
0 0.10425 0.6525 0.0375 0.0155
0 0.0295 0.409625 0.047 0.01675
0 0.02266667 0.3795 0.04533333 0.018
0 0.39833333 0.3865 0.029 0.004
0 0.5325 0.70575 0.05633333 0.0835
0 0.5645 0.590375 0.08966667 0.15775
0 0.72516667 0.268625 0.15133333 0.22675
0 0.75083333 0.234 0.07266667 0.063
0 0.694 0.160875 0.05466667 0.10625
0 0.71708333 0.137875 0.0445 0.00125
0 0.88766667 0.119875 0.03333333 0.01425
0 0.91241667 0.205125 0.08116667 0.05875
0 0.9765 0.016625 0.047 0.02575
0 0.712 0.339125 0.212 0.33225
0 0.80808333 0.091625 0.17516667 0.04475
0 0.529 0.58975 0.08033333 0.1255
0 0.32858333 0.58725 0.0555 0.023
0 0.34533333 0.633875 0.04266667 0.02175
0 0.36966667 0.676875 0.17533333 0.03325
0 0.28975 0.7135 0.02383333 0.0165
0 0.39616667 0.842875 0.03166667 0.04225
0 0.46075 0.815375 0.04616667 0.06175
0 0.47141667 0.717875 0.02816667 0.04875
0 0.4675 0.693625 0.024 0.04375
0 0.93291667 0.760875 0.09483333 0.06775
