0 0.42225 0.591 0.16416667 0.146
0 0.24441667 0.5 0.03416667 0.082
0 0.28675 0.41225 0.12383333 0.0935
0 0.10941667 0.52375 0.08216667 0.1655
0 0.09233333 0.6725 0.053 0.1115
0 0.02608333 0.896125 0.05216667 0.13075
0 0.447 0.757 0.082 0.027
0 0.29275 0.682125 0.11883333 0.03075
0 0.51491667 0.29875 0.1495 0.195
0 0.47783333 0.206375 0.06833333 0.09225
0 0.32516667 0.02125 0.112 0.0115
0 0.28716667 0.04675 0.048 0.0065
0 0.78758333 0.953875 0.01283333 0.09225
0 0.94658333 0.03275 0.00416667 0.0655
