0 0.54708333 0.175625 0.0205 0.10775
0 0.41408333 0.084625 0.03516667 0.04375
0 0.44825 0.573125 0.1035 0.05375
0 0.61325 0.5 0.02483333 0.3205
0 0.58416667 0.218625 0.023 0.19625
0 0.59958333 0.133375 0.05716667 0.13075
0 0.62475 0.08975 0.05983333 0.113
0 0.72008333 0.281375 0.06083333 0.11675
0 0.72566667 0.2365 0.041 0.0525
0 0.768 0.3115 0.059 0.1
0 0.8295 0.709 0.25566667 0.3435
0 0.86875 0.91475 0.0675 0.1115
0 0.67483333 0.618625 0.06233333 0.07825
0 0.65425 0.550625 0.02983333 0.03475
0 0.72991667 0.73775 0.18616667 0.2525
0 0.7735 0.9455 0.07 0.109
0 0.69358333 0.342375 0.06083333 0.13325
0 0.88425 0.671125 0.1615 0.29625
0 0.87858333 0.551375 0.15216667 0.29225
0 0.844 0.451875 0.04366667 0.10375
0 0.7615 0.4455 0.06333333 0.0885
