0 0.085 0.283875 0.16833333 0.09875
0 0.36366667 0.141625 0.22466667 0.16275
0 0.603 0.302625 0.27266667 0.16675
0 0.66758333 0.30075 0.10083333 0.0705
0 0.68925 0.42625 0.18716667 0.1065
0 0.92433333 0.09625 0.15133333 0.141
0 0.93033333 0.755125 0.04533333 0.20275
0 0.988 0.509 0.024 0.059
0 0.57866667 0.406375 0.13333333 0.07425
0 0.42225 0.883875 0.2205 0.02175
0 0.13116667 0.899375 0.26233333 0.04725
0 0.6 0.918 0.10933333 0.018
0 0.29016667 0.146875 0.14966667 0.11925
0 0.941 0.927625 0.118 0.00125
0 0.02308333 0.45575 0.04616667 0.068
