0 0.395 0.197 0.10466667 0.04
0 0.68125 0.0985 0.0275 0.173
0 0.88725 0.107125 0.03816667 0.08925
0 0.93075 0.085125 0.03983333 0.10125
0 0.97666667 0.281 0.04666667 0.0105
0 0.97516667 0.3575 0.047 0.0015
0 0.73633333 0.713 0.063 0.052
0 0.80383333 0.842875 0.02033333 0.16775
0 0.82866667 0.95075 0.04 0.0985
0 0.838 0.820125 0.062 0.19975
0 0.88016667 0.788875 0.06466667 0.39025
0 0.85575 0.783625 0.0605 0.27275
0 0.82025 0.58925 0.04983333 0.108
0 0.75016667 0.60375 0.071 0.1425
0 0.68 0.613875 0.03733333 0.07175
0 0.684 0.44875 0.00633333 0.157
0 0.70433333 0.43075 0.01333333 0.1345
0 0.656 0.462125 0.01233333 0.13575
0 0.62666667 0.486625 0.02133333 0.03325
0 0.48116667 0.8115 0.039 0.1745
0 0.39058333 0.64975 0.0125 0.1305
0 0.38125 0.8255 0.00983333 0.064
0 0.31783333 0.843625 0.01766667 0.06525
0 0.29075 0.842125 0.0505 0.13975
0 0.25658333 0.860125 0.03016667 0.08525
0 0.2685 0.76625 0.04 0.0545
0 0.024 0.749 0.048 0.0465
0 0.07008333 0.89075 0.07816667 0.0345
0 0.03108333 0.564 0.06216667 0.036
0 0.02133333 0.50725 0.04266667 0.032
0 0.03508333 0.6265 0.07016667 0.044
0 0.05283333 0.169125 0.10566667 0.07175
0 0.08741667 0.28225 0.08083333 0.0265
0 0.17216667 0.222375 0.10833333 0.00275
0 0.486 0.27825 0.09133333 0.024
0 0.42433333 0.338875 0.032 0.03875
0 0.3245 0.420125 0.047 0.03575
0 0.03416667 0.06725 0.06833333 0.0625
0 0.88466667 0.98 0.01333333 0.04
0 0.77358333 0.866125 0.01683333 0.10525
0 0.22766667 0.356875 0.031 0.04275
0 0.77008333 0.202375 0.0825 0.00525
