0 0.75766667 0.025625 0.04366667 0.05125
0 0.7355 0.14175 0.047 0.0525
0 0.18333333 0.57825 0.28633333 0.082
0 0.26925 0.519875 0.11116667 0.02925
0 0.22483333 0.61025 0.10433333 0.0205
0 0.165 0.662125 0.118 0.01675
0 0.20941667 0.7955 0.03083333 0.045
0 0.25558333 0.8655 0.1265 0.1795
0 0.12525 0.33275 0.19916667 0.2525
0 0.16108333 0.23075 0.08283333 0.1
0 0.09275 0.28725 0.1855 0.236
0 0.08333333 0.24875 0.16666667 0.2025
0 0.07225 0.208875 0.1445 0.17175
0 0.09741667 0.11275 0.09583333 0.036
0 0.04233333 0.06275 0.07433333 0.0435
0 0.47908333 0.891625 0.11883333 0.21675
0 0.32175 0.58075 0.10516667 0.0975
0 0.42266667 0.54625 0.141 0.118
