0 0.70133333 0.225 0.059 0.0065
0 0.83591667 0.212125 0.07183333 0.25775
0 0.83508333 0.518 0.0735 0.023
0 0.86541667 0.601375 0.0435 0.01025
0 0.91666667 0.624375 0.06566667 0.00775
0 0.7675 0.90125 0.32466667 0.0975
0 0.39358333 0.543625 0.0505 0.06925
0 0.29958333 0.47825 0.1255 0.177
0 0.17691667 0.331375 0.07183333 0.11925
0 0.35466667 0.45775 0.18633333 0.205
0 0.27175 0.314125 0.3795 0.47675
0 0.40083333 0.142375 0.21366667 0.03075
0 0.63158333 0.1795 0.26316667 0.0025
0 0.69958333 0.133375 0.0675 0.01025
0 0.56158333 0.21225 0.05816667 0.0065
0 0.45725 0.20775 0.08383333 0.0155
0 0.58883333 0.377625 0.065 0.06025
0 0.55175 0.386625 0.0795 0.08075
0 0.96025 0.675625 0.0795 0.00275
0 0.97775 0.406375 0.0445 0.00525
0 0.95216667 0.286 0.09566667 0.0615
0 0.95341667 0.174375 0.09316667 0.01025
