0 0.97183333 0.21725 0.05633333 0.0065
0 0.91583333 0.089125 0.15633333 0.17825
0 0.58458333 0.184625 0.07183333 0.02825
0 0.4205 0.084625 0.03933333 0.03825
0 0.1115 0.66475 0.09666667 0.0655
0 0.11191667 0.5795 0.1265 0.087
0 0.23591667 0.533875 0.07016667 0.03975
0 0.57608333 0.572375 0.04616667 0.07575
0 0.77691667 0.469875 0.1625 0.00375
0 0.87566667 0.424375 0.1 0.03825
0 0.84408333 0.38525 0.1325 0.032
0 0.96325 0.46725 0.0735 0.0705
0 0.93208333 0.5045 0.13416667 0.068
0 0.85683333 0.33075 0.09133333 0.0155
0 0.91491667 0.247375 0.17016667 0.01025
