0 0.43933333 0.265375 0.20166667 0.24375
0 0.71283333 0.025625 0.05466667 0.05125
0 0.78291667 0.024375 0.03583333 0.04625
0 0.91966667 0.241625 0.111 0.07575
0 0.90175 0.198625 0.0495 0.03075
0 0.98033333 0.25325 0.02733333 0.045
0 0.80983333 0.705125 0.064 0.11525
0 0.765 0.777 0.09233333 0.2435
0 0.80725 0.937875 0.02483333 0.06525
0 0.73208333 0.8545 0.12216667 0.291
0 0.70466667 0.885875 0.076 0.22825
0 0.39275 0.9025 0.05216667 0.0025
0 0.34833333 0.957125 0.08466667 0.01925
0 0.044 0.718625 0.07433333 0.06275
0 0.03675 0.625 0.0735 0.05
0 0.64741667 0.6065 0.1445 0.0205
0 0.61491667 0.5365 0.15816667 0.009
0 0.44525 0.5545 0.12483333 0.0115
0 0.79141667 0.526875 0.0445 0.15125
0 0.05808333 0.406375 0.11616667 0.03075
0 0.0325 0.375625 0.065 0.00275
