0 0.41158333 0.6135 0.17183333 0.1065
0 0.22391667 0.446125 0.11116667 0.08975
0 0.10733333 0.9545 0.12733333 0.0755
0 0.47608333 0.573125 0.12983333 0.09225
0 0.56458333 0.448 0.00083333 0.0935
0 0.54958333 0.393625 0.03416667 0.04875
0 0.5885 0.6955 0.10333333 0.078
0 0.74058333 0.082125 0.15483333 0.01275
0 0.44616667 0.041625 0.06333333 0.08325
0 0.41191667 0.16725 0.16416667 0.027
0 0.294 0.212125 0.19133333 0.04225
0 0.13933333 0.323125 0.20333333 0.06425
0 0.16158333 0.336625 0.14016667 0.03725
0 0.18933333 0.06025 0.112 0.0925
0 0.15941667 0.075 0.07783333 0.063
0 0.09058333 0.073625 0.05483333 0.05775
0 0.438 0.377 0.16333333 0.0385
0 0.488 0.42825 0.05633333 0.036
0 0.30941667 0.792375 0.0735 0.06675
