0 0.42033333 0.258375 0.06833333 0.13325
0 0.29608333 0.712375 0.11283333 0.01325
0 0.115 0.775625 0.15 0.00125
0 0.45008333 0.443375 0.01783333 0.14925
0 0.84683333 0.502 0.09233333 0.0985
0 0.97358333 0.444 0.05283333 0.0625
0 0.80558333 0.408125 0.03116667 0.08925
0 0.51441667 0.80225 0.1235 0.0095
0 0.53175 0.8755 0.03383333 0.1105
0 0.08791667 0.675875 0.12783333 0.04125
0 0.2805 0.62925 0.10833333 0.012
0 0.2015 0.101875 0.08166667 0.05725
0 0.52058333 0.03525 0.00616667 0.0705
0 0.55083333 0.534625 0.06666667 0.06275
0 0.593 0.64975 0.02133333 0.0665
0 0.53258333 0.307625 0.0035 0.05575
0 0.1105 0.629125 0.221 0.04675
0 0.57175 0.9035 0.02483333 0.036
0 0.53308333 0.96875 0.01683333 0.036
0 0.4585 0.952625 0.008 0.07325
