0 0.394 0.713375 0.00166667 0.10125
0 0.31408333 0.71025 0.02483333 0.3745
0 0.29358333 0.219875 0.04516667 0.21925
0 0.32775 0.398125 0.02983333 0.07575
0 0.8645 0.63275 0.08966667 0.055
0 0.81841667 0.65575 0.0795 0.063
0 0.81025 0.691625 0.08716667 0.07575
0 0.90208333 0.859 0.05216667 0.282
0 0.65216667 0.753875 0.02566667 0.24625
0 0.43166667 0.53275 0.02566667 0.1345
0 0.3765 0.84675 0.00433333 0.2065
0 0.39866667 0.85325 0.00433333 0.104
0 0.41883333 0.821125 0. 0.07825
0 0.70083333 0.8385 0.01533333 0.218
0 0.72175 0.89875 0.0265 0.2025
0 0.823 0.975 0.01366667 0.05
