0 0.39058333 0.57375 0.09583333 0.304
0 0.07991667 0.51225 0.10516667 0.127
0 0.52308333 0.963375 0.07183333 0.03975
0 0.57483333 0.56675 0.141 0.159
0 0.61025 0.559 0.08716667 0.0745
0 0.62441667 0.521875 0.17183333 0.06675
0 0.75858333 0.566 0.0505 0.0115
0 0.3765 0.1955 0.182 0.063
0 0.756 0.917875 0.00933333 0.04875
0 0.31708333 0.86675 0.04616667 0.0975
0 0.26408333 0.77625 0.01716667 0.091
0 0.20041667 0.7295 0.06916667 0.0025
0 0.21625 0.0525 0.0375 0.064
0 0.21625 0.093625 0.01716667 0.04375
