0 0.84441667 0.79225 0.04283333 0.105
0 0.76108333 0.584 0.07616667 0.1065
0 0.78208333 0.552 0.04283333 0.0295
0 0.61758333 0.582 0.02816667 0.159
0 0.62825 0.52825 0.03083333 0.164
0 0.55041667 0.250625 0.05116667 0.13725
0 0.5265 0.062125 0.02733333 0.12175
0 0.44316667 0.048 0.05033333 0.0885
0 0.45558333 0.148125 0.15383333 0.29625
0 0.41416667 0.185875 0.07433333 0.11525
0 0.35341667 0.159625 0.12916667 0.24225
0 0.42308333 0.35775 0.18983333 0.1
0 0.22691667 0.249375 0.19916667 0.02425
0 0.06625 0.1405 0.11016667 0.1705
0 0.05 0.20575 0.1 0.0575
0 0.01666667 0.305125 0.03333333 0.02575
0 0.1115 0.45 0.04533333 0.072
0 0.4645 0.799375 0.07433333 0.11175
0 0.66325 0.8135 0.0275 0.1115
0 0.67866667 0.725625 0.029 0.04375
0 0.66408333 0.685875 0.00516667 0.06675
0 0.94358333 0.782 0.07016667 0.095
0 0.94825 0.88075 0.05216667 0.082
0 0.93508333 0.965375 0.03416667 0.05875
0 0.52475 0.856375 0.03583333 0.03075
0 0.51841667 0.90125 0.0265 0.0565
0 0.49533333 0.97625 0.03166667 0.0475
0 0.36666667 0.677625 0.03433333 0.05525
0 0.35941667 0.573125 0.10683333 0.12575
0 0.53975 0.6205 0.0505 0.0335
0 0.37091667 0.833375 0.1145 0.14875
0 0.30775 0.7345 0.04783333 0.1
0 0.2295 0.56725 0.259 0.4065
0 0.24275 0.4 0.16916667 0.1
0 0.11541667 0.333375 0.06316667 0.02575
0 0.02566667 0.35575 0.05133333 0.0295
0 0.10466667 0.868 0.14266667 0.1155
