0 0.7115 0.568625 0.07266667 0.01675
0 0.73591667 0.382125 0.05816667 0.03075
0 0.841 0.42175 0.07 0.023
0 0.96666667 0.568625 0.06666667 0.00125
0 0.55983333 0.3295 0.07533333 0.0205
0 0.54191667 0.398625 0.1145 0.05125
0 0.61416667 0.36475 0.047 0.009
0 0.73033333 0.62375 0.042 0.0115
0 0.67133333 0.793 0.23166667 0.186
0 0.48675 0.943625 0.0555 0.11275
0 0.359 0.758875 0.036 0.31025
0 0.39525 0.728125 0.01283333 0.10775
0 0.39233333 0.9615 0.00333333 0.0745
0 0.73033333 0.905125 0.047 0.10275
0 0.76966667 0.926875 0.08633333 0.14625
0 0.603 0.676875 0.129 0.12575
