0 0.50333333 0.245625 0.06033333 0.08125
0 0.44208333 0.222375 0.05316667 0.05875
0 0.494 0.3655 0.14633333 0.209
0 0.4745 0.386125 0.086 0.10375
0 0.54775 0.489375 0.07283333 0.16375
0 0.59791667 0.45075 0.04883333 0.084
0 0.6645 0.53125 0.10033333 0.205
0 0.67825 0.809625 0.19883333 0.34875
0 0.74258333 0.775 0.1235 0.221
0 0.94233333 0.595875 0.095 0.10275
0 0.35641667 0.91475 0.0525 0.0345
0 0.221 0.43275 0.05333333 0.008
0 0.16025 0.329 0.04516667 0.016
0 0.14775 0.265625 0.0595 0.00925
0 0.05366667 0.37025 0.10733333 0.032
0 0.79716667 0.05925 0.05666667 0.036
0 0.82691667 0.020625 0.0595 0.04125
0 0.01591667 0.085875 0.03016667 0.17175
0 0.64091667 0.615125 0.07116667 0.21825
