0 0.19133333 0.218375 0.05233333 0.10675
0 0.336 0.941375 0.01333333 0.11725
0 0.37416667 0.93875 0.00266667 0.069
0 0.28675 0.974 0.00716667 0.052
0 0.411 0.675125 0.09066667 0.00275
0 0.51841667 0.6185 0.0995 0.0095
0 0.62183333 0.595125 0.22633333 0.02925
0 0.7035 0.727 0.13566667 0.0055
0 0.98116667 0.830875 0.03766667 0.08775
0 0.56325 0.41475 0.09683333 0.0625
0 0.63825 0.359625 0.07983333 0.03725
0 0.5655 0.36225 0.05866667 0.024
0 0.41541667 0.41275 0.14916667 0.0025
0 0.40966667 0.493375 0.07 0.04925
0 0.47491667 0.469375 0.09216667 0.00925
0 0.32141667 0.428125 0.0355 0.01475
0 0.66183333 0.40475 0.111 0.024
0 0.65558333 0.38025 0.04883333 0.036
0 0.77583333 0.277625 0.048 0.07575
0 0.85625 0.044625 0.02216667 0.05175
0 0.83708333 0.012 0.04083333 0.024
0 0.66933333 0.02525 0.01433333 0.0505
0 0.96491667 0.25775 0.04616667 0.02
0 0.21341667 0.830875 0.0435 0.01875
