0 0.62675 0.056625 0.1865 0.10775
0 0.73858333 0.024625 0.07983333 0.04925
0 0.46558333 0.08125 0.0985 0.056
0 0.30841667 0.324875 0.0595 0.05075
0 0.099 0.23175 0.095 0.016
0 0.02883333 0.212375 0.05766667 0.03075
0 0.64225 0.582625 0.02383333 0.10525
0 0.70041667 0.56925 0.05516667 0.1265
0 0.73766667 0.601125 0.05866667 0.16375
0 0.70708333 0.260875 0.07016667 0.05325
0 0.83616667 0.211 0.14733333 0.06
0 0.71283333 0.213 0.05133333 0.048
0 0.73941667 0.199125 0.0745 0.07325
0 0.88683333 0.01 0.03366667 0.02
0 0.44333333 0.580625 0.008 0.10925
0 0.31908333 0.58325 0.00983333 0.0665
