0 0.61291667 0.772375 0.0985 0.02925
0 0.75233333 0.759625 0.15366667 0.05975
0 0.74475 0.925375 0.08516667 0.12775
0 0.74125 0.874125 0.05516667 0.07575
0 0.51483333 0.280375 0.11533333 0.08125
0 0.3245 0.463375 0.08966667 0.22625
0 0.13666667 0.10325 0.07633333 0.2065
0 0.15491667 0.07125 0.0525 0.1425
0 0.1855 0.062625 0.04966667 0.12525
0 0.34708333 0.962 0.02483333 0.076
0 0.97425 0.330875 0.01683333 0.05725
0 0.98866667 0.240375 0.02266667 0.06275
0 0.93808333 0.4035 0.12383333 0.0265
0 0.50683333 0.8835 0.12066667 0.2225
0 0.28141667 0.453375 0.03916667 0.15575
0 0.24633333 0.366125 0.05066667 0.06925
