0 0.59616667 0.722375 0.047 0.23725
0 0.56025 0.59225 0.04183333 0.0615
0 0.16925 0.266625 0.05116667 0.10525
0 0.11241667 0.371125 0.02983333 0.05775
0 0.11625 0.325 0.0325 0.1015
0 0.147 0.24675 0.05466667 0.104
0 0.75208333 0.83325 0.0325 0.159
0 0.72433333 0.826875 0.047 0.21525
0 0.74783333 0.6115 0.147 0.
0 0.9 0.619875 0.089 0.01925
0 0.25816667 0.66475 0.14866667 0.032
0 0.344 0.6225 0.06933333 0.014
0 0.04833333 0.50325 0.023 0.086
0 0.02866667 0.901875 0.05733333 0.10125
0 0.053 0.912125 0.03233333 0.06275
0 0.04191667 0.85125 0.07016667 0.0795
