0 0.2095 0.354875 0.103 0.15575
0 0.26858333 0.4515 0.0985 0.1225
0 0.21083333 0.58 0.015 0.1025
0 0.18816667 0.60925 0.016 0.052
0 0.14958333 0.510625 0.00616667 0.12125
0 0.11233333 0.471375 0.04533333 0.05075
0 0.09366667 0.541875 0.017 0.07725
0 0.09183333 0.608625 0.01866667 0.08525
0 0.0475 0.5945 0.05066667 0.153
0 0.94166667 0.286375 0.11666667 0.02925
0 0.93716667 0.189125 0.12566667 0.04525
0 0.8695 0.30225 0.07733333 0.
0 0.80158333 0.28225 0.12416667 0.
0 0.51616667 0.51925 0.095 0.1545
