0 0.89416667 0.346125 0.21166667 0.00525
0 0.96425 0.209125 0.0715 0.01075
0 0.8185 0.269625 0.14566667 0.00925
0 0.77325 0.469375 0.18283333 0.04925
0 0.84866667 0.50125 0.18633333 0.02
0 0.94741667 0.522625 0.10516667 0.00925
0 0.75983333 0.3775 0.06566667 0.0095
0 0.64441667 0.4035 0.11183333 0.0265
0 0.51925 0.528 0.09583333 0.1025
0 0.64716667 0.6225 0.03366667 0.0495
0 0.62316667 0.643125 0.048 0.08275
0 0.70525 0.674375 0.06483333 0.00675
0 0.57791667 0.83825 0.03016667 0.1
0 0.54016667 0.77825 0.06133333 0.052
0 0.344 0.539375 0.086 0.05325
0 0.20025 0.954 0.03283333 0.084
0 0.14558333 0.841625 0.0425 0.10925
0 0.395 0.785625 0.213 0.04275
0 0.52283333 0.8595 0.07633333 0.1265
0 0.51975 0.68375 0.0685 0.052
0 0.97533333 0.038625 0.04933333 0.06675
