0 0.21708333 0.419875 0.18116667 0.01425
0 0.17691667 0.37625 0.08716667 0.027
0 0.15133333 0.11025 0.05133333 0.0075
0 0.15516667 0.0475 0.05733333 0.0025
0 0.13416667 0.5045 0.26833333 0.0165
0 0.08033333 0.95125 0.16066667 0.0975
0 0.76666667 0.22125 0.00333333 0.068
0 0.606 0.187875 0.03066667 0.05525
0 0.55125 0.084 0.0735 0.004
0 0.53675 0.022375 0.09216667 0.04475
0 0.609 0.018 0.05566667 0.036
0 0.02908333 0.39875 0.05816667 0.013
0 0.415 0.80125 0.088 0.0335
0 0.43208333 0.828875 0.0915 0.01425
0 0.28208333 0.12625 0.07683333 0.0475
0 0.34275 0.107125 0.07683333 0.00375
0 0.12825 0.599375 0.21716667 0.04475
0 0.10641667 0.910875 0.0315 0.04725
0 0.02775 0.958875 0.0555 0.02825
