0 0.47816667 0.80375 0.08966667 0.159
0 0.40166667 0.613375 0.07866667 0.01925
0 0.662 0.92125 0.03166667 0.109
0 0.67266667 0.803125 0.111 0.05775
0 0.7825 0.858375 0.13933333 0.07575
0 0.8085 0.7225 0.14866667 0.132
0 0.89183333 0.707 0.07266667 0.0885
0 0.84875 0.627 0.06316667 0.0615
0 0.95041667 0.6705 0.08883333 0.0385
0 0.94741667 0.784 0.10516667 0.0345
0 0.92475 0.860875 0.1505 0.03975
0 0.81283333 0.960875 0.11966667 0.06775
0 0.66491667 0.323125 0.03416667 0.29475
0 0.512 0.37625 0.04966667 0.1165
0 0.49408333 0.171125 0.0205 0.13475
0 0.51491667 0.151875 0.02983333 0.12425
0 0.2675 0.16925 0.142 0.0385
0 0.29958333 0.033375 0.10516667 0.00775
0 0.12566667 0.251875 0.171 0.01925
0 0.12391667 0.21675 0.17783333 0.041
0 0.0945 0.1705 0.10166667 0.013
0 0.63375 0.832 0.09483333 0.041
0 0.956 0.98275 0.083 0.0295
0 0.90258333 0.30825 0.03583333 0.109
0 0.94658333 0.311625 0.05383333 0.00775
0 0.9175 0.201875 0.064 0.00375
0 0.847 0.408875 0.03766667 0.08975
0 0.33925 0.164 0.08716667 0.041
0 0.28208333 0.216625 0.0855 0.01525
0 0.57816667 0.248625 0.03333333 0.06925
0 0.33591667 0.4095 0.07683333 0.15
0 0.38375 0.391 0.07016667 0.0335
0 0.32825 0.259625 0.0495 0.00375
0 0.41366667 0.297375 0.05133333 0.01275
0 0.26241667 0.33075 0.0495 0.1025
0 0.23466667 0.49675 0.04866667 0.1065
0 0.25508333 0.54425 0.04016667 0.073
0 0.2235 0.676875 0.15466667 0.00525
0 0.25941667 0.725 0.1085 0.019
