0 0.4 0.7775 0.048 0.0655
0 0.40941667 0.691 0.0685 0.054
0 0.22308333 0.79225 0.17783333 0.023
0 0.35516667 0.85325 0.059 0.0295
0 0.13891667 0.29225 0.0095 0.1615
0 0.07391667 0.077625 0.01283333 0.15525
0 0.05 0.251875 0.00433333 0.08325
0 0.17225 0.3615 0.05216667 0.046
0 0.20258333 0.059 0.0155 0.118
0 0.84958333 0.6205 0.19316667 0.041
0 0.729 0.905125 0.02566667 0.04875
0 0.74958333 0.8795 0.03583333 0.0255
0 0.66108333 0.941 0.02483333 0.118
0 0.62775 0.90775 0.02983333 0.1845
0 0.62566667 0.69225 0.053 0.2025
0 0.25766667 0.946875 0.14966667 0.03975
0 0.17433333 0.92625 0.18966667 0.045
0 0.08116667 0.91025 0.16233333 0.046
0 0.07266667 0.859625 0.14533333 0.03725
0 0.1 0.78525 0.10933333 0.05
0 0.39875 0.25825 0.11716667 0.032
0 0.57216667 0.20575 0.112 0.014
0 0.89916667 0.70825 0.04433333 0.0295
0 0.92816667 0.816625 0.06833333 0.06425
0 0.58416667 0.15825 0.071 0.0475
0 0.53075 0.1525 0.0615 0.023
