0 0.29233333 0.132125 0.22733333 0.24875
0 0.27558333 0.159625 0.0385 0.05275
0 0.265 0.190375 0.082 0.07825
0 0.09916667 0.1655 0.188 0.0205
0 0.09141667 0.128875 0.0495 0.00125
0 0.11966667 0.096125 0.07 0.00275
0 0.16366667 0.273125 0.32233333 0.00525
0 0.432 0.5885 0.27266667 0.195
0 0.34483333 0.557 0.14266667 0.073
0 0.88716667 0.27825 0.09066667 0.1155
0 0.95391667 0.176375 0.08716667 0.13975
0 0.27308333 0.693 0.21283333 0.1475
0 0.27175 0.725625 0.35216667 0.22575
0 0.271 0.350625 0.06666667 0.11175
0 0.456 0.219875 0.12233333 0.01175
0 0.43041667 0.13725 0.21283333 0.018
0 0.28416667 0.037125 0.124 0.07425
0 0.12258333 0.508375 0.14616667 0.01925
0 0.36066667 0.86475 0.053 0.037
