0 0.38591667 0.782 0.14783333 0.1255
0 0.33425 0.76925 0.08716667 0.087
0 0.32483333 0.784625 0.09066667 0.10275
0 0.30983333 0.87175 0.10866667 0.0745
0 0.39875 0.9635 0.1085 0.0655
0 0.53975 0.7275 0.13916667 0.068
0 0.52608333 0.640375 0.22316667 0.13475
0 0.60175 0.566 0.07516667 0.0475
0 0.44741667 0.627625 0.12916667 0.05525
0 0.53758333 0.58775 0.05116667 0.0065
0 0.39491667 0.718625 0.0855 0.03475
0 0.08633333 0.592375 0.16933333 0.03325
0 0.07733333 0.307125 0.064 0.29625
0 0.0415 0.486625 0.03333333 0.03975
0 0.03975 0.686 0.0795 0.059
0 0.07991667 0.731375 0.11383333 0.08325
0 0.09016667 0.043625 0.158 0.05125
