0 0.05175 0.480125 0.01616667 0.36775
0 0.06108333 0.13275 0.0145 0.209
0 0.165 0.28525 0.02733333 0.263
0 0.17433333 0.09625 0.012 0.1205
0 0.19916667 0.060875 0.024 0.11675
0 0.07475 0.828875 0.01116667 0.33725
0 0.109 0.609625 0.035 0.21175
0 0.85208333 0.474375 0.11283333 0.06175
0 0.77091667 0.364125 0.1625 0.10275
0 0.75558333 0.25575 0.04616667 0.063
0 0.59441667 0.084 0.2965 0.014
0 0.81283333 0.03975 0.37433333 0.013
0 0.90216667 0.007625 0.129 0.01275
0 0.89741667 0.241 0.20516667 0.218
0 0.94916667 0.437875 0.10166667 0.07575
0 0.73075 0.739125 0.16583333 0.11425
0 0.55641667 0.603875 0.07683333 0.07675
