0 0.33383333 0.506 0.17933333 0.141
0 0.29383333 0.446 0.15266667 0.1145
0 0.49891667 0.3155 0.2165 0.1785
0 0.53575 0.233 0.10916667 0.109
0 0.13091667 0.042625 0.26183333 0.06925
0 0.26941667 0.04125 0.10916667 0.04
0 0.18508333 0.91875 0.0895 0.1625
0 0.22366667 0.923375 0.048 0.10525
0 0.19925 0.8415 0.0275 0.0345
0 0.29691667 0.633875 0.06483333 0.01075
0 0.17225 0.68375 0.33383333 0.068
0 0.063 0.685125 0.06566667 0.03075
0 0.01816667 0.672375 0.03633333 0.00525
0 0.12691667 0.6245 0.06916667 0.016
0 0.11183333 0.706375 0.07466667 0.00675
0 0.91033333 0.465375 0.024 0.09725
0 0.76958333 0.259 0.04083333 0.0945
